# k, P(k), Nmodes
0.000000000000000000e+00 0.000000000000000000e+00 1.000000000000000000e+00
8.691056022563805813e-03 8.242284118696898076e+03 2.600000000000000000e+01
1.503254434404273886e-02 9.624094429120048517e+03 7.200000000000000000e+01
2.104537904654678673e-02 9.393391237021256529e+03 1.520000000000000000e+02
2.718418752217394846e-02 8.431303676150017054e+03 2.340000000000000000e+02
3.359305548768203725e-02 7.242515182942730462e+03 4.160000000000000000e+02
3.967812110980351720e-02 6.167975868614153114e+03 4.800000000000000000e+02
4.573133090443888549e-02 5.336052361621486853e+03 7.220000000000000000e+02
5.186912300623527233e-02 4.831805666133328486e+03 8.740000000000000000e+02
5.807971256735403043e-02 4.527198229965555583e+03 1.162000000000000000e+03
6.422094742881356844e-02 4.124599276868111701e+03 1.358000000000000000e+03
7.029194303550849454e-02 3.886432002168386589e+03 1.632000000000000000e+03
7.656976085866129544e-02 3.537829322399409193e+03 2.036000000000000000e+03
8.283279975513359317e-02 3.150366001295719343e+03 2.310000000000000000e+03
8.886264192081894109e-02 2.772073508347071311e+03 2.528000000000000000e+03
9.493524398572131262e-02 2.435183534081949347e+03 3.068000000000000000e+03
1.010510809291368245e-01 2.225155668005700591e+03 3.306000000000000000e+03
1.071918355362574127e-01 2.012874839297953940e+03 3.934000000000000000e+03
1.133640700251744293e-01 1.901617502863957952e+03 4.266000000000000000e+03
1.195184611122857843e-01 1.809035583425204322e+03 4.794000000000000000e+03
1.256657517103361710e-01 1.752717466435591405e+03 5.270000000000000000e+03
1.317871926578333408e-01 1.684409708611531187e+03 5.754000000000000000e+03
1.378887696062481294e-01 1.551699968116130776e+03 6.344000000000000000e+03
1.440612672229828750e-01 1.455657589203379530e+03 7.014000000000000000e+03
1.501845201433902877e-01 1.321857413211842868e+03 7.364000000000000000e+03
1.563418093457785985e-01 1.210981894181105645e+03 8.402000000000000000e+03
1.625438955957596576e-01 1.124092019019510872e+03 8.738000000000000000e+03
1.686940235306336466e-01 1.069607478176911854e+03 9.670000000000000000e+03
1.747987378343396903e-01 1.009439964378993636e+03 9.880000000000000000e+03
1.809057159377772395e-01 9.575055111536464665e+02 1.113000000000000000e+04
1.870079494254630881e-01 9.351026352382349387e+02 1.140000000000000000e+04
1.931644028143169878e-01 9.118661527371178863e+02 1.272200000000000000e+04
1.993257601852206906e-01 8.571418821701423667e+02 1.317000000000000000e+04
2.054762598507901550e-01 8.125999828472154149e+02 1.418600000000000000e+04
2.116257382464896697e-01 7.693206577898135947e+02 1.495800000000000000e+04
2.177578654451892970e-01 7.269850578811618789e+02 1.580200000000000000e+04
2.238991135097555263e-01 6.749209347055644912e+02 1.674600000000000000e+04
2.300081978121491233e-01 6.569417119049521716e+02 1.753400000000000000e+04
2.361454707693454169e-01 6.278214872767197221e+02 1.869000000000000000e+04
2.422857100963227428e-01 5.979680237653534505e+02 1.958600000000000000e+04
2.484099584913142256e-01 5.882834246584276343e+02 2.052400000000000000e+04
2.545441957051269855e-01 5.672184554532736911e+02 2.165200000000000000e+04
2.606917133414053955e-01 5.457194273224944254e+02 2.276000000000000000e+04
2.668580198415695381e-01 5.212771990902317611e+02 2.389200000000000000e+04
2.730019564931540632e-01 5.035254571373581030e+02 2.485400000000000000e+04
2.791389873202678173e-01 4.850494686787124010e+02 2.604000000000000000e+04
2.852424996643880273e-01 4.670977215861772720e+02 2.680400000000000000e+04
2.913531997893986092e-01 4.465376859802882450e+02 2.850000000000000000e+04
2.975143171497069416e-01 4.279151761566741357e+02 2.956400000000000000e+04
3.036544665973567314e-01 4.165059228691316093e+02 3.083400000000000000e+04
3.097883787544665757e-01 4.052943433487753850e+02 3.189000000000000000e+04
3.159486680635095190e-01 3.910362649137498465e+02 3.376600000000000000e+04
3.221066234444813769e-01 3.824189484026695141e+02 3.446400000000000000e+04
3.282572612915165555e-01 3.667828589720967329e+02 3.622000000000000000e+04
3.343544383171894174e-01 3.569188208968752178e+02 3.667000000000000000e+04
3.404813620364756654e-01 3.441069197424289996e+02 3.911400000000000000e+04
3.466259536752008263e-01 3.362823067875531251e+02 3.989800000000000000e+04
3.527314914776840671e-01 3.230714208500206723e+02 4.126400000000000000e+04
3.588700951741782830e-01 3.150268541482267324e+02 4.332000000000000000e+04
3.650083489029407047e-01 3.052556132759926300e+02 4.418400000000000000e+04
3.711704037116136945e-01 3.017685540139951286e+02 4.654800000000000000e+04
3.773137312255384068e-01 2.927334955487836510e+02 4.719800000000000000e+04
3.834202365329835160e-01 2.813347861677303285e+02 4.880200000000000000e+04
3.895813105051545988e-01 2.747942517170329779e+02 5.141800000000000000e+04
3.957247046642990429e-01 2.702677188681928442e+02 5.158800000000000000e+04
4.018641006880244171e-01 2.626176981017918024e+02 5.464400000000000000e+04
4.079986652309439688e-01 2.574082715444837390e+02 5.484200000000000000e+04
4.141066506702003602e-01 2.463784721234186748e+02 5.733800000000000000e+04
4.202576909860619159e-01 2.432676963527349301e+02 5.921400000000000000e+04
4.264066946730206698e-01 2.358635011107168964e+02 6.064200000000000000e+04
4.325254831734640648e-01 2.264596152940185902e+02 6.220200000000000000e+04
4.386395650806790836e-01 2.250329175196377491e+02 6.399000000000000000e+04
4.447681454847935978e-01 2.188415742171519582e+02 6.596200000000000000e+04
4.509437495939586094e-01 2.147522571706976748e+02 6.893000000000000000e+04
4.571038061189046653e-01 2.090386479710847993e+02 6.921800000000000000e+04
4.632394462505528554e-01 2.058823951665488892e+02 7.208600000000000000e+04
4.693790757792539181e-01 2.026603638173588422e+02 7.321600000000000000e+04
4.755007986458400504e-01 1.967377364375607556e+02 7.536400000000000000e+04
4.816148015649592273e-01 1.924123003911601586e+02 7.714200000000000000e+04
4.877448110253904678e-01 1.884492466033650828e+02 7.932200000000000000e+04
4.938644425720450370e-01 1.848335066165579121e+02 8.112200000000000000e+04
4.999990772533337013e-01 1.791147367735931368e+02 8.374000000000000000e+04
5.061739783630568867e-01 1.767940529113660943e+02 8.622800000000000000e+04
5.123176238977423802e-01 1.712214941051593655e+02 8.724200000000000000e+04
5.184419198367248294e-01 1.689669242761137298e+02 8.950400000000000000e+04
5.245811071337125320e-01 1.660036407407613979e+02 9.236600000000000000e+04
5.307339722686617023e-01 1.630585699180173833e+02 9.390800000000000000e+04
5.368662932732624071e-01 1.597020133681614880e+02 9.622600000000000000e+04
5.429628466927283181e-01 1.565389437867017648e+02 9.717200000000000000e+04
5.491073400914713298e-01 1.543771417329217570e+02 1.019960000000000000e+05
5.552762609626447077e-01 1.507308342803857784e+02 1.028340000000000000e+05
5.614082796802024600e-01 1.487190714066918531e+02 1.049360000000000000e+05
5.675371533509153688e-01 1.445017515795715326e+02 1.076640000000000000e+05
5.736740022558224350e-01 1.428256717713592820e+02 1.097300000000000000e+05
5.798103603643611770e-01 1.393044989298984433e+02 1.122420000000000000e+05
5.859425366486809006e-01 1.376010283167847490e+02 1.145480000000000000e+05
5.920586774162177601e-01 1.356757411887262776e+02 1.162040000000000000e+05
5.981941542880485629e-01 1.333124371352465687e+02 1.202100000000000000e+05
6.043590774859866066e-01 1.322295710615256894e+02 1.222240000000000000e+05
6.104910230252050818e-01 1.282534530450388957e+02 1.240000000000000000e+05
6.166050503334797872e-01 1.273702693815705658e+02 1.264900000000000000e+05
6.227565424953059869e-01 1.241820828998919239e+02 1.302980000000000000e+05
6.288977757446623240e-01 1.221453989787170968e+02 1.315160000000000000e+05
6.350332706002194127e-01 1.210995294277714578e+02 1.350280000000000000e+05
6.411743038514937654e-01 1.190707208133043480e+02 1.370340000000000000e+05
6.473071136295037720e-01 1.172650451076399349e+02 1.399400000000000000e+05
6.534392957951101755e-01 1.148618043421319186e+02 1.420440000000000000e+05
6.595783755518781488e-01 1.128113386479802926e+02 1.460980000000000000e+05
6.657085753353266799e-01 1.113068200636533334e+02 1.466160000000000000e+05
6.718369711955728407e-01 1.095685591443960334e+02 1.516080000000000000e+05
6.779675665423466890e-01 1.082536533377660390e+02 1.521540000000000000e+05
6.841025602423458363e-01 1.065529061094856189e+02 1.573620000000000000e+05
6.902473351098605825e-01 1.049910220521138058e+02 1.585880000000000000e+05
6.963896182979992799e-01 1.030414504058439604e+02 1.622680000000000000e+05
7.025354447064345864e-01 1.015231132347862086e+02 1.650500000000000000e+05
7.086795257259553837e-01 1.000477878232635334e+02 1.677360000000000000e+05
7.148105300560909647e-01 9.857255777280802533e+01 1.702080000000000000e+05
7.209489185367295994e-01 9.774662082745894054e+01 1.739060000000000000e+05
7.270775917581103753e-01 9.641733011684482335e+01 1.755300000000000000e+05
7.331906622449658739e-01 9.430469894264891195e+01 1.792520000000000000e+05
7.393386679216931157e-01 9.347296580550695921e+01 1.830680000000000000e+05
7.454822748005143218e-01 9.235840038641076433e+01 1.854820000000000000e+05
7.516118807450163919e-01 9.128693075041756799e+01 1.880620000000000000e+05
7.577553313207755492e-01 8.959182766047968016e+01 1.926420000000000000e+05
7.639042897236033580e-01 8.815627197047724906e+01 1.947140000000000000e+05
7.700556058884338029e-01 8.712194126403518624e+01 1.988180000000000000e+05
7.761646078124272430e-01 8.606533218762345427e+01 1.985880000000000000e+05
7.822760392858680856e-01 8.551083362396310861e+01 2.049720000000000000e+05
7.884165269731352454e-01 8.420802428394951278e+01 2.070900000000000000e+05
7.945591276009631443e-01 8.252723950032898870e+01 2.116040000000000000e+05
8.007019309919388705e-01 8.177018981170759560e+01 2.135000000000000000e+05
8.068322471611056868e-01 8.050167459543892789e+01 2.174580000000000000e+05
8.129795759107908415e-01 7.981513725914234669e+01 2.211220000000000000e+05
8.191384193203445907e-01 7.876325905337343158e+01 2.251740000000000000e+05
8.252636533623828319e-01 7.771780280875356084e+01 2.254580000000000000e+05
8.313801266770000087e-01 7.636859093640684648e+01 2.307780000000000000e+05
8.375206517277707929e-01 7.566140665540405053e+01 2.346620000000000000e+05
8.436596178727920892e-01 7.471679355377054321e+01 2.370900000000000000e+05
8.497926552975230141e-01 7.383325423280004429e+01 2.414900000000000000e+05
8.559261024612236923e-01 7.290836696393293437e+01 2.436700000000000000e+05
8.620635216668264267e-01 7.232931825631060008e+01 2.489620000000000000e+05
8.681991121454618598e-01 7.144761293008913583e+01 2.509540000000000000e+05
8.743258064632770665e-01 7.054174573929473979e+01 2.546820000000000000e+05
8.804649962982444844e-01 6.986849742913301498e+01 2.597660000000000000e+05
8.866060715851544760e-01 6.868367822666107259e+01 2.614900000000000000e+05
8.927497452568226022e-01 6.798477756827887220e+01 2.677620000000000000e+05
8.989002179133253057e-01 6.702473837335445239e+01 2.692540000000000000e+05
9.050334286265421246e-01 6.619142162373456983e+01 2.734020000000000000e+05
9.111662727418216035e-01 6.569936268262770795e+01 2.769780000000000000e+05
9.173141852908638372e-01 6.498614757550701881e+01 2.819300000000000000e+05
9.234386234055659282e-01 6.387941499265026835e+01 2.827260000000000000e+05
9.295586914769259357e-01 6.348272621463038945e+01 2.886340000000000000e+05
9.356866131768992734e-01 6.259419377898380787e+01 2.911940000000000000e+05
9.418341995598693561e-01 6.208551626907042476e+01 2.983160000000000000e+05
9.479856668247271800e-01 6.121192561361885254e+01 2.991160000000000000e+05
9.541104538204613350e-01 6.070282319178991060e+01 3.037460000000000000e+05
9.602408593380125090e-01 5.999918358950403530e+01 3.071300000000000000e+05
9.663673603621276698e-01 5.957243256803864995e+01 3.114540000000000000e+05
9.725109363121978712e-01 5.877212745628841617e+01 3.167940000000000000e+05
9.786539223807257937e-01 5.814147968330679817e+01 3.191300000000000000e+05
9.847742802912333726e-01 5.748956208906751897e+01 3.227560000000000000e+05
9.909163226000885505e-01 5.709794502436167107e+01 3.289800000000000000e+05
9.970641613013051519e-01 5.614795899030580273e+01 3.321680000000000000e+05
1.003199363263552968e+00 5.560680472339850411e+01 3.354620000000000000e+05
1.009337884460522083e+00 5.501937183781335250e+01 3.405560000000000000e+05
1.015478646350256975e+00 5.432375518581319795e+01 3.444740000000000000e+05
1.021609453879374962e+00 5.382944098882789064e+01 3.471860000000000000e+05
1.027737761654253790e+00 5.358798084724325150e+01 3.532380000000000000e+05
1.033868183565701315e+00 5.293749514941409728e+01 3.551620000000000000e+05
1.040006632801374398e+00 5.252110060375613898e+01 3.627840000000000000e+05
1.046156808389768100e+00 5.189380545774222497e+01 3.655020000000000000e+05
1.052295850575665437e+00 5.131079106303992887e+01 3.694900000000000000e+05
1.058425977651756611e+00 5.086904519622129328e+01 3.736360000000000000e+05
1.064562605041261323e+00 5.023730634249842808e+01 3.781540000000000000e+05
1.070698774491387617e+00 4.959393485909733101e+01 3.831980000000000000e+05
1.076840726399151738e+00 4.923297492637496475e+01 3.872260000000000000e+05
1.082972309238944275e+00 4.876476692033416782e+01 3.904320000000000000e+05
1.089087945679088287e+00 4.815647776983841766e+01 3.945740000000000000e+05
1.095217492047269259e+00 4.788282728978669667e+01 4.005240000000000000e+05
1.101360503814608816e+00 4.747150114656012931e+01 4.060180000000000000e+05
1.107509538678442151e+00 4.696665726935678009e+01 4.097500000000000000e+05
1.113637274621421813e+00 4.651077431985643074e+01 4.124740000000000000e+05
1.119766029293861820e+00 4.606546416765181817e+01 4.191220000000000000e+05
1.125921199838792353e+00 4.559343021791292472e+01 4.249840000000000000e+05
1.132060593734519616e+00 4.511078948667398691e+01 4.265520000000000000e+05
1.138193835500512563e+00 4.464950889039140236e+01 4.331060000000000000e+05
1.144331290643838761e+00 4.413468409175131058e+01 4.364900000000000000e+05
1.150477416657047947e+00 4.374692575657404348e+01 4.441020000000000000e+05
1.156613064375511923e+00 4.355903715339753290e+01 4.438580000000000000e+05
1.162735018537596643e+00 4.301719190324870823e+01 4.520580000000000000e+05
1.168863107201693285e+00 4.277877301785258624e+01 4.539040000000000000e+05
1.175003119642887395e+00 4.224505403544015536e+01 4.635820000000000000e+05
1.181141063188670737e+00 4.187878780061050321e+01 4.632040000000000000e+05
1.187270909488056914e+00 4.133509299681182370e+01 4.718580000000000000e+05
1.193410238621095854e+00 4.105600608997772838e+01 4.748060000000000000e+05
1.199554515593299175e+00 4.071949534551441729e+01 4.816500000000000000e+05
1.205699244952225024e+00 4.051106444231222525e+01 4.857140000000000000e+05
1.211823614414484052e+00 3.978140362565554256e+01 4.876640000000000000e+05
1.217948190684038368e+00 3.971441799399048733e+01 4.956720000000000000e+05
1.224088465910863066e+00 3.933777222025138798e+01 5.003700000000000000e+05
1.230226458808759915e+00 3.883919142535246039e+01 5.050500000000000000e+05
1.236361550594031522e+00 3.848434736639673304e+01 5.106220000000000000e+05
1.242496792651986093e+00 3.836552994603511735e+01 5.141780000000000000e+05
1.248637470443478836e+00 3.794526272191640714e+01 5.225060000000000000e+05
1.254772466883479876e+00 3.757075649386074900e+01 5.232700000000000000e+05
1.260914491442226115e+00 3.722070163160145739e+01 5.339440000000000000e+05
1.267057912247927520e+00 3.675142035135389307e+01 5.340280000000000000e+05
1.273186365191749214e+00 3.671035156845601932e+01 5.411300000000000000e+05
1.279317993167675471e+00 3.626219134408814426e+01 5.458780000000000000e+05
1.285454867222016517e+00 3.603012718054339558e+01 5.518420000000000000e+05
1.291590440177868837e+00 3.574573066695521817e+01 5.564660000000000000e+05
1.297722286883003173e+00 3.522483453482087867e+01 5.615640000000000000e+05
1.303853449480362636e+00 3.510799509449798705e+01 5.671560000000000000e+05
1.310000794114592582e+00 3.465463878334568903e+01 5.754260000000000000e+05
1.316143719180109750e+00 3.444543163701323607e+01 5.765060000000000000e+05
1.322267763843804511e+00 3.420842785305179490e+01 5.830460000000000000e+05
1.328401901823275777e+00 3.394015620547718015e+01 5.894500000000000000e+05
1.334537614144214679e+00 3.352628152150885654e+01 5.935600000000000000e+05
1.340678552423816727e+00 3.339524427389395811e+01 6.020300000000000000e+05
1.346815149096061148e+00 3.308229285046808599e+01 6.033000000000000000e+05
1.352940200955950356e+00 3.270816396658709380e+01 6.110420000000000000e+05
1.359082410299650379e+00 3.240830984186768404e+01 6.176620000000000000e+05
1.365220173749337018e+00 3.222124443682619699e+01 6.211540000000000000e+05
1.371355627496639196e+00 3.199785984420319451e+01 6.289540000000000000e+05
1.377497312851453160e+00 3.155979185895125383e+01 6.326800000000000000e+05
1.383633079758801232e+00 3.137730396451111758e+01 6.401020000000000000e+05
1.389766479619330530e+00 3.122357260144383417e+01 6.427140000000000000e+05
1.395898899779254521e+00 3.090549531159671304e+01 6.517560000000000000e+05
1.402038197914537321e+00 3.070039701994320680e+01 6.554220000000000000e+05
1.408181749899602986e+00 3.030551836492934115e+01 6.638420000000000000e+05
1.414313666006327352e+00 3.014115391231976560e+01 6.653300000000000000e+05
1.420444380108462745e+00 2.990115511686039085e+01 6.742080000000000000e+05
1.426582768631972087e+00 2.975358682679008382e+01 6.793420000000000000e+05
1.432726168338077644e+00 2.941751762439013262e+01 6.863560000000000000e+05
1.438861657952483553e+00 2.925202544702536400e+01 6.898180000000000000e+05
1.444991779317132963e+00 2.896154490039774387e+01 6.971500000000000000e+05
1.451129573505090198e+00 2.874206558486946506e+01 7.025380000000000000e+05
1.457259699941714226e+00 2.843004615388956680e+01 7.080580000000000000e+05
1.463381498859491758e+00 2.825984550417543772e+01 7.122620000000000000e+05
1.469517533590522174e+00 2.805929363105031626e+01 7.233120000000000000e+05
1.475660550406120208e+00 2.781640885211853842e+01 7.258600000000000000e+05
1.481800492405727532e+00 2.755351642724789940e+01 7.345140000000000000e+05
1.487943725053375577e+00 2.745909940239444325e+01 7.394460000000000000e+05
1.494084839802395370e+00 2.713180982186515422e+01 7.457380000000000000e+05
1.500230994160872244e+00 2.699301733533928171e+01 7.530420000000000000e+05
1.506363835328208056e+00 2.679005907831909639e+01 7.548300000000000000e+05
1.512486114839888929e+00 2.660479449760798332e+01 7.625200000000000000e+05
1.518627690030334820e+00 2.633450462768123046e+01 7.725880000000000000e+05
1.524765346634578744e+00 2.610091735159456761e+01 7.732740000000000000e+05
1.530890949051883609e+00 2.598750058400753815e+01 7.823660000000000000e+05
1.537028126588163568e+00 2.577353098311613167e+01 7.888500000000000000e+05
1.543169805434377873e+00 2.553682241823269194e+01 7.957300000000000000e+05
1.549306732909000672e+00 2.537849737349242218e+01 8.008600000000000000e+05
1.555434294201658130e+00 2.507397305580064639e+01 8.052260000000000000e+05
1.561571446339652391e+00 2.498959841884148148e+01 8.169480000000000000e+05
1.567719175442112256e+00 2.474284522048742119e+01 8.200340000000000000e+05
1.573850578540632927e+00 2.456628277456580633e+01 8.261820000000000000e+05
1.579981624465093271e+00 2.442151655290130208e+01 8.325060000000000000e+05
1.586117152796983731e+00 2.417957787637507749e+01 8.397940000000000000e+05
1.592251667404352977e+00 2.393660866270557719e+01 8.461800000000000000e+05
1.598391082936378327e+00 2.383251460284430223e+01 8.533380000000000000e+05
1.604524888897814305e+00 2.360824428854946788e+01 8.586520000000000000e+05
1.610653935392362124e+00 2.343343291610431933e+01 8.640460000000000000e+05
1.616791313571987354e+00 2.325569613605916786e+01 8.749700000000000000e+05
1.622930516872028717e+00 2.304679486809457956e+01 8.776260000000000000e+05
1.629072756710933767e+00 2.295517157172488965e+01 8.888580000000000000e+05
1.635206712107782234e+00 2.271096287503431199e+01 8.891340000000000000e+05
1.641332450557534406e+00 2.256713446220057051e+01 8.991780000000000000e+05
1.647476526455434964e+00 2.243291462806534042e+01 9.086500000000000000e+05
1.653624971246317354e+00 2.225279647376081726e+01 9.136860000000000000e+05
1.659749460045753189e+00 2.206443483579421994e+01 9.147060000000000000e+05
1.665882609668988712e+00 2.192571142435598119e+01 9.304340000000000000e+05
1.672026070498636940e+00 2.173429356725856820e+01 9.311140000000000000e+05
1.678163046888720755e+00 2.165124709948175408e+01 9.425020000000000000e+05
1.684298829118553664e+00 2.140472859980563314e+01 9.442660000000000000e+05
1.690427668814839635e+00 2.126881708646416413e+01 9.537940000000000000e+05
1.696570856301545804e+00 2.112056214862322889e+01 9.635180000000000000e+05
1.702705323372739166e+00 2.092753533722408932e+01 9.639300000000000000e+05
1.708835458549901487e+00 2.084162408933279309e+01 9.769060000000000000e+05
1.714975225249185220e+00 2.067307475993452570e+01 9.806300000000000000e+05
1.721108179093111534e+00 2.050297792284922949e+01 9.884240000000000000e+05
1.727243809866963575e+00 2.034230411648855963e+01 9.964520000000000000e+05
1.733378764674750938e+00 2.020462579667408320e+01 1.001330000000000000e+06
1.739517383820835983e+00 2.001000315127544837e+01 1.012798000000000000e+06
1.745654122929962249e+00 1.985049142329726379e+01 1.014106000000000000e+06
1.751791416343087882e+00 1.977714968555933339e+01 1.028098000000000000e+06
1.757926485810765493e+00 1.955653341419522206e+01 1.027550000000000000e+06
1.764058071799011307e+00 1.945962548353953991e+01 1.040514000000000000e+06
1.770189729323980998e+00 1.928531002846127151e+01 1.043090000000000000e+06
1.776325559465732340e+00 1.921259145984781824e+01 1.055434000000000000e+06
1.782465932766922556e+00 1.904888569342026017e+01 1.060254000000000000e+06
1.788601524197432235e+00 1.890866376809093197e+01 1.067634000000000000e+06
1.794738604867500475e+00 1.876346551772754978e+01 1.075338000000000000e+06
1.800883099103459672e+00 1.862775894554969724e+01 1.085598000000000000e+06
1.807019934883168588e+00 1.848748621933738434e+01 1.087216000000000000e+06
1.813151561985820504e+00 1.838283128027421043e+01 1.098236000000000000e+06
1.819285967717886310e+00 1.827480729729031239e+01 1.102954000000000000e+06
1.825420496494855049e+00 1.812354947899221358e+01 1.113718000000000000e+06
1.831562044563034508e+00 1.795354552688246486e+01 1.120514000000000000e+06
1.837698068657018347e+00 1.780178589296746239e+01 1.125890000000000000e+06
1.843828620762528958e+00 1.768245671514743123e+01 1.134052000000000000e+06
1.849956619567177496e+00 1.758169334026658248e+01 1.140116000000000000e+06
1.856099484251994225e+00 1.744354315130278010e+01 1.154826000000000000e+06
1.862242457888296343e+00 1.734291151595864378e+01 1.155078000000000000e+06
1.868367962353731038e+00 1.721234788054391274e+01 1.163314000000000000e+06
1.874504240172072622e+00 1.710818482520426187e+01 1.175290000000000000e+06
1.880642007427152373e+00 1.695343039658935425e+01 1.178290000000000000e+06
1.886782336020498052e+00 1.685278800539215638e+01 1.192380000000000000e+06
1.892914585516437986e+00 1.668141793442483589e+01 1.190202000000000000e+06
1.899042765606501204e+00 1.663559872595843814e+01 1.206244000000000000e+06
1.905183085066037618e+00 1.650926096504790053e+01 1.211190000000000000e+06
1.911324222205221357e+00 1.636059865934423740e+01 1.221130000000000000e+06
1.917461111844493526e+00 1.625976485158778218e+01 1.226234000000000000e+06
1.923595210349106743e+00 1.613266207298331523e+01 1.234778000000000000e+06
1.929735848089336070e+00 1.601117239909457624e+01 1.245350000000000000e+06
1.935877267586955330e+00 1.592112760659654747e+01 1.250602000000000000e+06
1.942009963668424488e+00 1.579490731123695113e+01 1.257602000000000000e+06
1.948142965082060751e+00 1.569546963921562011e+01 1.267158000000000000e+06
1.954279252938452727e+00 1.557792289977466993e+01 1.273850000000000000e+06
1.960410884287222322e+00 1.540981224985041109e+01 1.282434000000000000e+06
1.966542013919925891e+00 1.537990745433111961e+01 1.288902000000000000e+06
1.972675597984424600e+00 1.526357096440091787e+01 1.299696000000000000e+06
1.978820074307326982e+00 1.510964862078797744e+01 1.309644000000000000e+06
1.984962060325404565e+00 1.505849112169972770e+01 1.315034000000000000e+06
1.991088519666428525e+00 1.491543528780417915e+01 1.319526000000000000e+06
1.997221658539706457e+00 1.482303080306718535e+01 1.333544000000000000e+06
2.003364951808915162e+00 1.475402159947060809e+01 1.340506000000000000e+06
2.009503468739715526e+00 1.460896697674728095e+01 1.348350000000000000e+06
2.015639169983700185e+00 1.449028466374756441e+01 1.355332000000000000e+06
2.021777826909511688e+00 1.444205555345966197e+01 1.366354000000000000e+06
2.027920344587200940e+00 1.430673336691101483e+01 1.373130000000000000e+06
2.034048927939124063e+00 1.419480110334024303e+01 1.377382000000000000e+06
2.040171866290584113e+00 1.412854072551007967e+01 1.387258000000000000e+06
2.046313874271335376e+00 1.399858926844821561e+01 1.401802000000000000e+06
2.052448517325268007e+00 1.391326548343779024e+01 1.401614000000000000e+06
2.058580698669291831e+00 1.382325376051745813e+01 1.416858000000000000e+06
2.064718757447014941e+00 1.373541097286658896e+01 1.422138000000000000e+06
2.070852524234804815e+00 1.364420977762869214e+01 1.430634000000000000e+06
2.076990486458365925e+00 1.355770075798336194e+01 1.441214000000000000e+06
2.083128720234920017e+00 1.344497212947978859e+01 1.448752000000000000e+06
2.089269859683697828e+00 1.335372299159323539e+01 1.458412000000000000e+06
2.095408768674568822e+00 1.325938276026478668e+01 1.466044000000000000e+06
2.101538222075882256e+00 1.315547746943850349e+01 1.469892000000000000e+06
2.107676211136748190e+00 1.309111756420516137e+01 1.488256000000000000e+06
2.113815672236325938e+00 1.298933761077770832e+01 1.487680000000000000e+06
2.119953804781640638e+00 1.289947284452950882e+01 1.504322000000000000e+06
2.126089130118720583e+00 1.279922638131229107e+01 1.504690000000000000e+06
2.132215609835382608e+00 1.273443115131274261e+01 1.516170000000000000e+06
2.138350625473082189e+00 1.260841799003564923e+01 1.527750000000000000e+06
2.144493514828501368e+00 1.253587440800308883e+01 1.536538000000000000e+06
2.150631190063275522e+00 1.244819123203711619e+01 1.542986000000000000e+06
2.156762165252020136e+00 1.235586026837841089e+01 1.550950000000000000e+06
2.162896664448224815e+00 1.230091800481270248e+01 1.562120000000000000e+06
2.169037349367366030e+00 1.220262340215271379e+01 1.572370000000000000e+06
2.175170078658939854e+00 1.214464467861927233e+01 1.575386000000000000e+06
2.181306916133408880e+00 1.202417077165255499e+01 1.592318000000000000e+06
2.187445281223796112e+00 1.194848529257763659e+01 1.594284000000000000e+06
2.193578869952625521e+00 1.188358033826221138e+01 1.607394000000000000e+06
2.199713500802712662e+00 1.179905028080049334e+01 1.613430000000000000e+06
2.205843315404407701e+00 1.173510257869683926e+01 1.621986000000000000e+06
2.211981653840972672e+00 1.164566117825786762e+01 1.636466000000000000e+06
2.218115749455018548e+00 1.155606451631332909e+01 1.638262000000000000e+06
2.224253394449617005e+00 1.148813598241997269e+01 1.655554000000000000e+06
2.230394475034700452e+00 1.140455363545787826e+01 1.659354000000000000e+06
2.236527486724025682e+00 1.131792558789734571e+01 1.668346000000000000e+06
2.242668115027510733e+00 1.124599773228920263e+01 1.683278000000000000e+06
2.248802178656232442e+00 1.120089286666757467e+01 1.681944000000000000e+06
2.254934371799744763e+00 1.109269218037956151e+01 1.701178000000000000e+06
2.261073606041869244e+00 1.103757734810785962e+01 1.704294000000000000e+06
2.267215275432380661e+00 1.095653981249367881e+01 1.720484000000000000e+06
2.273352959253353234e+00 1.087965543505314159e+01 1.721954000000000000e+06
2.279480162911264873e+00 1.078520756671273517e+01 1.731642000000000000e+06
2.285613562787311537e+00 1.073775526681680681e+01 1.745270000000000000e+06
2.291755320230514759e+00 1.064541693651248089e+01 1.754618000000000000e+06
2.297895760600043857e+00 1.060105716986041813e+01 1.763210000000000000e+06
2.304031358756954972e+00 1.049605585539968011e+01 1.771374000000000000e+06
2.310161424867521962e+00 1.042433272792703747e+01 1.777658000000000000e+06
2.316297978757182019e+00 1.038865292367836091e+01 1.795410000000000000e+06
2.322436317381534554e+00 1.029494144939291367e+01 1.796694000000000000e+06
2.328569333475320136e+00 1.026007923295728830e+01 1.811810000000000000e+06
2.334705947664326597e+00 1.015814956302373240e+01 1.818024000000000000e+06
2.340836381319525650e+00 1.009556470884046497e+01 1.826074000000000000e+06
2.346969592145329297e+00 1.002966940227262782e+01 1.840326000000000000e+06
2.353111353042913745e+00 9.961096161489164658e+00 1.849818000000000000e+06
2.359250472361396955e+00 9.894108163356992947e+00 1.857988000000000000e+06
2.365392372652085129e+00 9.852182237476801774e+00 1.870950000000000000e+06
2.371526317157957475e+00 9.788109279673246732e+00 1.872210000000000000e+06
2.377656093482844124e+00 9.726403619292279146e+00 1.888706000000000000e+06
2.383791837043190753e+00 9.646541537926854204e+00 1.894242000000000000e+06
2.389932547086535575e+00 9.570984185852815074e+00 1.911622000000000000e+06
2.396067071658701586e+00 9.513718195956997192e+00 1.910826000000000000e+06
2.402200402384513378e+00 9.442008700206017124e+00 1.929258000000000000e+06
2.408341193848630102e+00 9.383697842233402753e+00 1.936430000000000000e+06
2.414476934265398445e+00 9.303543644789405320e+00 1.944146000000000000e+06
2.420605355418538274e+00 9.258264400173176867e+00 1.953240000000000000e+06
2.426740659922558940e+00 9.210757803715139858e+00 1.967690000000000000e+06
2.432881039345170304e+00 9.142918952382810716e+00 1.976144000000000000e+06
2.439012602858177559e+00 9.079904586239662123e+00 1.982370000000000000e+06
2.445150210392110335e+00 9.011100579785217946e+00 1.999088000000000000e+06
2.451288854292454022e+00 8.958684900367217097e+00 2.004904000000000000e+06
2.457424250758790674e+00 8.920828057859635507e+00 2.015074000000000000e+06
2.463564817045048372e+00 8.839204265912785630e+00 2.029642000000000000e+06
2.469700047730502224e+00 8.801348240987284299e+00 2.031414000000000000e+06
2.475832780499056085e+00 8.736581281283410050e+00 2.048226000000000000e+06
2.481970511063669171e+00 8.671708352060749192e+00 2.055170000000000000e+06
2.488108687706466426e+00 8.609406407235264069e+00 2.068266000000000000e+06
2.494239285613428336e+00 8.574081346817877147e+00 2.071406000000000000e+06
2.500368357182769952e+00 8.505267610459442906e+00 2.086658000000000000e+06
2.506512664393816259e+00 8.443434660222841615e+00 2.103000000000000000e+06
2.512652740121724015e+00 8.412407150582829729e+00 2.104120000000000000e+06
2.518783353036091910e+00 8.349869020585902746e+00 2.116722000000000000e+06
2.524922642355731828e+00 8.298212092374210869e+00 2.131224000000000000e+06
2.531060673812723483e+00 8.238461466782906584e+00 2.136036000000000000e+06
2.537192347566814998e+00 8.185338418424194629e+00 2.148102000000000000e+06
2.543321096198151388e+00 8.135016889764896675e+00 2.154818000000000000e+06
2.549460494225066487e+00 8.092596771553568047e+00 2.175186000000000000e+06
2.555599099877817082e+00 8.035183066466109025e+00 2.176766000000000000e+06
2.561727104143974643e+00 7.971824787061258633e+00 2.187562000000000000e+06
2.567864194824001967e+00 7.940828535293513291e+00 2.204802000000000000e+06
2.574002942759865409e+00 7.866814786203165433e+00 2.209126000000000000e+06
2.580138358004716359e+00 7.829688402716596940e+00 2.223546000000000000e+06
2.586274078433772772e+00 7.786837530550656972e+00 2.231962000000000000e+06
2.592414558086459930e+00 7.733399840480250198e+00 2.245920000000000000e+06
2.598554258700748854e+00 7.678711863610393706e+00 2.254302000000000000e+06
2.604687212253104622e+00 7.625203224136886782e+00 2.261250000000000000e+06
2.610825522257030684e+00 7.592058890393663440e+00 2.280740000000000000e+06
2.616966808842488668e+00 7.547037763927498588e+00 2.284350000000000000e+06
2.623104270467115473e+00 7.482744244627686392e+00 2.298202000000000000e+06
2.629237483160341338e+00 7.454900613517726704e+00 2.304698000000000000e+06
2.635369657694711876e+00 7.384072183865150407e+00 2.317338000000000000e+06
2.641499727968988687e+00 7.348154214897385295e+00 2.325798000000000000e+06
2.647632768226896527e+00 7.300931185861077033e+00 2.339938000000000000e+06
2.653770534295234018e+00 7.262322732013697824e+00 2.351874000000000000e+06
2.659909164671664605e+00 7.224251393221060802e+00 2.362846000000000000e+06
2.666054374117809100e+00 7.171505480507798680e+00 2.377538000000000000e+06
2.672186673284417946e+00 7.120609144191489825e+00 2.375848000000000000e+06
2.678312528652142088e+00 7.082629360858818224e+00 2.393516000000000000e+06
2.684453749728012095e+00 7.039033610113302863e+00 2.410428000000000000e+06
2.690591377737787671e+00 7.000440072805711900e+00 2.412546000000000000e+06
2.696726952642713560e+00 6.957027803820208689e+00 2.430260000000000000e+06
2.702866110225143448e+00 6.904983605294582993e+00 2.438550000000000000e+06
2.709002338288592604e+00 6.866168122934429796e+00 2.449114000000000000e+06
2.715135780543764810e+00 6.822136323253912060e+00 2.459034000000000000e+06
2.721267436131594497e+00 6.789631332258806218e+00 2.470150000000000000e+06
2.727401015142188356e+00 6.740647214278644661e+00 2.481514000000000000e+06
2.733539335677399595e+00 6.710637188323691049e+00 2.498234000000000000e+06
2.739679502125022204e+00 6.669184962471983447e+00 2.503746000000000000e+06
2.745817155774809226e+00 6.625984208152152277e+00 2.520166000000000000e+06
2.751943099353292954e+00 6.584843018956019201e+00 2.515546000000000000e+06
2.758076357730228523e+00 6.553931819920480351e+00 2.548256000000000000e+06
2.764223098794695410e+00 6.507996238369621267e+00 2.551110000000000000e+06
2.770360964805264725e+00 6.465015628529124925e+00 2.561602000000000000e+06
2.776495678064977657e+00 6.432920413911002555e+00 2.573090000000000000e+06
2.782632841907622723e+00 6.389780001254734110e+00 2.584266000000000000e+06
2.788767970688140085e+00 6.357688403678122491e+00 2.595808000000000000e+06
2.794901511144343154e+00 6.317640014854894126e+00 2.605834000000000000e+06
2.801038782212097455e+00 6.283949901992871290e+00 2.620114000000000000e+06
2.807176319890059446e+00 6.254337509371621806e+00 2.631062000000000000e+06
2.813311830642204470e+00 6.214049646216046163e+00 2.639842000000000000e+06
2.819446930747391278e+00 6.177635850555524222e+00 2.655378000000000000e+06
2.825580897323283214e+00 6.148574073336113166e+00 2.660326000000000000e+06
2.831713271913113505e+00 6.112388021470481547e+00 2.677426000000000000e+06
2.837846345622741850e+00 6.073519727085678888e+00 2.685162000000000000e+06
2.843985590462598800e+00 6.039140845665553314e+00 2.704760000000000000e+06
2.850123436079797568e+00 6.011098908760292403e+00 2.708496000000000000e+06
2.856259466837814287e+00 5.971652257261380825e+00 2.725248000000000000e+06
2.862398885036955942e+00 5.930807452379074363e+00 2.736020000000000000e+06
2.868533615008694415e+00 5.907330047277878471e+00 2.744030000000000000e+06
2.874669347604553948e+00 5.866614035435269159e+00 2.760146000000000000e+06
2.880808804211496987e+00 5.828204329812280093e+00 2.771578000000000000e+06
2.886941815293988078e+00 5.809741919678168109e+00 2.777034000000000000e+06
2.893077102347914487e+00 5.763523486554168684e+00 2.798278000000000000e+06
2.899215689977627353e+00 5.738729938407118425e+00 2.803594000000000000e+06
2.905349614149792981e+00 5.704504626937309197e+00 2.816642000000000000e+06
2.911484395663807234e+00 5.681114035644807103e+00 2.829646000000000000e+06
2.917623870298519329e+00 5.648381425252371635e+00 2.843514000000000000e+06
2.923759010894857902e+00 5.615015969436982779e+00 2.851082000000000000e+06
2.929889100592979911e+00 5.593748693780866255e+00 2.861654000000000000e+06
2.936021938209480986e+00 5.562293026368024584e+00 2.877178000000000000e+06
2.942158275655325728e+00 5.528163077746720333e+00 2.890432000000000000e+06
2.948295394311441608e+00 5.495274357604099436e+00 2.900266000000000000e+06
2.954432425033341580e+00 5.475476634352577143e+00 2.916768000000000000e+06
2.960571128117052808e+00 5.435778229142083084e+00 2.923330000000000000e+06
2.966709357851962103e+00 5.409784096081172500e+00 2.942818000000000000e+06
2.972847381510149045e+00 5.383506793709128324e+00 2.947038000000000000e+06
2.978981248413536953e+00 5.357285437656417848e+00 2.962122000000000000e+06
2.985113362632154654e+00 5.318408798110549895e+00 2.970874000000000000e+06
2.991250826136111485e+00 5.291815240694942801e+00 2.990330000000000000e+06
2.997387592483181873e+00 5.273208452612794694e+00 2.996886000000000000e+06
3.003528386879907863e+00 5.243426984845267036e+00 3.017202000000000000e+06
3.009664205426715089e+00 5.223120385216306616e+00 3.016754000000000000e+06
3.015796465997510722e+00 5.188193894942118689e+00 3.039078000000000000e+06
3.021932414202445294e+00 5.166466496876432224e+00 3.044178000000000000e+06
3.028070738935859207e+00 5.141895822123954574e+00 3.067032000000000000e+06
3.034208569138587386e+00 5.112279421921796185e+00 3.067826000000000000e+06
3.040342223476008243e+00 5.095076517912207059e+00 3.088064000000000000e+06
3.046476421080876129e+00 5.063301576878868282e+00 3.093602000000000000e+06
3.052612959636699319e+00 5.043506440588775064e+00 3.114690000000000000e+06
3.058750231468988279e+00 5.005053613997237250e+00 3.119758000000000000e+06
3.064882704630693233e+00 4.989199233112827869e+00 3.134506000000000000e+06
3.071021226748086086e+00 4.966718693661447581e+00 3.151738000000000000e+06
3.077154342678021681e+00 4.946379288895996318e+00 3.153718000000000000e+06
3.083285412300488915e+00 4.915590346515375408e+00 3.174282000000000000e+06
3.089423337311991702e+00 4.902848476028900393e+00 3.187258000000000000e+06
3.095558878539140135e+00 4.873363543515384144e+00 3.195346000000000000e+06
3.101698563582312662e+00 4.851334536057580138e+00 3.218684000000000000e+06
3.107834128583444322e+00 4.833462976069438533e+00 3.215772000000000000e+06
3.113967832080322573e+00 4.802940431372651808e+00 3.242200000000000000e+06
3.120108124816106887e+00 4.782910948846145871e+00 3.248392000000000000e+06
3.126246092256358189e+00 4.761817664658454241e+00 3.264266000000000000e+06
3.132375051323107673e+00 4.733140268669322026e+00 3.266914000000000000e+06
3.138511081734877806e+00 4.724801333690083815e+00 3.294282000000000000e+06
