# k, P(k), Nmodes
0.000000000000000000e+00 0.000000000000000000e+00 1.000000000000000000e+00
8.691056022563805813e-03 2.723272015389263743e+03 2.600000000000000000e+01
1.503254434404273886e-02 3.204097480970995548e+03 7.200000000000000000e+01
2.104537904654678673e-02 3.127394520849499258e+03 1.520000000000000000e+02
2.718418752217394846e-02 2.797097337499357309e+03 2.340000000000000000e+02
3.359305548768203725e-02 2.393748799522025365e+03 4.160000000000000000e+02
3.967812110980351720e-02 2.037535222343261012e+03 4.800000000000000000e+02
4.573133090443888549e-02 1.766644873970024946e+03 7.220000000000000000e+02
5.186912300623527233e-02 1.593705669978224705e+03 8.740000000000000000e+02
5.807971256735403043e-02 1.488007871875472347e+03 1.162000000000000000e+03
6.422094742881356844e-02 1.364911023833870104e+03 1.358000000000000000e+03
7.029194303550849454e-02 1.280465339218452073e+03 1.632000000000000000e+03
7.656976085866129544e-02 1.161718663226018407e+03 2.036000000000000000e+03
8.283279975513359317e-02 1.032887470180621676e+03 2.310000000000000000e+03
8.886264192081894109e-02 9.079566547943212527e+02 2.528000000000000000e+03
9.493524398572131262e-02 7.978255742338151322e+02 3.068000000000000000e+03
1.010510809291368245e-01 7.228304682804049435e+02 3.306000000000000000e+03
1.071918355362574127e-01 6.559317218666468534e+02 3.934000000000000000e+03
1.133640700251744293e-01 6.181580875227965635e+02 4.266000000000000000e+03
1.195184611122857843e-01 5.878544706592070952e+02 4.794000000000000000e+03
1.256657517103361710e-01 5.674533616620362864e+02 5.270000000000000000e+03
1.317871926578333408e-01 5.419829087209250247e+02 5.754000000000000000e+03
1.378887696062481294e-01 5.003527026915713236e+02 6.344000000000000000e+03
1.440612672229828750e-01 4.660771725633470624e+02 7.014000000000000000e+03
1.501845201433902877e-01 4.231545063391182566e+02 7.364000000000000000e+03
1.563418093457785985e-01 3.864431949699151119e+02 8.402000000000000000e+03
1.625438955957596576e-01 3.571831837074294071e+02 8.738000000000000000e+03
1.686940235306336466e-01 3.380985292671018669e+02 9.670000000000000000e+03
1.747987378343396903e-01 3.190987307856379971e+02 9.880000000000000000e+03
1.809057159377772395e-01 3.034843496733403754e+02 1.113000000000000000e+04
1.870079494254630881e-01 2.950208983350972289e+02 1.140000000000000000e+04
1.931644028143169878e-01 2.864453943809141379e+02 1.272200000000000000e+04
1.993257601852206906e-01 2.695800808611435286e+02 1.317000000000000000e+04
2.054762598507901550e-01 2.543210856778710820e+02 1.418600000000000000e+04
2.116257382464896697e-01 2.400771609093296775e+02 1.495800000000000000e+04
2.177578654451892970e-01 2.256350280980857974e+02 1.580200000000000000e+04
2.238991135097555263e-01 2.094960088494520392e+02 1.674600000000000000e+04
2.300081978121491233e-01 2.022305512292243748e+02 1.753400000000000000e+04
2.361454707693454169e-01 1.927318343259603068e+02 1.869000000000000000e+04
2.422857100963227428e-01 1.841257229206965462e+02 1.958600000000000000e+04
2.484099584913142256e-01 1.800489104221065588e+02 2.052400000000000000e+04
2.545441957051269855e-01 1.733928118746960934e+02 2.165200000000000000e+04
2.606917133414053955e-01 1.664445915935138203e+02 2.276000000000000000e+04
2.668580198415695381e-01 1.588173899002590019e+02 2.389200000000000000e+04
2.730019564931540632e-01 1.527239040118325875e+02 2.485400000000000000e+04
2.791389873202678173e-01 1.464148331038372248e+02 2.604000000000000000e+04
2.852424996643880273e-01 1.405260190447900470e+02 2.680400000000000000e+04
2.913531997893986092e-01 1.337071446780432495e+02 2.850000000000000000e+04
2.975143171497069416e-01 1.279450098157618925e+02 2.956400000000000000e+04
3.036544665973567314e-01 1.240966535324861439e+02 3.083400000000000000e+04
3.097883787544665757e-01 1.203168422832276150e+02 3.189000000000000000e+04
3.159486680635095190e-01 1.161945951669823955e+02 3.376600000000000000e+04
3.221066234444813769e-01 1.131942735299203804e+02 3.446400000000000000e+04
3.282572612915165555e-01 1.085244876821688962e+02 3.622000000000000000e+04
3.343544383171894174e-01 1.050805624131802603e+02 3.667000000000000000e+04
3.404813620364756654e-01 1.010870902122304926e+02 3.911400000000000000e+04
3.466259536752008263e-01 9.820864662024501968e+01 3.989800000000000000e+04
3.527314914776840671e-01 9.430397124584951030e+01 4.126400000000000000e+04
3.588700951741782830e-01 9.148145237010713515e+01 4.332000000000000000e+04
3.650083489029407047e-01 8.861517299811121973e+01 4.418400000000000000e+04
3.711704037116136945e-01 8.710368409789572297e+01 4.654800000000000000e+04
3.773137312255384068e-01 8.421713702825127257e+01 4.719800000000000000e+04
3.834202365329835160e-01 8.082366360183409881e+01 4.880200000000000000e+04
3.895813105051545988e-01 7.892931749374197636e+01 5.141800000000000000e+04
3.957247046642990429e-01 7.726747651707358955e+01 5.158800000000000000e+04
4.018641006880244171e-01 7.477185801529071796e+01 5.464400000000000000e+04
4.079986652309439688e-01 7.300859984005482772e+01 5.484200000000000000e+04
4.141066506702003602e-01 6.988248038663253681e+01 5.733800000000000000e+04
4.202576909860619159e-01 6.873016169708745338e+01 5.921400000000000000e+04
4.264066946730206698e-01 6.642401939769771957e+01 6.064200000000000000e+04
4.325254831734640648e-01 6.372922731444831612e+01 6.220200000000000000e+04
4.386395650806790836e-01 6.313703940956978755e+01 6.399000000000000000e+04
4.447681454847935978e-01 6.129524140295613677e+01 6.596200000000000000e+04
4.509437495939586094e-01 5.996663125189201793e+01 6.893000000000000000e+04
4.571038061189046653e-01 5.814266114358351700e+01 6.921800000000000000e+04
4.632394462505528554e-01 5.708871360615761859e+01 7.208600000000000000e+04
4.693790757792539181e-01 5.609436220388195693e+01 7.321600000000000000e+04
4.755007986458400504e-01 5.425433927952347091e+01 7.536400000000000000e+04
4.816148015649592273e-01 5.285149642439490947e+01 7.714200000000000000e+04
4.877448110253904678e-01 5.177221507782403620e+01 7.932200000000000000e+04
4.938644425720450370e-01 5.053462231781627878e+01 8.112200000000000000e+04
4.999990772533337013e-01 4.893288517102778457e+01 8.374000000000000000e+04
5.061739783630568867e-01 4.816452924698148053e+01 8.622800000000000000e+04
5.123176238977423802e-01 4.665784166924507304e+01 8.724200000000000000e+04
5.184419198367248294e-01 4.583836333941072638e+01 8.950400000000000000e+04
5.245811071337125320e-01 4.497227578954379368e+01 9.236600000000000000e+04
5.307339722686617023e-01 4.406117105999999950e+01 9.390800000000000000e+04
5.368662932732624071e-01 4.294013603101449661e+01 9.622600000000000000e+04
5.429628466927283181e-01 4.210573618379559946e+01 9.717200000000000000e+04
5.491073400914713298e-01 4.132478742485346856e+01 1.019960000000000000e+05
5.552762609626447077e-01 4.031926761971177342e+01 1.028340000000000000e+05
5.614082796802024600e-01 3.961129903530331831e+01 1.049360000000000000e+05
5.675371533509153688e-01 3.843112367811098551e+01 1.076640000000000000e+05
5.736740022558224350e-01 3.792988446135927205e+01 1.097300000000000000e+05
5.798103603643611770e-01 3.695200687812214113e+01 1.122420000000000000e+05
5.859425366486809006e-01 3.630686727177624107e+01 1.145480000000000000e+05
5.920586774162177601e-01 3.576711453950164099e+01 1.162040000000000000e+05
5.981941542880485629e-01 3.507118281073031341e+01 1.202100000000000000e+05
6.043590774859866066e-01 3.467961479984060702e+01 1.222240000000000000e+05
6.104910230252050818e-01 3.360000144115466725e+01 1.240000000000000000e+05
6.166050503334797872e-01 3.324683440277493673e+01 1.264900000000000000e+05
6.227565424953059869e-01 3.231429390327072326e+01 1.302980000000000000e+05
6.288977757446623240e-01 3.172877054619909742e+01 1.315160000000000000e+05
6.350332706002194127e-01 3.136546183210128902e+01 1.350280000000000000e+05
6.411743038514937654e-01 3.079426047481595319e+01 1.370340000000000000e+05
6.473071136295037720e-01 3.023353506427962856e+01 1.399400000000000000e+05
6.534392957951101755e-01 2.957954571034728275e+01 1.420440000000000000e+05
6.595783755518781488e-01 2.903921138061658880e+01 1.460980000000000000e+05
6.657085753353266799e-01 2.856945551288630725e+01 1.466160000000000000e+05
6.718369711955728407e-01 2.801300040375039657e+01 1.516080000000000000e+05
6.779675665423466890e-01 2.764032257966277228e+01 1.521540000000000000e+05
6.841025602423458363e-01 2.712838655471178839e+01 1.573620000000000000e+05
6.902473351098605825e-01 2.664652047549257219e+01 1.585880000000000000e+05
6.963896182979992799e-01 2.616692161630963298e+01 1.622680000000000000e+05
7.025354447064345864e-01 2.572726165145934374e+01 1.650500000000000000e+05
7.086795257259553837e-01 2.526201698180999955e+01 1.677360000000000000e+05
7.148105300560909647e-01 2.482497933923789191e+01 1.702080000000000000e+05
7.209489185367295994e-01 2.459635183628019206e+01 1.739060000000000000e+05
7.270775917581103753e-01 2.414382910129647897e+01 1.755300000000000000e+05
7.331906622449658739e-01 2.366714674374052763e+01 1.792520000000000000e+05
7.393386679216931157e-01 2.336652597261632636e+01 1.830680000000000000e+05
7.454822748005143218e-01 2.304696090255913177e+01 1.854820000000000000e+05
7.516118807450163919e-01 2.277536690531995944e+01 1.880620000000000000e+05
7.577553313207755492e-01 2.230762855121820110e+01 1.926420000000000000e+05
7.639042897236033580e-01 2.185656217535153445e+01 1.947140000000000000e+05
7.700556058884338029e-01 2.153857114153139918e+01 1.988180000000000000e+05
7.761646078124272430e-01 2.126337076132306692e+01 1.985880000000000000e+05
7.822760392858680856e-01 2.108811331286742075e+01 2.049720000000000000e+05
7.884165269731352454e-01 2.073730213330202687e+01 2.070900000000000000e+05
7.945591276009631443e-01 2.029296339845621588e+01 2.116040000000000000e+05
8.007019309919388705e-01 2.002938222114677913e+01 2.135000000000000000e+05
8.068322471611056868e-01 1.970829565906440450e+01 2.174580000000000000e+05
8.129795759107908415e-01 1.951821914827783289e+01 2.211220000000000000e+05
8.191384193203445907e-01 1.922616161044059879e+01 2.251740000000000000e+05
8.252636533623828319e-01 1.892821310479506280e+01 2.254580000000000000e+05
8.313801266770000087e-01 1.860106435943048808e+01 2.307780000000000000e+05
8.375206517277707929e-01 1.834232910950346351e+01 2.346620000000000000e+05
8.436596178727920892e-01 1.811394598408593737e+01 2.370900000000000000e+05
8.497926552975230141e-01 1.784221445733690459e+01 2.414900000000000000e+05
8.559261024612236923e-01 1.760010891975705860e+01 2.436700000000000000e+05
8.620635216668264267e-01 1.743269561782697608e+01 2.489620000000000000e+05
8.681991121454618598e-01 1.718704898057298180e+01 2.509540000000000000e+05
8.743258064632770665e-01 1.693672964678057724e+01 2.546820000000000000e+05
8.804649962982444844e-01 1.673534665439792946e+01 2.597660000000000000e+05
8.866060715851544760e-01 1.641786165299577860e+01 2.614900000000000000e+05
8.927497452568226022e-01 1.624694011281136241e+01 2.677620000000000000e+05
8.989002179133253057e-01 1.601135691809865236e+01 2.692540000000000000e+05
9.050334286265421246e-01 1.575962475895759418e+01 2.734020000000000000e+05
9.111662727418216035e-01 1.563840905758832633e+01 2.769780000000000000e+05
9.173141852908638372e-01 1.543890675084294628e+01 2.819300000000000000e+05
9.234386234055659282e-01 1.515684032993474695e+01 2.827260000000000000e+05
9.295586914769259357e-01 1.504202960423447344e+01 2.886340000000000000e+05
9.356866131768992734e-01 1.481096989298669975e+01 2.911940000000000000e+05
9.418341995598693561e-01 1.463537488110126716e+01 2.983160000000000000e+05
9.479856668247271800e-01 1.443719985377629733e+01 2.991160000000000000e+05
9.541104538204613350e-01 1.428745898935838810e+01 3.037460000000000000e+05
9.602408593380125090e-01 1.409593606440759395e+01 3.071300000000000000e+05
9.663673603621276698e-01 1.396593391686758245e+01 3.114540000000000000e+05
9.725109363121978712e-01 1.378625578381724104e+01 3.167940000000000000e+05
9.786539223807257937e-01 1.360832584216086971e+01 3.191300000000000000e+05
9.847742802912333726e-01 1.340641215154547794e+01 3.227560000000000000e+05
9.909163226000885505e-01 1.329092305209919367e+01 3.289800000000000000e+05
9.970641613013051519e-01 1.308925959853192467e+01 3.321680000000000000e+05
1.003199363263552968e+00 1.291795440557721797e+01 3.354620000000000000e+05
1.009337884460522083e+00 1.278214554749623133e+01 3.405560000000000000e+05
1.015478646350256975e+00 1.262353971341822501e+01 3.444740000000000000e+05
1.021609453879374962e+00 1.249564286725131979e+01 3.471860000000000000e+05
1.027737761654253790e+00 1.238419223447567319e+01 3.532380000000000000e+05
1.033868183565701315e+00 1.223263476480224377e+01 3.551620000000000000e+05
1.040006632801374398e+00 1.210420089084908568e+01 3.627840000000000000e+05
1.046156808389768100e+00 1.196387332238965584e+01 3.655020000000000000e+05
1.052295850575665437e+00 1.180758738558031240e+01 3.694900000000000000e+05
1.058425977651756611e+00 1.166576261708974727e+01 3.736360000000000000e+05
1.064562605041261323e+00 1.152839734061973331e+01 3.781540000000000000e+05
1.070698774491387617e+00 1.135578940957317684e+01 3.831980000000000000e+05
1.076840726399151738e+00 1.126349862099399068e+01 3.872260000000000000e+05
1.082972309238944275e+00 1.114689570471547420e+01 3.904320000000000000e+05
1.089087945679088287e+00 1.099863700814777623e+01 3.945740000000000000e+05
1.095217492047269259e+00 1.093930971459801604e+01 4.005240000000000000e+05
1.101360503814608816e+00 1.081083294988990318e+01 4.060180000000000000e+05
1.107509538678442151e+00 1.069509204784259637e+01 4.097500000000000000e+05
1.113637274621421813e+00 1.057739225749778100e+01 4.124740000000000000e+05
1.119766029293861820e+00 1.047118638177385996e+01 4.191220000000000000e+05
1.125921199838792353e+00 1.032201411233127786e+01 4.249840000000000000e+05
1.132060593734519616e+00 1.021674827404530284e+01 4.265520000000000000e+05
1.138193835500512563e+00 1.011216415291716686e+01 4.331060000000000000e+05
1.144331290643838761e+00 9.977577373697487317e+00 4.364900000000000000e+05
1.150477416657047947e+00 9.864639273348922544e+00 4.441020000000000000e+05
1.156613064375511923e+00 9.825826392078043980e+00 4.438580000000000000e+05
1.162735018537596643e+00 9.681102733950567085e+00 4.520580000000000000e+05
1.168863107201693285e+00 9.622304861349144645e+00 4.539040000000000000e+05
1.175003119642887395e+00 9.499737454774317413e+00 4.635820000000000000e+05
1.181141063188670737e+00 9.402733335636503043e+00 4.632040000000000000e+05
1.187270909488056914e+00 9.260166621991215763e+00 4.718580000000000000e+05
1.193410238621095854e+00 9.192518008926882089e+00 4.748060000000000000e+05
1.199554515593299175e+00 9.118739323849553102e+00 4.816500000000000000e+05
1.205699244952225024e+00 9.049254810491584422e+00 4.857140000000000000e+05
1.211823614414484052e+00 8.886445237560616661e+00 4.876640000000000000e+05
1.217948190684038368e+00 8.882385896344556997e+00 4.956720000000000000e+05
1.224088465910863066e+00 8.768243127445758844e+00 5.003700000000000000e+05
1.230226458808759915e+00 8.656308677926180195e+00 5.050500000000000000e+05
1.236361550594031522e+00 8.569364870769241804e+00 5.106220000000000000e+05
1.242496792651986093e+00 8.528560311621534495e+00 5.141780000000000000e+05
1.248637470443478836e+00 8.433670991490240354e+00 5.225060000000000000e+05
1.254772466883479876e+00 8.327984554038016185e+00 5.232700000000000000e+05
1.260914491442226115e+00 8.255798048214305851e+00 5.339440000000000000e+05
1.267057912247927520e+00 8.159384323124678318e+00 5.340280000000000000e+05
1.273186365191749214e+00 8.129110221769439093e+00 5.411300000000000000e+05
1.279317993167675471e+00 8.029235423572833596e+00 5.458780000000000000e+05
1.285454867222016517e+00 7.973463573528562165e+00 5.518420000000000000e+05
1.291590440177868837e+00 7.898809336027849071e+00 5.564660000000000000e+05
1.297722286883003173e+00 7.775855026012568949e+00 5.615640000000000000e+05
1.303853449480362636e+00 7.741613426223627137e+00 5.671560000000000000e+05
1.310000794114592582e+00 7.637073548008882717e+00 5.754260000000000000e+05
1.316143719180109750e+00 7.581354760827577977e+00 5.765060000000000000e+05
1.322267763843804511e+00 7.523453215757553103e+00 5.830460000000000000e+05
1.328401901823275777e+00 7.477347182223423872e+00 5.894500000000000000e+05
1.334537614144214679e+00 7.365163227877782326e+00 5.935600000000000000e+05
1.340678552423816727e+00 7.335555265325588437e+00 6.020300000000000000e+05
1.346815149096061148e+00 7.256663759848025919e+00 6.033000000000000000e+05
1.352940200955950356e+00 7.178172538435254602e+00 6.110420000000000000e+05
1.359082410299650379e+00 7.087840226824569712e+00 6.176620000000000000e+05
1.365220173749337018e+00 7.045366129966438962e+00 6.211540000000000000e+05
1.371355627496639196e+00 7.008601688159363796e+00 6.289540000000000000e+05
1.377497312851453160e+00 6.904937018985287445e+00 6.326800000000000000e+05
1.383633079758801232e+00 6.849371419466435462e+00 6.401020000000000000e+05
1.389766479619330530e+00 6.805226896358361977e+00 6.427140000000000000e+05
1.395898899779254521e+00 6.742966800456767551e+00 6.517560000000000000e+05
1.402038197914537321e+00 6.695317527081968478e+00 6.554220000000000000e+05
1.408181749899602986e+00 6.608600120680351075e+00 6.638420000000000000e+05
1.414313666006327352e+00 6.567270770914619860e+00 6.653300000000000000e+05
1.420444380108462745e+00 6.512314703092671131e+00 6.742080000000000000e+05
1.426582768631972087e+00 6.466031988079544490e+00 6.793420000000000000e+05
1.432726168338077644e+00 6.383640642566003720e+00 6.863560000000000000e+05
1.438861657952483553e+00 6.352601885766927303e+00 6.898180000000000000e+05
1.444991779317132963e+00 6.297134406660031658e+00 6.971500000000000000e+05
1.451129573505090198e+00 6.239222701929056036e+00 7.025380000000000000e+05
1.457259699941714226e+00 6.165011929026901427e+00 7.080580000000000000e+05
1.463381498859491758e+00 6.125933012869550609e+00 7.122620000000000000e+05
1.469517533590522174e+00 6.075362491825359257e+00 7.233120000000000000e+05
1.475660550406120208e+00 6.020434785929619892e+00 7.258600000000000000e+05
1.481800492405727532e+00 5.971277254527987743e+00 7.345140000000000000e+05
1.487943725053375577e+00 5.939393260521203644e+00 7.394460000000000000e+05
1.494084839802395370e+00 5.859670627085749040e+00 7.457380000000000000e+05
1.500230994160872244e+00 5.833311334631233080e+00 7.530420000000000000e+05
1.506363835328208056e+00 5.790282865077013952e+00 7.548300000000000000e+05
1.512486114839888929e+00 5.739405563149651890e+00 7.625200000000000000e+05
1.518627690030334820e+00 5.687016147058761462e+00 7.725880000000000000e+05
1.524765346634578744e+00 5.631803654481156940e+00 7.732740000000000000e+05
1.530890949051883609e+00 5.605514530574806642e+00 7.823660000000000000e+05
1.537028126588163568e+00 5.547799829212555878e+00 7.888500000000000000e+05
1.543169805434377873e+00 5.508145058386444859e+00 7.957300000000000000e+05
1.549306732909000672e+00 5.456747008651567477e+00 8.008600000000000000e+05
1.555434294201658130e+00 5.401314698059740849e+00 8.052260000000000000e+05
1.561571446339652391e+00 5.363651927397222074e+00 8.169480000000000000e+05
1.567719175442112256e+00 5.313044620813621499e+00 8.200340000000000000e+05
1.573850578540632927e+00 5.281735483986151003e+00 8.261820000000000000e+05
1.579981624465093271e+00 5.245864878321079949e+00 8.325060000000000000e+05
1.586117152796983731e+00 5.195276070674925251e+00 8.397940000000000000e+05
1.592251667404352977e+00 5.145519823648692537e+00 8.461800000000000000e+05
1.598391082936378327e+00 5.116441556092341969e+00 8.533380000000000000e+05
1.604524888897814305e+00 5.059672705687041194e+00 8.586520000000000000e+05
1.610653935392362124e+00 5.033679639295115749e+00 8.640460000000000000e+05
1.616791313571987354e+00 4.981063159265558760e+00 8.749700000000000000e+05
1.622930516872028717e+00 4.942874709693779067e+00 8.776260000000000000e+05
1.629072756710933767e+00 4.924127764853533762e+00 8.888580000000000000e+05
1.635206712107782234e+00 4.869561157771777005e+00 8.891340000000000000e+05
1.641332450557534406e+00 4.826362651086509636e+00 8.991780000000000000e+05
1.647476526455434964e+00 4.807795893907925944e+00 9.086500000000000000e+05
1.653624971246317354e+00 4.769189601925299726e+00 9.136860000000000000e+05
1.659749460045753189e+00 4.721594296548683900e+00 9.147060000000000000e+05
1.665882609668988712e+00 4.691069962785471503e+00 9.304340000000000000e+05
1.672026070498636940e+00 4.652941139749815491e+00 9.311140000000000000e+05
1.678163046888720755e+00 4.628060103071182319e+00 9.425020000000000000e+05
1.684298829118553664e+00 4.579279669832162725e+00 9.442660000000000000e+05
1.690427668814839635e+00 4.548743155794134019e+00 9.537940000000000000e+05
1.696570856301545804e+00 4.511919295152956977e+00 9.635180000000000000e+05
1.702705323372739166e+00 4.480042321169526609e+00 9.639300000000000000e+05
1.708835458549901487e+00 4.466321334524902653e+00 9.769060000000000000e+05
1.714975225249185220e+00 4.412543162522071682e+00 9.806300000000000000e+05
1.721108179093111534e+00 4.379614215617283257e+00 9.884240000000000000e+05
1.727243809866963575e+00 4.342724761622740459e+00 9.964520000000000000e+05
1.733378764674750938e+00 4.314292139111475244e+00 1.001330000000000000e+06
1.739517383820835983e+00 4.271059908285594453e+00 1.012798000000000000e+06
1.745654122929962249e+00 4.236123827647708673e+00 1.014106000000000000e+06
1.751791416343087882e+00 4.221446621458568416e+00 1.028098000000000000e+06
1.757926485810765493e+00 4.180713340630845209e+00 1.027550000000000000e+06
1.764058071799011307e+00 4.149474149981796423e+00 1.040514000000000000e+06
1.770189729323980998e+00 4.119587616520102635e+00 1.043090000000000000e+06
1.776325559465732340e+00 4.095920183635089806e+00 1.055434000000000000e+06
1.782465932766922556e+00 4.066263313670568813e+00 1.060254000000000000e+06
1.788601524197432235e+00 4.038189031302368726e+00 1.067634000000000000e+06
1.794738604867500475e+00 4.001423151420902435e+00 1.075338000000000000e+06
1.800883099103459672e+00 3.975160933193407242e+00 1.085598000000000000e+06
1.807019934883168588e+00 3.949217272175239213e+00 1.087216000000000000e+06
1.813151561985820504e+00 3.921158312467801554e+00 1.098236000000000000e+06
1.819285967717886310e+00 3.899622918826918916e+00 1.102954000000000000e+06
1.825420496494855049e+00 3.862097928401579949e+00 1.113718000000000000e+06
1.831562044563034508e+00 3.829803956656927078e+00 1.120514000000000000e+06
1.837698068657018347e+00 3.800415370717537655e+00 1.125890000000000000e+06
1.843828620762528958e+00 3.773481231017117299e+00 1.134052000000000000e+06
1.849956619567177496e+00 3.754797471779926621e+00 1.140116000000000000e+06
1.856099484251994225e+00 3.717989644778461944e+00 1.154826000000000000e+06
1.862242457888296343e+00 3.705351167550988478e+00 1.155078000000000000e+06
1.868367962353731038e+00 3.676182444989158693e+00 1.163314000000000000e+06
1.874504240172072622e+00 3.654479046498852579e+00 1.175290000000000000e+06
1.880642007427152373e+00 3.613094673852490502e+00 1.178290000000000000e+06
1.886782336020498052e+00 3.593509573061911766e+00 1.192380000000000000e+06
1.892914585516437986e+00 3.564682986745050020e+00 1.190202000000000000e+06
1.899042765606501204e+00 3.545522112012988725e+00 1.206244000000000000e+06
1.905183085066037618e+00 3.519720878550970156e+00 1.211190000000000000e+06
1.911324222205221357e+00 3.489118758603981352e+00 1.221130000000000000e+06
1.917461111844493526e+00 3.475513282567298301e+00 1.226234000000000000e+06
1.923595210349106743e+00 3.445151735453505282e+00 1.234778000000000000e+06
1.929735848089336070e+00 3.418098293089965711e+00 1.245350000000000000e+06
1.935877267586955330e+00 3.402161285779019551e+00 1.250602000000000000e+06
1.942009963668424488e+00 3.370077871788839996e+00 1.257602000000000000e+06
1.948142965082060751e+00 3.350617135974882643e+00 1.267158000000000000e+06
1.954279252938452727e+00 3.325075759052197100e+00 1.273850000000000000e+06
1.960410884287222322e+00 3.290181600633701020e+00 1.282434000000000000e+06
1.966542013919925891e+00 3.280551312081042337e+00 1.288902000000000000e+06
1.972675597984424600e+00 3.255618303739918673e+00 1.299696000000000000e+06
1.978820074307326982e+00 3.235709319709040077e+00 1.309644000000000000e+06
1.984962060325404565e+00 3.215447143973142463e+00 1.315034000000000000e+06
1.991088519666428525e+00 3.189562301319087023e+00 1.319526000000000000e+06
1.997221658539706457e+00 3.168078357126498101e+00 1.333544000000000000e+06
2.003364951808915162e+00 3.157705301531077424e+00 1.340506000000000000e+06
2.009503468739715526e+00 3.124345193443705870e+00 1.348350000000000000e+06
2.015639169983700185e+00 3.099612229096771809e+00 1.355332000000000000e+06
2.021777826909511688e+00 3.087451900096398916e+00 1.366354000000000000e+06
2.027920344587200940e+00 3.056955570008408340e+00 1.373130000000000000e+06
2.034048927939124063e+00 3.035604990586927787e+00 1.377382000000000000e+06
2.040171866290584113e+00 3.022258851949378045e+00 1.387258000000000000e+06
2.046313874271335376e+00 2.995219945976813403e+00 1.401802000000000000e+06
2.052448517325268007e+00 2.981686190157478045e+00 1.401614000000000000e+06
2.058580698669291831e+00 2.961085325958310754e+00 1.416858000000000000e+06
2.064718757447014941e+00 2.940503636421476497e+00 1.422138000000000000e+06
2.070852524234804815e+00 2.922560453797064195e+00 1.430634000000000000e+06
2.076990486458365925e+00 2.906699361375745028e+00 1.441214000000000000e+06
2.083128720234920017e+00 2.876298226215053155e+00 1.448752000000000000e+06
2.089269859683697828e+00 2.859024555513567378e+00 1.458412000000000000e+06
2.095408768674568822e+00 2.837453546904039836e+00 1.466044000000000000e+06
2.101538222075882256e+00 2.821063934773875292e+00 1.469892000000000000e+06
2.107676211136748190e+00 2.811674424504214453e+00 1.488256000000000000e+06
2.113815672236325938e+00 2.783486960944425270e+00 1.487680000000000000e+06
2.119953804781640638e+00 2.763885641501580004e+00 1.504322000000000000e+06
2.126089130118720583e+00 2.751825520671274283e+00 1.504690000000000000e+06
2.132215609835382608e+00 2.730753071978345936e+00 1.516170000000000000e+06
2.138350625473082189e+00 2.707070992169809287e+00 1.527750000000000000e+06
2.144493514828501368e+00 2.691981009770775479e+00 1.536538000000000000e+06
2.150631190063275522e+00 2.674266774906545407e+00 1.542986000000000000e+06
2.156762165252020136e+00 2.652370399084578612e+00 1.550950000000000000e+06
2.162896664448224815e+00 2.645877970635964971e+00 1.562120000000000000e+06
2.169037349367366030e+00 2.622812811854945192e+00 1.572370000000000000e+06
2.175170078658939854e+00 2.613092020926993442e+00 1.575386000000000000e+06
2.181306916133408880e+00 2.584497597614336506e+00 1.592318000000000000e+06
2.187445281223796112e+00 2.570859754627981442e+00 1.594284000000000000e+06
2.193578869952625521e+00 2.557507799090943390e+00 1.607394000000000000e+06
2.199713500802712662e+00 2.536765797859989124e+00 1.613430000000000000e+06
2.205843315404407701e+00 2.523986464396657414e+00 1.621986000000000000e+06
2.211981653840972672e+00 2.510742074441056015e+00 1.636466000000000000e+06
2.218115749455018548e+00 2.491039155502551505e+00 1.638262000000000000e+06
2.224253394449617005e+00 2.473875544384507741e+00 1.655554000000000000e+06
2.230394475034700452e+00 2.454050197563095725e+00 1.659354000000000000e+06
2.236527486724025682e+00 2.442951971571941439e+00 1.668346000000000000e+06
2.242668115027510733e+00 2.426486037846224075e+00 1.683278000000000000e+06
2.248802178656232442e+00 2.417015154392470944e+00 1.681944000000000000e+06
2.254934371799744763e+00 2.387777487631916440e+00 1.701178000000000000e+06
2.261073606041869244e+00 2.379686692581056029e+00 1.704294000000000000e+06
2.267215275432380661e+00 2.363432794624694466e+00 1.720484000000000000e+06
2.273352959253353234e+00 2.346810638960752371e+00 1.721954000000000000e+06
2.279480162911264873e+00 2.330992250935564947e+00 1.731642000000000000e+06
2.285613562787311537e+00 2.318103532497184815e+00 1.745270000000000000e+06
2.291755320230514759e+00 2.303060204823160095e+00 1.754618000000000000e+06
2.297895760600043857e+00 2.288875914639070697e+00 1.763210000000000000e+06
2.304031358756954972e+00 2.264639131896535762e+00 1.771374000000000000e+06
2.310161424867521962e+00 2.256412869029138069e+00 1.777658000000000000e+06
2.316297978757182019e+00 2.239714883120680344e+00 1.795410000000000000e+06
2.322436317381534554e+00 2.228570465430754766e+00 1.796694000000000000e+06
2.328569333475320136e+00 2.219472101461956726e+00 1.811810000000000000e+06
2.334705947664326597e+00 2.199743438865676914e+00 1.818024000000000000e+06
2.340836381319525650e+00 2.184013867230619965e+00 1.826074000000000000e+06
2.346969592145329297e+00 2.173761551445138718e+00 1.840326000000000000e+06
2.353111353042913745e+00 2.158762152679169599e+00 1.849818000000000000e+06
2.359250472361396955e+00 2.145084728787006956e+00 1.857988000000000000e+06
2.365392372652085129e+00 2.132928870377150510e+00 1.870950000000000000e+06
2.371526317157957475e+00 2.120247852323104976e+00 1.872210000000000000e+06
2.377656093482844124e+00 2.105102226894240314e+00 1.888706000000000000e+06
2.383791837043190753e+00 2.091863622034520365e+00 1.894242000000000000e+06
2.389932547086535575e+00 2.076850239532192610e+00 1.911622000000000000e+06
2.396067071658701586e+00 2.062439647022129119e+00 1.910826000000000000e+06
2.402200402384513378e+00 2.049042727152956100e+00 1.929258000000000000e+06
2.408341193848630102e+00 2.036367655735307203e+00 1.936430000000000000e+06
2.414476934265398445e+00 2.020149462893382264e+00 1.944146000000000000e+06
2.420605355418538274e+00 2.011301214374663804e+00 1.953240000000000000e+06
2.426740659922558940e+00 1.999151538747833801e+00 1.967690000000000000e+06
2.432881039345170304e+00 1.990409277369620700e+00 1.976144000000000000e+06
2.439012602858177559e+00 1.973006193560434163e+00 1.982370000000000000e+06
2.445150210392110335e+00 1.960424441298096454e+00 1.999088000000000000e+06
2.451288854292454022e+00 1.946554533291906086e+00 2.004904000000000000e+06
2.457424250758790674e+00 1.943212579985373889e+00 2.015074000000000000e+06
2.463564817045048372e+00 1.924153623270332902e+00 2.029642000000000000e+06
2.469700047730502224e+00 1.911719290415079708e+00 2.031414000000000000e+06
2.475832780499056085e+00 1.904108214730394488e+00 2.048226000000000000e+06
2.481970511063669171e+00 1.887221466784914536e+00 2.055170000000000000e+06
2.488108687706466426e+00 1.876675387840829545e+00 2.068266000000000000e+06
2.494239285613428336e+00 1.867519206420746425e+00 2.071406000000000000e+06
2.500368357182769952e+00 1.852956878686727649e+00 2.086658000000000000e+06
2.506512664393816259e+00 1.842987916771384294e+00 2.103000000000000000e+06
2.512652740121724015e+00 1.833543589153293185e+00 2.104120000000000000e+06
2.518783353036091910e+00 1.821040009144906602e+00 2.116722000000000000e+06
2.524922642355731828e+00 1.811317244363667367e+00 2.131224000000000000e+06
2.531060673812723483e+00 1.796975042406446121e+00 2.136036000000000000e+06
2.537192347566814998e+00 1.786811453386531356e+00 2.148102000000000000e+06
2.543321096198151388e+00 1.773556015749019110e+00 2.154818000000000000e+06
2.549460494225066487e+00 1.765248923875958997e+00 2.175186000000000000e+06
2.555599099877817082e+00 1.752882624014254098e+00 2.176766000000000000e+06
2.561727104143974643e+00 1.736718956205381525e+00 2.187562000000000000e+06
2.567864194824001967e+00 1.732160453007773881e+00 2.204802000000000000e+06
2.574002942759865409e+00 1.716714197696847632e+00 2.209126000000000000e+06
2.580138358004716359e+00 1.705355733121331152e+00 2.223546000000000000e+06
2.586274078433772772e+00 1.700447924141863965e+00 2.231962000000000000e+06
2.592414558086459930e+00 1.687123981962899366e+00 2.245920000000000000e+06
2.598554258700748854e+00 1.677057278978881349e+00 2.254302000000000000e+06
2.604687212253104622e+00 1.667078661355818836e+00 2.261250000000000000e+06
2.610825522257030684e+00 1.656248032640923018e+00 2.280740000000000000e+06
2.616966808842488668e+00 1.645541561238604178e+00 2.284350000000000000e+06
2.623104270467115473e+00 1.636020981785364370e+00 2.298202000000000000e+06
2.629237483160341338e+00 1.628660223413134878e+00 2.304698000000000000e+06
2.635369657694711876e+00 1.615443296498376702e+00 2.317338000000000000e+06
2.641499727968988687e+00 1.603210463155960053e+00 2.325798000000000000e+06
2.647632768226896527e+00 1.595048788408397700e+00 2.339938000000000000e+06
2.653770534295234018e+00 1.585462936333080997e+00 2.351874000000000000e+06
2.659909164671664605e+00 1.574697609487376804e+00 2.362846000000000000e+06
2.666054374117809100e+00 1.567403577726917741e+00 2.377538000000000000e+06
2.672186673284417946e+00 1.555569946209543586e+00 2.375848000000000000e+06
2.678312528652142088e+00 1.547912100090851117e+00 2.393516000000000000e+06
2.684453749728012095e+00 1.537238990479862899e+00 2.410428000000000000e+06
2.690591377737787671e+00 1.526021255502123086e+00 2.412546000000000000e+06
2.696726952642713560e+00 1.516215408717614510e+00 2.430260000000000000e+06
2.702866110225143448e+00 1.506956686563591941e+00 2.438550000000000000e+06
2.709002338288592604e+00 1.498323087297251277e+00 2.449114000000000000e+06
2.715135780543764810e+00 1.489034000631440868e+00 2.459034000000000000e+06
2.721267436131594497e+00 1.481265427922541233e+00 2.470150000000000000e+06
2.727401015142188356e+00 1.469258595871541839e+00 2.481514000000000000e+06
2.733539335677399595e+00 1.464831512342357867e+00 2.498234000000000000e+06
2.739679502125022204e+00 1.455171401635757755e+00 2.503746000000000000e+06
2.745817155774809226e+00 1.446677003560703278e+00 2.520166000000000000e+06
2.751943099353292954e+00 1.436016425443245925e+00 2.515546000000000000e+06
2.758076357730228523e+00 1.427281766116594186e+00 2.548256000000000000e+06
2.764223098794695410e+00 1.417417554560742143e+00 2.551110000000000000e+06
2.770360964805264725e+00 1.410297230129140988e+00 2.561602000000000000e+06
2.776495678064977657e+00 1.403485379811547418e+00 2.573090000000000000e+06
2.782632841907622723e+00 1.390390220181954906e+00 2.584266000000000000e+06
2.788767970688140085e+00 1.379684166134129475e+00 2.595808000000000000e+06
2.794901511144343154e+00 1.373837930330666923e+00 2.605834000000000000e+06
2.801038782212097455e+00 1.368353533934764998e+00 2.620114000000000000e+06
2.807176319890059446e+00 1.359950740669116476e+00 2.631062000000000000e+06
2.813311830642204470e+00 1.350323666779733145e+00 2.639842000000000000e+06
2.819446930747391278e+00 1.343379328140454465e+00 2.655378000000000000e+06
2.825580897323283214e+00 1.333840496729395309e+00 2.660326000000000000e+06
2.831713271913113505e+00 1.326087829469278612e+00 2.677426000000000000e+06
2.837846345622741850e+00 1.317535713474490722e+00 2.685162000000000000e+06
2.843985590462598800e+00 1.309489940365790694e+00 2.704760000000000000e+06
2.850123436079797568e+00 1.302605536121957952e+00 2.708496000000000000e+06
2.856259466837814287e+00 1.291775477958132523e+00 2.725248000000000000e+06
2.862398885036955942e+00 1.283762103515155628e+00 2.736020000000000000e+06
2.868533615008694415e+00 1.278437457568667668e+00 2.744030000000000000e+06
2.874669347604553948e+00 1.268836322573198672e+00 2.760146000000000000e+06
2.880808804211496987e+00 1.261734595672798775e+00 2.771578000000000000e+06
2.886941815293988078e+00 1.254337721926768401e+00 2.777034000000000000e+06
2.893077102347914487e+00 1.245625359828052003e+00 2.798278000000000000e+06
2.899215689977627353e+00 1.239175587528005940e+00 2.803594000000000000e+06
2.905349614149792981e+00 1.229901826128031450e+00 2.816642000000000000e+06
2.911484395663807234e+00 1.224879434161991965e+00 2.829646000000000000e+06
2.917623870298519329e+00 1.216848416582100523e+00 2.843514000000000000e+06
2.923759010894857902e+00 1.209666433678682873e+00 2.851082000000000000e+06
2.929889100592979911e+00 1.200980016717298149e+00 2.861654000000000000e+06
2.936021938209480986e+00 1.194476416138060326e+00 2.877178000000000000e+06
2.942158275655325728e+00 1.185085477025034084e+00 2.890432000000000000e+06
2.948295394311441608e+00 1.178449188968472505e+00 2.900266000000000000e+06
2.954432425033341580e+00 1.172420515435485422e+00 2.916768000000000000e+06
2.960571128117052808e+00 1.164697058499589488e+00 2.923330000000000000e+06
2.966709357851962103e+00 1.157135457508664311e+00 2.942818000000000000e+06
2.972847381510149045e+00 1.150687866023277106e+00 2.947038000000000000e+06
2.978981248413536953e+00 1.145261906680544728e+00 2.962122000000000000e+06
2.985113362632154654e+00 1.134805259405098354e+00 2.970874000000000000e+06
2.991250826136111485e+00 1.128910666303753585e+00 2.990330000000000000e+06
2.997387592483181873e+00 1.121820876622608321e+00 2.996886000000000000e+06
3.003528386879907863e+00 1.115343916591315487e+00 3.017202000000000000e+06
3.009664205426715089e+00 1.108471486752298452e+00 3.016754000000000000e+06
3.015796465997510722e+00 1.101775527812256739e+00 3.039078000000000000e+06
3.021932414202445294e+00 1.096495748227893197e+00 3.044178000000000000e+06
3.028070738935859207e+00 1.087394813965517848e+00 3.067032000000000000e+06
3.034208569138587386e+00 1.081119927711150064e+00 3.067826000000000000e+06
3.040342223476008243e+00 1.075675915538964800e+00 3.088064000000000000e+06
3.046476421080876129e+00 1.066466368029398204e+00 3.093602000000000000e+06
3.052612959636699319e+00 1.060541933619341792e+00 3.114690000000000000e+06
3.058750231468988279e+00 1.053741105753251528e+00 3.119758000000000000e+06
3.064882704630693233e+00 1.048684481408151070e+00 3.134506000000000000e+06
3.071021226748086086e+00 1.043183638734628715e+00 3.151738000000000000e+06
3.077154342678021681e+00 1.034759918889080810e+00 3.153718000000000000e+06
3.083285412300488915e+00 1.028887094215721998e+00 3.174282000000000000e+06
3.089423337311991702e+00 1.023185858845303553e+00 3.187258000000000000e+06
3.095558878539140135e+00 1.015785168419984119e+00 3.195346000000000000e+06
3.101698563582312662e+00 1.010706370140680432e+00 3.218684000000000000e+06
3.107834128583444322e+00 1.003934414982386780e+00 3.215772000000000000e+06
3.113967832080322573e+00 9.979399250266731691e-01 3.242200000000000000e+06
3.120108124816106887e+00 9.900573329924267085e-01 3.248392000000000000e+06
3.126246092256358189e+00 9.852369599970669523e-01 3.264266000000000000e+06
3.132375051323107673e+00 9.787474111681996325e-01 3.266914000000000000e+06
3.138511081734877806e+00 9.726857694301982438e-01 3.294282000000000000e+06
