# Redshift space power spectrum multipoles.
# Subtracting SN=    9.87354e+00 from monopole.
#        k              P0              P2              P4
   0.05000     6.93406e+03     3.10125e+03     5.25306e+01
   0.07000     5.36678e+03     2.36849e+03    -5.35167e+01
   0.09000     3.78958e+03     1.72470e+03     3.21899e+02
   0.11000     2.73455e+03     1.15696e+03    -1.91700e+01
   0.13000     2.34789e+03     1.05873e+03     3.75528e+01
   0.15000     1.85809e+03     8.33980e+02     4.85218e+01
   0.17000     1.48078e+03     7.06244e+02     1.01646e+02
   0.19000     1.27965e+03     5.86043e+02     5.06769e+01
   0.21000     1.09189e+03     5.14422e+02     1.58924e+01
   0.23000     9.23135e+02     4.60500e+02     5.62784e+01
   0.25000     8.16911e+02     4.04419e+02     4.75206e+01
   0.27000     7.20510e+02     3.49738e+02     2.27769e+01
   0.29000     6.37263e+02     3.21182e+02     2.87859e+01
   0.31000     5.71318e+02     2.90941e+02     2.80805e+01
   0.33000     5.13391e+02     2.61558e+02     2.79045e+01
   0.35000     4.65418e+02     2.42030e+02     2.56579e+01
   0.37000     4.25711e+02     2.18811e+02     2.10977e+01
   0.39000     3.87639e+02     2.01343e+02     3.25017e+01
   0.41000     3.57525e+02     1.94506e+02     2.95991e+01
   0.43000     3.28558e+02     1.79524e+02     2.26259e+01
   0.45000     3.03090e+02     1.66752e+02     1.86356e+01
   0.47000     2.83544e+02     1.56044e+02     2.51471e+01
   0.49000     2.63113e+02     1.48668e+02     1.96660e+01
   0.51000     2.44026e+02     1.39382e+02     2.15938e+01
   0.53000     2.28980e+02     1.29849e+02     1.73236e+01
   0.55000     2.15031e+02     1.24868e+02     1.93548e+01
   0.57000     2.01160e+02     1.17088e+02     2.02647e+01
   0.59000     1.89520e+02     1.10244e+02     1.61970e+01
   0.61000     1.79320e+02     1.04418e+02     1.49578e+01
   0.63000     1.69136e+02     9.92206e+01     1.68283e+01
   0.65000     1.59661e+02     9.35307e+01     1.69157e+01
   0.67000     1.51463e+02     9.10326e+01     1.59437e+01
   0.69000     1.43129e+02     8.44414e+01     1.33040e+01
   0.71000     1.35716e+02     8.04546e+01     1.35128e+01
   0.73000     1.29481e+02     7.78469e+01     1.44698e+01
   0.75000     1.22754e+02     7.24103e+01     1.07700e+01
   0.77000     1.16713e+02     6.95009e+01     1.18399e+01
   0.79000     1.11723e+02     6.78451e+01     1.33782e+01
   0.81000     1.06388e+02     6.30572e+01     1.19394e+01
   0.83000     1.01228e+02     6.09675e+01     1.07626e+01
   0.85000     9.64938e+01     5.80510e+01     1.07671e+01
   0.87000     9.25510e+01     5.54759e+01     1.16237e+01
   0.89000     8.82366e+01     5.25684e+01     1.05623e+01
   0.91000     8.42427e+01     5.08016e+01     9.71410e+00
   0.93000     8.03968e+01     4.77729e+01     9.77751e+00
   0.95000     7.73135e+01     4.67698e+01     1.03350e+01
   0.97000     7.40502e+01     4.45906e+01     9.91682e+00
   0.99000     7.09825e+01     4.21978e+01     8.90624e+00
   1.01000     6.78361e+01     4.06427e+01     8.48899e+00
   1.03000     6.49717e+01     3.84267e+01     8.12756e+00
   1.05000     6.26561e+01     3.75292e+01     8.62788e+00
   1.07000     5.96906e+01     3.53738e+01     8.24884e+00
   1.09000     5.72882e+01     3.39382e+01     8.38696e+00
   1.11000     5.50033e+01     3.22862e+01     7.92060e+00
   1.13000     5.27270e+01     3.12191e+01     7.47700e+00
   1.15000     5.05838e+01     2.95528e+01     6.76743e+00
   1.17000     4.86783e+01     2.87101e+01     7.53308e+00
   1.19000     4.65366e+01     2.70792e+01     6.47491e+00
   1.21000     4.47838e+01     2.61164e+01     6.45771e+00
   1.23000     4.30014e+01     2.52140e+01     6.34831e+00
   1.25000     4.12555e+01     2.39570e+01     6.23478e+00
   1.27000     3.96304e+01     2.30366e+01     5.95742e+00
   1.29000     3.79703e+01     2.18410e+01     5.51421e+00
   1.31000     3.65239e+01     2.09183e+01     5.35081e+00
   1.33000     3.50950e+01     1.97860e+01     5.48222e+00
   1.35000     3.36920e+01     1.90265e+01     5.10507e+00
   1.37000     3.23311e+01     1.84276e+01     4.77277e+00
   1.39000     3.10685e+01     1.74612e+01     4.92640e+00
   1.41000     2.97576e+01     1.67444e+01     4.86373e+00
   1.43000     2.85334e+01     1.56672e+01     4.35843e+00
   1.45000     2.73082e+01     1.51783e+01     4.48444e+00
   1.47000     2.62744e+01     1.46259e+01     4.24164e+00
   1.49000     2.51772e+01     1.38079e+01     4.14650e+00
   1.51000     2.41811e+01     1.33163e+01     4.12229e+00
   1.53000     2.31374e+01     1.26605e+01     3.94956e+00
   1.55000     2.21800e+01     1.21044e+01     4.09338e+00
   1.57000     2.11937e+01     1.14667e+01     3.87521e+00
   1.59000     2.02972e+01     1.11310e+01     3.61816e+00
   1.61000     1.94275e+01     1.05324e+01     3.51481e+00
   1.63000     1.86074e+01     1.00619e+01     3.57226e+00
   1.65000     1.77516e+01     9.63220e+00     3.51955e+00
   1.67000     1.69866e+01     9.10804e+00     3.35577e+00
   1.69000     1.61850e+01     8.71416e+00     3.30158e+00
   1.71000     1.54828e+01     8.21179e+00     3.10808e+00
   1.73000     1.47262e+01     7.93665e+00     3.08207e+00
   1.75000     1.40031e+01     7.48054e+00     2.89531e+00
   1.77000     1.33418e+01     7.13675e+00     2.82197e+00
   1.79000     1.26895e+01     6.77825e+00     2.91499e+00
   1.81000     1.20962e+01     6.47151e+00     2.78567e+00
   1.83000     1.14732e+01     6.13722e+00     2.69308e+00
   1.85000     1.08734e+01     5.87389e+00     2.62794e+00
   1.87000     1.03057e+01     5.53848e+00     2.60674e+00
   1.89000     9.73649e+00     5.29237e+00     2.55744e+00
   1.91000     9.19357e+00     4.97557e+00     2.40241e+00
   1.93000     8.67790e+00     4.82520e+00     2.34996e+00
   1.95000     8.17654e+00     4.48625e+00     2.43110e+00
   1.97000     7.66637e+00     4.32332e+00     2.36404e+00
   1.99000     7.17472e+00     4.06287e+00     2.28795e+00
   2.01000     6.72558e+00     3.86897e+00     2.27548e+00
   2.03000     6.26395e+00     3.70414e+00     2.20306e+00
   2.05000     5.81983e+00     3.43924e+00     2.15697e+00
   2.07000     5.41922e+00     3.26825e+00     2.16986e+00
   2.09000     5.00427e+00     3.03571e+00     2.09483e+00
   2.11000     4.60153e+00     2.92905e+00     2.00808e+00
   2.13000     4.22159e+00     2.74166e+00     2.02609e+00
   2.15000     3.82802e+00     2.59170e+00     1.94982e+00
   2.17000     3.49375e+00     2.45505e+00     1.94846e+00
   2.19000     3.12350e+00     2.32972e+00     1.90492e+00
   2.21000     2.79170e+00     2.13596e+00     1.86480e+00
   2.23000     2.44835e+00     2.02151e+00     1.89045e+00
   2.25000     2.12947e+00     1.91386e+00     1.83762e+00
   2.27000     1.80757e+00     1.77384e+00     1.77749e+00
   2.29000     1.49473e+00     1.69154e+00     1.79126e+00
   2.31000     1.20394e+00     1.53808e+00     1.76095e+00
   2.33000     9.25339e-01     1.48016e+00     1.73776e+00
   2.35000     6.37989e-01     1.37956e+00     1.73192e+00
   2.37000     3.72428e-01     1.25389e+00     1.72096e+00
   2.39000     1.11333e-01     1.18379e+00     1.68248e+00
   2.41000    -1.45625e-01     1.11181e+00     1.68126e+00
   2.43000    -3.89809e-01     1.02618e+00     1.67968e+00
   2.45000    -6.33480e-01     9.27139e-01     1.63973e+00
   2.47000    -8.77657e-01     8.96475e-01     1.66002e+00
   2.49000    -1.09548e+00     8.19331e-01     1.65077e+00
   2.51000    -1.31490e+00     7.24572e-01     1.61518e+00
   2.53000    -1.52727e+00     6.67627e-01     1.62255e+00
   2.55000    -1.73954e+00     6.02756e-01     1.61374e+00
   2.57000    -1.93423e+00     5.68926e-01     1.60386e+00
   2.59000    -2.13277e+00     5.05944e-01     1.65022e+00
   2.61000    -2.32142e+00     4.47713e-01     1.62467e+00
   2.63000    -2.49732e+00     4.00221e-01     1.62768e+00
   2.65000    -2.68068e+00     3.61355e-01     1.61929e+00
   2.67000    -2.84570e+00     3.23894e-01     1.61744e+00
   2.69000    -3.01188e+00     2.80280e-01     1.65111e+00
   2.71000    -3.17605e+00     2.39121e-01     1.63755e+00
   2.73000    -3.32788e+00     2.08336e-01     1.64461e+00
   2.75000    -3.47589e+00     1.67786e-01     1.67335e+00
   2.77000    -3.62392e+00     1.34560e-01     1.67369e+00
   2.79000    -3.76435e+00     1.15393e-01     1.70257e+00
   2.81000    -3.89353e+00     7.99676e-02     1.72263e+00
   2.83000    -4.02738e+00     5.29000e-02     1.72491e+00
   2.85000    -4.15796e+00     2.39005e-02     1.75824e+00
   2.87000    -4.28440e+00    -9.20592e-03     1.78166e+00
   2.89000    -4.40356e+00    -2.53573e-02     1.79289e+00
   2.91000    -4.51792e+00    -3.70711e-02     1.81439e+00
   2.93000    -4.62402e+00    -5.81553e-02     1.85765e+00
   2.95000    -4.73278e+00    -7.48272e-02     1.87613e+00
   2.97000    -4.84315e+00    -9.25111e-02     1.90273e+00
   2.99000    -4.93561e+00    -9.83603e-02     1.92754e+00
   3.01000    -5.03399e+00    -1.09872e-01     1.96730e+00
   3.03000    -5.12458e+00    -1.22034e-01     1.99546e+00
   3.05000    -5.21223e+00    -1.35936e-01     2.03507e+00
   3.07000    -5.29892e+00    -1.51282e-01     2.06535e+00
   3.09000    -5.38098e+00    -1.64630e-01     2.12082e+00
   3.11000    -5.46069e+00    -1.65034e-01     2.16500e+00
   3.13000    -5.53371e+00    -1.76445e-01     2.19867e+00
