# Redshift space power spectrum multipoles.
# Subtracting SN=    9.14337e+00 from monopole.
#        k              P0              P2              P4
   0.05000     6.81193e+03     2.79452e+03     3.71231e+01
   0.07000     5.27698e+03     2.14280e+03    -7.17021e+01
   0.09000     3.72675e+03     1.55644e+03     2.94029e+02
   0.11000     2.69384e+03     1.04706e+03    -3.13471e+01
   0.13000     2.31504e+03     9.61069e+02     2.81702e+01
   0.15000     1.83173e+03     7.57646e+02     3.99320e+01
   0.17000     1.45894e+03     6.39079e+02     9.13105e+01
   0.19000     1.26209e+03     5.33459e+02     4.43643e+01
   0.21000     1.07842e+03     4.70962e+02     1.03793e+01
   0.23000     9.10516e+02     4.20133e+02     4.90960e+01
   0.25000     8.06524e+02     3.69775e+02     4.23510e+01
   0.27000     7.11744e+02     3.19142e+02     1.77937e+01
   0.29000     6.29212e+02     2.93909e+02     2.39863e+01
   0.31000     5.64520e+02     2.66789e+02     2.49382e+01
   0.33000     5.07676e+02     2.40919e+02     2.43182e+01
   0.35000     4.60056e+02     2.21787e+02     2.19873e+01
   0.37000     4.21127e+02     2.01049e+02     1.69343e+01
   0.39000     3.84142e+02     1.86531e+02     2.96105e+01
   0.41000     3.54155e+02     1.80523e+02     2.73236e+01
   0.43000     3.25323e+02     1.65967e+02     1.92921e+01
   0.45000     3.00420e+02     1.55151e+02     1.62958e+01
   0.47000     2.81078e+02     1.45189e+02     2.20330e+01
   0.49000     2.60927e+02     1.38678e+02     1.68912e+01
   0.51000     2.42267e+02     1.30613e+02     1.97245e+01
   0.53000     2.27484e+02     1.22034e+02     1.57383e+01
   0.55000     2.13832e+02     1.17219e+02     1.73058e+01
   0.57000     2.00091e+02     1.10308e+02     1.80274e+01
   0.59000     1.88547e+02     1.03648e+02     1.40443e+01
   0.61000     1.78710e+02     9.92032e+01     1.35662e+01
   0.63000     1.68636e+02     9.42202e+01     1.53706e+01
   0.65000     1.59361e+02     8.94649e+01     1.57820e+01
   0.67000     1.51210e+02     8.69902e+01     1.43190e+01
   0.69000     1.43113e+02     8.10255e+01     1.16425e+01
   0.71000     1.35702e+02     7.75567e+01     1.28032e+01
   0.73000     1.29693e+02     7.54042e+01     1.33879e+01
   0.75000     1.23093e+02     7.02063e+01     9.73822e+00
   0.77000     1.17122e+02     6.76585e+01     1.07944e+01
   0.79000     1.12206e+02     6.63112e+01     1.25918e+01
   0.81000     1.06957e+02     6.17762e+01     1.14503e+01
   0.83000     1.01923e+02     6.01024e+01     1.02069e+01
   0.85000     9.73074e+01     5.75687e+01     1.04782e+01
   0.87000     9.33418e+01     5.48081e+01     1.08714e+01
   0.89000     8.91414e+01     5.23736e+01     1.02478e+01
   0.91000     8.52309e+01     5.08965e+01     9.39344e+00
   0.93000     8.14612e+01     4.81566e+01     9.67777e+00
   0.95000     7.84224e+01     4.72818e+01     1.03163e+01
   0.97000     7.51424e+01     4.49512e+01     9.52498e+00
   0.99000     7.21244e+01     4.28855e+01     8.75934e+00
   1.01000     6.90428e+01     4.13326e+01     8.21382e+00
   1.03000     6.62597e+01     3.94326e+01     8.06659e+00
   1.05000     6.39372e+01     3.86859e+01     8.37657e+00
   1.07000     6.09554e+01     3.64269e+01     8.13668e+00
   1.09000     5.86399e+01     3.52415e+01     8.24564e+00
   1.11000     5.63943e+01     3.36636e+01     7.80612e+00
   1.13000     5.41485e+01     3.26753e+01     7.26687e+00
   1.15000     5.19887e+01     3.10931e+01     6.60523e+00
   1.17000     5.01291e+01     3.02681e+01     7.27290e+00
   1.19000     4.80399e+01     2.89050e+01     6.60079e+00
   1.21000     4.62386e+01     2.77943e+01     6.35632e+00
   1.23000     4.44733e+01     2.69224e+01     6.43305e+00
   1.25000     4.28215e+01     2.60260e+01     6.42359e+00
   1.27000     4.11285e+01     2.48610e+01     5.90894e+00
   1.29000     3.95700e+01     2.39078e+01     5.56046e+00
   1.31000     3.80494e+01     2.28590e+01     5.46447e+00
   1.33000     3.66079e+01     2.16893e+01     5.39349e+00
   1.35000     3.52435e+01     2.10067e+01     5.09426e+00
   1.37000     3.38766e+01     2.04111e+01     4.76592e+00
   1.39000     3.26240e+01     1.94891e+01     4.96115e+00
   1.41000     3.13009e+01     1.88156e+01     4.91673e+00
   1.43000     3.00813e+01     1.77388e+01     4.38699e+00
   1.45000     2.88704e+01     1.72944e+01     4.57344e+00
   1.47000     2.78474e+01     1.67160e+01     4.40551e+00
   1.49000     2.67041e+01     1.58596e+01     4.30773e+00
   1.51000     2.57000e+01     1.53666e+01     4.21136e+00
   1.53000     2.46804e+01     1.47616e+01     4.06352e+00
   1.55000     2.37298e+01     1.41389e+01     4.18571e+00
   1.57000     2.27233e+01     1.35333e+01     3.89927e+00
   1.59000     2.18180e+01     1.31674e+01     3.72924e+00
   1.61000     2.09211e+01     1.25591e+01     3.54769e+00
   1.63000     2.01010e+01     1.20411e+01     3.65678e+00
   1.65000     1.92348e+01     1.16071e+01     3.55024e+00
   1.67000     1.84368e+01     1.10382e+01     3.33848e+00
   1.69000     1.76449e+01     1.06407e+01     3.37233e+00
   1.71000     1.69209e+01     1.01182e+01     3.19238e+00
   1.73000     1.61589e+01     9.78643e+00     3.12076e+00
   1.75000     1.54480e+01     9.35456e+00     2.96787e+00
   1.77000     1.47579e+01     8.98136e+00     2.88268e+00
   1.79000     1.41201e+01     8.62779e+00     2.93352e+00
   1.81000     1.34970e+01     8.27160e+00     2.81860e+00
   1.83000     1.28443e+01     7.90142e+00     2.68647e+00
   1.85000     1.22336e+01     7.62847e+00     2.73307e+00
   1.87000     1.16636e+01     7.24633e+00     2.60980e+00
   1.89000     1.10806e+01     6.95680e+00     2.53282e+00
   1.91000     1.05068e+01     6.60841e+00     2.41255e+00
   1.93000     9.99781e+00     6.43593e+00     2.39395e+00
   1.95000     9.48939e+00     6.11334e+00     2.43424e+00
   1.97000     8.95625e+00     5.88462e+00     2.36401e+00
   1.99000     8.45374e+00     5.56698e+00     2.26703e+00
   2.01000     8.00450e+00     5.40197e+00     2.26934e+00
   2.03000     7.51604e+00     5.15136e+00     2.18319e+00
   2.05000     7.06320e+00     4.87144e+00     2.12655e+00
   2.07000     6.64701e+00     4.66775e+00     2.13175e+00
   2.09000     6.22936e+00     4.44066e+00     2.06446e+00
   2.11000     5.79695e+00     4.24224e+00     1.94425e+00
   2.13000     5.40928e+00     4.07070e+00     1.97067e+00
   2.15000     4.99967e+00     3.86213e+00     1.88882e+00
   2.17000     4.65849e+00     3.72052e+00     1.92868e+00
   2.19000     4.27390e+00     3.53838e+00     1.85883e+00
   2.21000     3.93408e+00     3.35635e+00     1.81680e+00
   2.23000     3.58081e+00     3.20584e+00     1.84122e+00
   2.25000     3.24650e+00     3.03257e+00     1.72585e+00
   2.27000     2.91846e+00     2.89581e+00     1.71863e+00
   2.29000     2.59289e+00     2.77456e+00     1.72014e+00
   2.31000     2.28998e+00     2.62833e+00     1.71528e+00
   2.33000     1.99508e+00     2.51518e+00     1.65349e+00
   2.35000     1.69674e+00     2.38193e+00     1.65060e+00
   2.37000     1.43074e+00     2.26524e+00     1.67085e+00
   2.39000     1.14378e+00     2.13709e+00     1.61838e+00
   2.41000     8.83887e-01     2.05431e+00     1.60686e+00
   2.43000     6.31037e-01     1.94893e+00     1.62676e+00
   2.45000     3.76331e-01     1.82848e+00     1.58739e+00
   2.47000     1.31305e-01     1.77530e+00     1.60584e+00
   2.49000    -1.05913e-01     1.66398e+00     1.57864e+00
   2.51000    -3.36703e-01     1.56105e+00     1.54481e+00
   2.53000    -5.55788e-01     1.47333e+00     1.57619e+00
   2.55000    -7.73561e-01     1.39919e+00     1.55793e+00
   2.57000    -9.78125e-01     1.34326e+00     1.54655e+00
   2.59000    -1.17677e+00     1.27196e+00     1.59298e+00
   2.61000    -1.37922e+00     1.18939e+00     1.58067e+00
   2.63000    -1.56423e+00     1.11439e+00     1.57722e+00
   2.65000    -1.75126e+00     1.06526e+00     1.57837e+00
   2.67000    -1.92766e+00     1.00582e+00     1.56508e+00
   2.69000    -2.10266e+00     9.48820e-01     1.59808e+00
   2.71000    -2.26656e+00     8.96844e-01     1.60933e+00
   2.73000    -2.43211e+00     8.37685e-01     1.58437e+00
   2.75000    -2.58172e+00     7.83709e-01     1.62193e+00
   2.77000    -2.74074e+00     7.37110e-01     1.62999e+00
   2.79000    -2.88891e+00     7.03556e-01     1.65975e+00
   2.81000    -3.02273e+00     6.52593e-01     1.68494e+00
   2.83000    -3.16309e+00     6.15993e-01     1.67778e+00
   2.85000    -3.29985e+00     5.77663e-01     1.70978e+00
   2.87000    -3.42882e+00     5.22086e-01     1.73901e+00
   2.89000    -3.55403e+00     5.09036e-01     1.76813e+00
   2.91000    -3.67363e+00     4.67710e-01     1.77194e+00
   2.93000    -3.78605e+00     4.39482e-01     1.82077e+00
   2.95000    -3.90097e+00     4.13681e-01     1.84479e+00
   2.97000    -4.01143e+00     4.02024e-01     1.88549e+00
   2.99000    -4.10749e+00     3.74939e-01     1.90861e+00
   3.01000    -4.21695e+00     3.44208e-01     1.93706e+00
   3.03000    -4.30852e+00     3.30908e-01     1.98122e+00
   3.05000    -4.40221e+00     2.97858e-01     2.01557e+00
   3.07000    -4.48903e+00     2.83569e-01     2.05828e+00
   3.09000    -4.57287e+00     2.61422e-01     2.11481e+00
   3.11000    -4.65637e+00     2.58887e-01     2.16249e+00
   3.13000    -4.73548e+00     2.31224e-01     2.19123e+00
