# Subtracting SN=    5.64406e+01.
#        k         Pk_0_HI
   0.03175     1.63349e+04
   0.04446     1.19022e+04
   0.05670     9.88903e+03
   0.06913     8.41887e+03
   0.08163     6.96506e+03
   0.09394     5.45619e+03
   0.10633     4.41092e+03
   0.11897     3.95867e+03
   0.13156     3.66364e+03
   0.14405     3.16394e+03
   0.15655     2.66723e+03
   0.16903     2.37115e+03
   0.18145     2.14104e+03
   0.19391     1.99399e+03
   0.20638     1.81073e+03
   0.21880     1.59947e+03
   0.23135     1.48293e+03
   0.24388     1.36216e+03
   0.25638     1.27778e+03
   0.26888     1.17632e+03
   0.28133     1.10222e+03
   0.29385     1.01641e+03
   0.30628     9.62501e+02
   0.31877     8.93466e+02
   0.33129     8.41080e+02
   0.34378     7.98062e+02
   0.35632     7.48642e+02
   0.36883     7.09287e+02
   0.38133     6.73590e+02
   0.39379     6.38992e+02
   0.40628     6.12630e+02
   0.41878     5.78807e+02
   0.43132     5.47192e+02
   0.44381     5.22382e+02
   0.45630     5.01993e+02
   0.46880     4.83076e+02
   0.48130     4.59085e+02
   0.49379     4.41651e+02
   0.50627     4.20820e+02
   0.51878     4.01118e+02
   0.53128     3.89910e+02
   0.54381     3.73085e+02
   0.55628     3.59322e+02
   0.56880     3.45203e+02
   0.58132     3.30778e+02
   0.59381     3.21522e+02
   0.60631     3.09999e+02
   0.61879     2.99422e+02
   0.63131     2.88641e+02
   0.64381     2.79465e+02
   0.65629     2.68216e+02
   0.66878     2.60117e+02
   0.68130     2.51444e+02
   0.69382     2.42920e+02
   0.70631     2.34444e+02
   0.71877     2.28788e+02
   0.73127     2.20588e+02
   0.74379     2.12983e+02
   0.75629     2.06272e+02
   0.76880     1.99821e+02
   0.78130     1.94868e+02
   0.79378     1.88187e+02
   0.80630     1.82371e+02
   0.81880     1.76895e+02
   0.83127     1.71106e+02
   0.84379     1.65803e+02
   0.85630     1.60964e+02
   0.86879     1.57251e+02
   0.88128     1.52022e+02
   0.89378     1.47030e+02
   0.90628     1.42437e+02
   0.91879     1.38077e+02
   0.93128     1.33764e+02
   0.94378     1.30536e+02
   0.95630     1.26819e+02
   0.96878     1.23554e+02
   0.98127     1.19331e+02
   0.99376     1.16044e+02
   1.00625     1.12135e+02
   1.01876     1.08926e+02
   1.03128     1.05859e+02
   1.04378     1.03383e+02
   1.05626     9.96115e+01
   1.06878     9.67361e+01
   1.08130     9.37752e+01
   1.09378     9.07556e+01
   1.10628     8.81516e+01
   1.11877     8.54643e+01
   1.13126     8.28201e+01
   1.14378     8.00204e+01
   1.15629     7.80194e+01
   1.16880     7.54281e+01
   1.18130     7.28050e+01
   1.19378     7.05824e+01
   1.20627     6.85797e+01
   1.21876     6.61923e+01
   1.23127     6.44605e+01
   1.24378     6.16909e+01
   1.25626     5.97417e+01
   1.26874     5.81621e+01
   1.28126     5.56057e+01
   1.29376     5.39859e+01
   1.30627     5.23411e+01
   1.31878     5.04615e+01
   1.33127     4.87416e+01
   1.34376     4.69279e+01
   1.35626     4.51657e+01
   1.36877     4.35507e+01
   1.38126     4.20306e+01
   1.39377     4.01799e+01
   1.40626     3.86328e+01
   1.41876     3.72923e+01
   1.43128     3.55418e+01
   1.44376     3.40588e+01
   1.45626     3.25918e+01
   1.46878     3.13986e+01
   1.48127     2.98361e+01
   1.49375     2.85164e+01
   1.50627     2.74941e+01
   1.51879     2.57251e+01
   1.53128     2.45693e+01
   1.54377     2.33256e+01
   1.55627     2.20663e+01
   1.56876     2.08936e+01
   1.58126     1.96869e+01
   1.59377     1.84451e+01
   1.60627     1.73609e+01
   1.61877     1.61921e+01
   1.63126     1.52498e+01
   1.64377     1.40592e+01
   1.65627     1.30667e+01
   1.66875     1.19929e+01
   1.68125     1.09218e+01
   1.69375     9.96281e+00
   1.70626     9.02634e+00
   1.71876     8.04810e+00
   1.73127     7.04462e+00
   1.74377     5.95178e+00
   1.75628     5.05482e+00
   1.76876     4.18261e+00
   1.78125     3.32815e+00
   1.79375     2.43262e+00
   1.80627     1.67963e+00
   1.81877     8.26179e-01
   1.83126    -6.33912e-02
   1.84377    -8.71883e-01
   1.85627    -1.65046e+00
   1.86877    -2.42790e+00
   1.88127    -3.22352e+00
   1.89376    -4.07450e+00
   1.90627    -4.72655e+00
   1.91877    -5.45481e+00
   1.93127    -6.22772e+00
   1.94377    -6.95340e+00
   1.95627    -7.63450e+00
   1.96877    -8.37160e+00
   1.98126    -9.02674e+00
   1.99375    -9.68030e+00
   2.00625    -1.02910e+01
   2.01875    -1.10799e+01
   2.03126    -1.16447e+01
   2.04377    -1.23486e+01
   2.05627    -1.29050e+01
   2.06876    -1.34620e+01
   2.08126    -1.40937e+01
   2.09376    -1.46653e+01
   2.10626    -1.52365e+01
   2.11877    -1.57833e+01
   2.13126    -1.63547e+01
   2.14377    -1.70079e+01
   2.15626    -1.75030e+01
   2.16875    -1.79644e+01
   2.18126    -1.85304e+01
   2.19376    -1.90593e+01
   2.20626    -1.94982e+01
   2.21876    -2.00256e+01
   2.23126    -2.05172e+01
   2.24376    -2.10351e+01
   2.25626    -2.15127e+01
   2.26876    -2.19752e+01
   2.28127    -2.24362e+01
   2.29377    -2.28892e+01
   2.30626    -2.32979e+01
   2.31876    -2.37701e+01
   2.33127    -2.41682e+01
   2.34377    -2.46511e+01
   2.35626    -2.50606e+01
   2.36877    -2.54116e+01
   2.38126    -2.58779e+01
   2.39375    -2.62283e+01
   2.40626    -2.66191e+01
   2.41875    -2.70270e+01
   2.43125    -2.73812e+01
   2.44376    -2.77907e+01
   2.45626    -2.81197e+01
   2.46877    -2.85123e+01
   2.48127    -2.88953e+01
   2.49376    -2.92159e+01
   2.50625    -2.95611e+01
   2.51875    -2.98967e+01
   2.53126    -3.02200e+01
   2.54376    -3.05555e+01
   2.55626    -3.08907e+01
   2.56876    -3.12006e+01
   2.58126    -3.15012e+01
   2.59377    -3.18262e+01
   2.60626    -3.21244e+01
   2.61876    -3.23870e+01
   2.63126    -3.26972e+01
   2.64376    -3.29857e+01
   2.65626    -3.32864e+01
   2.66876    -3.35488e+01
   2.68126    -3.38055e+01
   2.69376    -3.40950e+01
   2.70626    -3.43691e+01
   2.71876    -3.46002e+01
   2.73126    -3.48600e+01
   2.74376    -3.51272e+01
   2.75626    -3.53643e+01
   2.76877    -3.56060e+01
   2.78127    -3.58530e+01
   2.79377    -3.60806e+01
   2.80626    -3.62855e+01
   2.81875    -3.65135e+01
   2.83126    -3.67399e+01
   2.84377    -3.69471e+01
   2.85627    -3.71812e+01
   2.86876    -3.73696e+01
   2.88127    -3.75988e+01
   2.89377    -3.77880e+01
   2.90626    -3.79844e+01
   2.91876    -3.81831e+01
   2.93126    -3.83605e+01
   2.94376    -3.85416e+01
   2.95626    -3.87244e+01
   2.96876    -3.88957e+01
   2.98126    -3.90854e+01
   2.99376    -3.92516e+01
   3.00625    -3.94260e+01
   3.01875    -3.95811e+01
   3.03125    -3.97470e+01
   3.04376    -3.98937e+01
   3.05626    -4.00502e+01
   3.06876    -4.01985e+01
   3.08126    -4.03628e+01
   3.09376    -4.04896e+01
   3.10626    -4.06348e+01
   3.11876    -4.07806e+01
   3.13126    -4.09140e+01
