# Redshift space power spectrum in mu bins.
# Subtracting SN=    4.72806e+01.
#     k\mu         0.12500         0.37500         0.62500         0.87500
   0.00920     1.05936e+04             nan     1.82007e+04     2.47687e+04
   0.01534     1.34915e+04     1.66659e+04     2.22642e+04     2.75375e+04
   0.02148     1.32311e+04     1.46695e+04     1.89427e+04     2.56090e+04
   0.02761     1.24224e+04     1.41332e+04     1.88817e+04     2.42229e+04
   0.03375     1.05822e+04     1.11827e+04     1.42746e+04     2.11541e+04
   0.03988     8.61027e+03     9.96554e+03     1.25433e+04     1.72664e+04
   0.04602     7.77441e+03     8.42419e+03     1.08371e+04     1.45414e+04
   0.05216     6.80398e+03     8.02965e+03     1.03540e+04     1.33329e+04
   0.05829     6.40711e+03     7.34942e+03     9.03462e+03     1.26175e+04
   0.06443     6.01550e+03     6.70469e+03     8.64918e+03     1.10971e+04
   0.07056     5.76843e+03     6.14445e+03     7.84352e+03     1.04531e+04
   0.07670     5.04916e+03     5.73350e+03     7.12297e+03     1.00361e+04
   0.08283     4.61387e+03     5.11949e+03     6.31849e+03     8.59518e+03
   0.08897     3.94274e+03     4.44014e+03     5.60874e+03     7.62378e+03
   0.09511     3.37372e+03     3.87023e+03     5.00143e+03     6.83021e+03
   0.10124     3.24076e+03     3.67506e+03     4.52009e+03     5.85093e+03
   0.10738     2.95406e+03     3.32092e+03     3.94389e+03     5.51254e+03
   0.11351     2.70645e+03     3.01144e+03     3.86985e+03     5.03093e+03
   0.11965     2.52233e+03     2.84014e+03     3.58937e+03     4.86548e+03
   0.12579     2.47746e+03     2.87592e+03     3.47649e+03     4.77210e+03
   0.13192     2.35648e+03     2.61536e+03     3.33216e+03     4.59236e+03
   0.13806     2.16993e+03     2.44328e+03     3.26047e+03     4.04987e+03
   0.14419     2.05605e+03     2.26419e+03     2.87739e+03     3.99615e+03
   0.15033     1.85843e+03     2.18343e+03     2.63654e+03     3.44177e+03
   0.15647     1.69753e+03     1.97656e+03     2.39445e+03     3.30862e+03
   0.16260     1.58911e+03     1.80643e+03     2.22339e+03     3.01293e+03
   0.16874     1.46096e+03     1.68551e+03     2.20609e+03     3.07618e+03
   0.17487     1.41737e+03     1.63536e+03     2.02908e+03     2.85231e+03
   0.18101     1.37467e+03     1.55729e+03     1.85125e+03     2.70050e+03
   0.18715     1.32773e+03     1.45401e+03     1.85473e+03     2.59432e+03
   0.19328     1.28353e+03     1.45708e+03     1.80062e+03     2.43750e+03
   0.19942     1.21540e+03     1.35940e+03     1.66736e+03     2.32988e+03
   0.20555     1.11454e+03     1.28297e+03     1.57454e+03     2.18534e+03
   0.21169     1.03185e+03     1.25646e+03     1.56061e+03     2.04936e+03
   0.21783     1.01247e+03     1.13772e+03     1.43316e+03     2.01581e+03
   0.22396     9.48994e+02     1.04788e+03     1.37941e+03     1.87912e+03
   0.23010     9.10440e+02     1.03264e+03     1.33005e+03     1.88933e+03
   0.23623     8.78900e+02     9.99863e+02     1.26133e+03     1.73615e+03
   0.24237     8.23576e+02     9.43627e+02     1.16856e+03     1.59600e+03
   0.24850     8.02023e+02     9.45521e+02     1.16143e+03     1.67304e+03
   0.25464     7.98864e+02     8.81350e+02     1.14206e+03     1.59169e+03
   0.26078     7.44405e+02     8.57956e+02     1.07924e+03     1.50856e+03
   0.26691     7.21920e+02     8.00517e+02     1.02853e+03     1.40996e+03
   0.27305     7.00810e+02     7.74158e+02     1.03152e+03     1.35586e+03
   0.27918     6.86367e+02     7.73305e+02     9.32088e+02     1.35633e+03
   0.28532     6.36242e+02     7.33677e+02     9.57462e+02     1.28240e+03
   0.29146     6.07569e+02     6.77222e+02     8.78690e+02     1.22454e+03
   0.29759     5.88221e+02     6.74861e+02     8.56555e+02     1.22261e+03
   0.30373     5.57354e+02     6.50066e+02     8.29989e+02     1.17774e+03
   0.30986     5.60920e+02     6.29314e+02     8.03915e+02     1.13567e+03
   0.31600     5.35969e+02     6.08137e+02     7.70712e+02     1.07187e+03
   0.32214     5.30223e+02     5.89097e+02     7.45118e+02     1.04218e+03
   0.32827     5.10021e+02     5.64432e+02     7.12920e+02     1.01592e+03
   0.33441     4.88059e+02     5.42677e+02     7.03958e+02     9.65305e+02
   0.34054     4.69797e+02     5.41688e+02     6.49432e+02     9.60937e+02
   0.34668     4.49839e+02     5.25812e+02     6.56357e+02     9.51123e+02
   0.35282     4.39406e+02     5.08468e+02     6.20630e+02     9.08091e+02
   0.35895     4.19385e+02     4.91777e+02     6.15486e+02     8.96988e+02
   0.36509     4.19568e+02     4.66499e+02     5.81069e+02     8.38164e+02
   0.37122     4.10365e+02     4.68234e+02     5.92512e+02     8.34665e+02
   0.37736     3.93621e+02     4.49374e+02     5.56087e+02     8.19820e+02
   0.38350     3.75532e+02     4.31127e+02     5.50272e+02     7.62311e+02
   0.38963     3.70182e+02     4.21768e+02     5.23358e+02     7.29129e+02
   0.39577     3.65850e+02     4.11719e+02     5.18665e+02     7.36137e+02
   0.40190     3.48732e+02     4.03112e+02     5.07396e+02     7.16984e+02
   0.40804     3.46106e+02     3.85982e+02     4.89472e+02     7.04241e+02
   0.41417     3.27145e+02     3.74430e+02     4.70666e+02     6.75930e+02
   0.42031     3.28611e+02     3.65891e+02     4.65108e+02     6.65421e+02
   0.42645     3.15575e+02     3.53974e+02     4.52407e+02     6.43947e+02
   0.43258     3.00144e+02     3.39545e+02     4.35853e+02     6.40050e+02
   0.43872     2.95877e+02     3.36489e+02     4.34861e+02     6.23171e+02
   0.44485     2.96331e+02     3.24476e+02     4.20214e+02     5.98229e+02
   0.45099     2.77916e+02     3.27309e+02     4.04564e+02     5.75390e+02
   0.45713     2.75199e+02     3.13925e+02     3.97536e+02     5.72462e+02
   0.46326     2.77519e+02     3.01325e+02     3.82768e+02     5.58019e+02
   0.46940     2.65475e+02     3.01756e+02     3.78348e+02     5.38869e+02
   0.47553     2.61524e+02     2.92278e+02     3.65550e+02     5.27838e+02
   0.48167     2.48848e+02     2.89735e+02     3.59545e+02     5.25999e+02
   0.48781     2.44770e+02     2.77193e+02     3.44395e+02     5.10182e+02
   0.49394     2.41479e+02     2.70360e+02     3.49170e+02     4.96992e+02
   0.50008     2.31808e+02     2.64669e+02     3.34639e+02     4.93538e+02
   0.50621     2.31081e+02     2.58303e+02     3.28548e+02     4.62446e+02
   0.51235     2.22744e+02     2.48476e+02     3.11437e+02     4.62245e+02
   0.51849     2.23612e+02     2.44040e+02     3.12950e+02     4.45860e+02
   0.52462     2.15765e+02     2.38980e+02     3.07423e+02     4.40237e+02
   0.53076     2.06176e+02     2.34076e+02     3.04581e+02     4.24973e+02
   0.53689     2.07758e+02     2.29326e+02     2.91918e+02     4.21855e+02
   0.54303     1.99205e+02     2.24057e+02     2.88862e+02     4.13053e+02
   0.54917     1.92873e+02     2.17514e+02     2.80033e+02     4.03558e+02
   0.55530     1.89089e+02     2.16543e+02     2.74056e+02     3.96908e+02
   0.56144     1.86758e+02     2.08837e+02     2.67053e+02     3.91346e+02
   0.56757     1.80159e+02     2.04372e+02     2.64417e+02     3.79462e+02
   0.57371     1.78378e+02     2.01600e+02     2.54306e+02     3.66104e+02
   0.57984     1.75912e+02     1.97012e+02     2.50013e+02     3.58884e+02
   0.58598     1.70911e+02     1.90723e+02     2.44779e+02     3.46247e+02
   0.59212     1.68616e+02     1.88074e+02     2.43556e+02     3.48586e+02
   0.59825     1.63723e+02     1.83777e+02     2.35595e+02     3.41461e+02
   0.60439     1.61503e+02     1.79489e+02     2.35155e+02     3.28532e+02
   0.61052     1.57066e+02     1.78643e+02     2.24909e+02     3.26098e+02
   0.61666     1.55939e+02     1.75097e+02     2.25360e+02     3.20212e+02
   0.62280     1.52296e+02     1.72168e+02     2.19012e+02     3.13956e+02
   0.62893     1.50486e+02     1.67838e+02     2.14093e+02     3.08673e+02
   0.63507     1.46932e+02     1.63438e+02     2.10716e+02     2.98738e+02
   0.64120     1.43659e+02     1.62680e+02     2.04833e+02     2.96933e+02
   0.64734     1.40078e+02     1.57808e+02     2.00881e+02     2.87801e+02
   0.65348     1.39657e+02     1.54303e+02     1.98188e+02     2.79490e+02
   0.65961     1.34532e+02     1.51628e+02     1.92253e+02     2.78832e+02
   0.66575     1.31564e+02     1.48371e+02     1.89713e+02     2.69619e+02
   0.67188     1.30573e+02     1.46123e+02     1.85961e+02     2.64521e+02
   0.67802     1.28067e+02     1.45480e+02     1.82966e+02     2.59167e+02
   0.68416     1.23877e+02     1.40805e+02     1.80245e+02     2.55090e+02
   0.69029     1.23518e+02     1.38709e+02     1.75647e+02     2.46071e+02
   0.69643     1.20598e+02     1.35214e+02     1.70142e+02     2.47488e+02
   0.70256     1.18494e+02     1.34176e+02     1.69247e+02     2.40256e+02
   0.70870     1.18250e+02     1.27632e+02     1.65426e+02     2.39153e+02
   0.71484     1.14107e+02     1.28475e+02     1.63887e+02     2.34088e+02
   0.72097     1.13202e+02     1.25318e+02     1.60122e+02     2.27187e+02
   0.72711     1.11130e+02     1.23444e+02     1.56291e+02     2.24419e+02
   0.73324     1.07386e+02     1.21608e+02     1.51988e+02     2.17280e+02
   0.73938     1.06004e+02     1.21200e+02     1.49347e+02     2.14697e+02
   0.74551     1.04311e+02     1.15262e+02     1.48937e+02     2.13671e+02
   0.75165     1.02943e+02     1.14557e+02     1.43609e+02     2.11238e+02
   0.75779     1.00491e+02     1.13757e+02     1.43382e+02     2.03705e+02
   0.76392     9.87495e+01     1.10173e+02     1.41672e+02     1.99965e+02
   0.77006     9.73615e+01     1.06758e+02     1.35436e+02     1.95964e+02
   0.77619     9.65477e+01     1.06554e+02     1.34213e+02     1.94857e+02
   0.78233     9.48077e+01     1.03013e+02     1.32855e+02     1.89112e+02
   0.78847     9.26689e+01     1.04103e+02     1.29007e+02     1.83616e+02
   0.79460     8.94580e+01     1.01075e+02     1.28411e+02     1.81767e+02
   0.80074     8.90192e+01     9.96383e+01     1.25334e+02     1.78888e+02
   0.80687     8.64956e+01     9.78480e+01     1.24324e+02     1.74396e+02
   0.81301     8.59208e+01     9.69654e+01     1.20679e+02     1.70604e+02
   0.81915     8.51978e+01     9.38555e+01     1.18154e+02     1.69975e+02
   0.82528     8.31883e+01     9.17278e+01     1.15638e+02     1.65489e+02
   0.83142     8.02112e+01     8.99430e+01     1.14151e+02     1.63656e+02
   0.83755     7.97490e+01     8.86419e+01     1.13595e+02     1.59493e+02
   0.84369     7.66628e+01     8.62549e+01     1.09519e+02     1.58173e+02
   0.84983     7.67506e+01     8.59883e+01     1.08262e+02     1.53978e+02
   0.85596     7.54960e+01     8.37518e+01     1.05516e+02     1.52682e+02
   0.86210     7.57704e+01     8.24835e+01     1.05059e+02     1.48776e+02
   0.86823     7.34960e+01     8.11414e+01     1.03582e+02     1.45954e+02
   0.87437     7.28965e+01     7.97385e+01     1.00529e+02     1.41709e+02
   0.88050     7.10839e+01     7.81070e+01     9.84077e+01     1.40230e+02
   0.88664     7.01770e+01     7.57607e+01     9.70900e+01     1.38203e+02
   0.89278     6.81557e+01     7.48767e+01     9.50672e+01     1.34635e+02
   0.89891     6.70404e+01     7.35217e+01     9.32819e+01     1.33629e+02
   0.90505     6.58218e+01     7.17225e+01     9.00492e+01     1.30493e+02
   0.91118     6.38305e+01     7.13967e+01     9.02253e+01     1.28088e+02
   0.91732     6.29132e+01     7.13098e+01     8.92536e+01     1.25763e+02
   0.92346     6.17563e+01     6.90091e+01     8.81290e+01     1.24952e+02
   0.92959     6.13465e+01     6.62461e+01     8.62772e+01     1.22141e+02
   0.93573     6.03599e+01     6.64180e+01     8.49512e+01     1.19973e+02
   0.94186     5.89486e+01     6.57147e+01     8.35353e+01     1.16857e+02
   0.94800     5.83256e+01     6.34324e+01     8.06645e+01     1.13048e+02
   0.95414     5.75640e+01     6.27793e+01     7.89352e+01     1.12136e+02
   0.96027     5.57846e+01     6.14679e+01     7.92962e+01     1.11732e+02
   0.96641     5.53099e+01     6.10529e+01     7.70794e+01     1.08934e+02
   0.97254     5.39799e+01     5.91915e+01     7.58349e+01     1.06879e+02
   0.97868     5.31664e+01     5.87545e+01     7.32085e+01     1.05808e+02
   0.98482     5.31413e+01     5.73021e+01     7.21209e+01     1.03635e+02
   0.99095     5.19833e+01     5.66572e+01     7.11483e+01     1.01556e+02
   0.99709     5.15685e+01     5.47538e+01     6.94747e+01     9.86246e+01
   1.00322     5.02897e+01     5.38591e+01     6.82355e+01     9.80386e+01
   1.00936     4.89272e+01     5.37183e+01     6.69763e+01     9.55872e+01
   1.01550     4.67749e+01     5.19939e+01     6.64200e+01     9.50962e+01
   1.02163     4.54991e+01     5.16448e+01     6.43222e+01     9.24835e+01
   1.02777     4.54854e+01     5.06390e+01     6.33539e+01     9.14187e+01
   1.03390     4.51818e+01     4.99787e+01     6.33054e+01     8.81219e+01
   1.04004     4.37895e+01     4.92276e+01     6.16534e+01     8.76929e+01
   1.04617     4.36999e+01     4.81943e+01     6.13273e+01     8.68933e+01
   1.05231     4.26631e+01     4.69460e+01     5.83053e+01     8.42289e+01
   1.05845     4.27595e+01     4.64480e+01     5.75135e+01     8.34875e+01
   1.06458     4.08094e+01     4.51732e+01     5.68831e+01     8.05215e+01
   1.07072     4.01184e+01     4.34640e+01     5.53489e+01     8.00784e+01
   1.07685     3.98081e+01     4.32548e+01     5.44900e+01     7.82384e+01
   1.08299     3.92743e+01     4.30159e+01     5.36742e+01     7.72212e+01
   1.08913     3.82042e+01     4.15515e+01     5.26802e+01     7.57781e+01
   1.09526     3.75642e+01     4.03502e+01     5.14014e+01     7.35236e+01
   1.10140     3.61809e+01     3.97638e+01     5.03472e+01     7.18877e+01
   1.10753     3.60184e+01     3.95488e+01     5.05485e+01     7.15921e+01
   1.11367     3.54420e+01     3.88782e+01     4.84008e+01     7.01294e+01
   1.11981     3.42969e+01     3.75776e+01     4.77086e+01     6.80192e+01
   1.12594     3.38284e+01     3.60014e+01     4.62065e+01     6.66864e+01
   1.13208     3.37786e+01     3.55701e+01     4.50573e+01     6.63360e+01
   1.13821     3.23092e+01     3.50618e+01     4.49298e+01     6.56832e+01
   1.14435     3.13965e+01     3.46938e+01     4.40376e+01     6.36729e+01
   1.15049     3.14444e+01     3.43704e+01     4.25482e+01     6.16078e+01
   1.15662     3.10047e+01     3.35555e+01     4.23893e+01     6.11394e+01
   1.16276     3.00184e+01     3.29710e+01     4.13927e+01     5.98929e+01
   1.16889     2.90775e+01     3.25450e+01     4.07350e+01     5.86864e+01
   1.17503     2.92104e+01     3.08747e+01     3.95445e+01     5.80239e+01
   1.18117     2.80194e+01     3.03078e+01     3.80456e+01     5.64750e+01
   1.18730     2.78533e+01     2.97053e+01     3.79038e+01     5.51635e+01
   1.19344     2.69767e+01     2.91695e+01     3.73593e+01     5.47685e+01
   1.19957     2.57792e+01     2.85439e+01     3.55902e+01     5.36489e+01
   1.20571     2.57223e+01     2.77911e+01     3.56304e+01     5.16541e+01
   1.21184     2.48816e+01     2.75893e+01     3.48590e+01     5.12975e+01
   1.21798     2.44226e+01     2.70664e+01     3.40005e+01     5.02036e+01
   1.22412     2.40479e+01     2.60269e+01     3.29331e+01     4.94334e+01
   1.23025     2.33837e+01     2.52191e+01     3.19132e+01     4.80130e+01
   1.23639     2.30515e+01     2.49195e+01     3.17183e+01     4.71114e+01
   1.24252     2.25144e+01     2.42138e+01     3.10543e+01     4.58990e+01
   1.24866     2.19730e+01     2.34669e+01     3.10754e+01     4.51991e+01
   1.25480     2.16346e+01     2.28698e+01     2.94558e+01     4.44477e+01
   1.26093     2.05612e+01     2.24502e+01     2.94177e+01     4.34742e+01
   1.26707     1.99624e+01     2.15338e+01     2.84387e+01     4.22902e+01
   1.27320     1.98378e+01     2.11679e+01     2.71558e+01     4.14388e+01
   1.27934     1.88586e+01     2.08755e+01     2.68959e+01     4.07943e+01
   1.28548     1.87145e+01     2.00348e+01     2.62993e+01     3.96051e+01
   1.29161     1.84364e+01     1.97184e+01     2.56459e+01     3.96231e+01
   1.29775     1.77265e+01     1.91734e+01     2.49355e+01     3.85690e+01
   1.30388     1.78191e+01     1.88072e+01     2.42227e+01     3.62175e+01
   1.31002     1.64106e+01     1.79541e+01     2.38624e+01     3.63573e+01
   1.31616     1.65086e+01     1.77938e+01     2.32060e+01     3.51793e+01
   1.32229     1.61125e+01     1.72405e+01     2.21671e+01     3.49453e+01
   1.32843     1.50298e+01     1.61906e+01     2.17637e+01     3.36415e+01
   1.33456     1.47719e+01     1.63748e+01     2.10234e+01     3.33481e+01
   1.34070     1.42577e+01     1.53152e+01     2.04326e+01     3.22460e+01
   1.34684     1.44090e+01     1.52068e+01     2.02495e+01     3.15068e+01
   1.35297     1.31921e+01     1.46821e+01     1.91275e+01     3.10048e+01
   1.35911     1.29789e+01     1.42562e+01     1.89286e+01     3.04264e+01
   1.36524     1.22763e+01     1.34444e+01     1.82664e+01     2.91650e+01
   1.37138     1.19634e+01     1.33188e+01     1.79799e+01     2.89473e+01
   1.37751     1.16587e+01     1.27834e+01     1.75420e+01     2.77345e+01
   1.38365     1.16989e+01     1.26127e+01     1.69340e+01     2.68918e+01
   1.38979     1.08370e+01     1.17905e+01     1.64291e+01     2.62901e+01
   1.39592     1.05369e+01     1.12043e+01     1.58378e+01     2.54257e+01
   1.40206     1.02459e+01     1.08533e+01     1.53334e+01     2.53782e+01
   1.40819     9.90640e+00     1.02521e+01     1.49069e+01     2.45781e+01
   1.41433     9.20684e+00     9.79834e+00     1.47179e+01     2.39975e+01
   1.42047     8.92504e+00     9.61301e+00     1.36266e+01     2.33935e+01
   1.42660     8.89398e+00     9.06775e+00     1.28970e+01     2.23257e+01
   1.43274     8.23755e+00     8.60962e+00     1.24629e+01     2.20627e+01
   1.43887     7.56405e+00     8.22814e+00     1.19391e+01     2.13292e+01
   1.44501     7.52209e+00     7.52094e+00     1.16333e+01     2.06001e+01
   1.45115     7.10339e+00     7.45599e+00     1.14715e+01     2.05984e+01
   1.45728     6.70291e+00     7.28683e+00     1.08070e+01     1.93216e+01
   1.46342     6.38349e+00     6.44499e+00     1.07330e+01     1.90728e+01
   1.46955     5.95020e+00     6.27162e+00     1.00043e+01     1.86092e+01
   1.47569     5.50063e+00     5.80976e+00     9.69648e+00     1.75524e+01
   1.48183     5.28390e+00     5.39802e+00     8.95345e+00     1.69732e+01
   1.48796     4.83649e+00     5.25482e+00     8.21704e+00     1.66041e+01
   1.49410     4.65473e+00     4.87802e+00     8.09804e+00     1.63977e+01
   1.50023     4.14878e+00     4.30327e+00     8.03950e+00     1.51554e+01
   1.50637     3.87068e+00     4.24028e+00     7.36862e+00     1.51884e+01
   1.51251     3.20397e+00     3.73887e+00     6.75358e+00     1.43305e+01
   1.51864     3.11980e+00     3.12451e+00     6.33739e+00     1.40663e+01
   1.52478     2.60747e+00     2.56155e+00     5.98118e+00     1.34550e+01
   1.53091     2.68016e+00     2.63678e+00     5.41323e+00     1.28860e+01
   1.53705     2.03719e+00     2.16547e+00     5.13359e+00     1.22863e+01
   1.54318     1.83665e+00     1.83612e+00     4.48219e+00     1.20979e+01
   1.54932     1.45563e+00     1.75317e+00     4.46891e+00     1.11635e+01
   1.55546     1.30516e+00     1.47986e+00     4.10924e+00     1.06555e+01
   1.56159     9.99551e-01     7.86671e-01     3.57578e+00     9.91071e+00
   1.56773     6.31036e-01     5.80754e-01     2.86516e+00     9.86826e+00
   1.57386     3.37643e-03     6.85863e-02     2.98547e+00     9.41274e+00
   1.58000     2.99980e-02     9.48613e-02     2.54994e+00     8.95849e+00
   1.58614     4.63217e-01     4.97983e-01     2.13527e+00     8.63931e+00
   1.59227     9.24132e-01     7.73527e-01     1.70964e+00     7.87188e+00
   1.59841     9.93547e-01     8.90324e-01     1.45737e+00     7.48226e+00
   1.60454     1.44761e+00     1.58747e+00     1.02134e+00     7.06719e+00
   1.61068     1.78547e+00     1.90620e+00     9.09807e-01     6.38293e+00
   1.61682     1.89531e+00     2.15950e+00     3.20713e-01     6.35648e+00
   1.62295     2.11095e+00     2.48944e+00     1.29002e-01     5.85562e+00
   1.62909     2.79171e+00     2.68076e+00     3.73978e-01     5.37194e+00
   1.63522     2.80466e+00     2.72937e+00     7.69912e-01     4.92249e+00
   1.64136     2.96252e+00     3.15291e+00     9.27732e-01     4.56264e+00
   1.64750     3.38391e+00     3.35351e+00     1.37764e+00     3.82407e+00
   1.65363     3.69686e+00     3.77956e+00     1.86006e+00     3.57076e+00
   1.65977     3.92158e+00     4.28464e+00     2.16308e+00     3.44714e+00
   1.66590     4.38000e+00     4.32503e+00     2.27655e+00     2.73005e+00
   1.67204     4.58887e+00     4.90399e+00     2.74035e+00     2.35638e+00
   1.67817     4.81355e+00     4.95495e+00     2.90854e+00     2.04895e+00
   1.68431     5.24833e+00     5.08366e+00     3.08617e+00     1.67947e+00
   1.69045     5.35840e+00     5.45272e+00     3.55240e+00     1.46772e+00
   1.69658     5.59916e+00     5.69879e+00     3.81971e+00     8.57495e-01
   1.70272     5.84477e+00     6.18401e+00     4.31667e+00     6.20503e-01
   1.70885     6.03602e+00     6.42014e+00     4.42377e+00     1.80706e-01
   1.71499     6.51865e+00     6.51282e+00     4.87027e+00     3.11611e-01
   1.72113     6.78556e+00     6.77503e+00     5.10175e+00     5.58358e-01
   1.72726     7.06757e+00     7.22640e+00     5.42854e+00     9.73200e-01
   1.73340     7.15980e+00     7.41312e+00     5.52027e+00     1.48938e+00
   1.73953     7.29474e+00     7.80354e+00     5.89624e+00     1.70380e+00
   1.74567     7.70929e+00     8.08135e+00     6.36291e+00     1.84342e+00
   1.75181     8.03441e+00     8.19005e+00     6.64262e+00     2.15931e+00
   1.75794     8.20391e+00     8.37787e+00     6.84844e+00     2.48846e+00
   1.76408     8.52357e+00     8.60203e+00     7.09448e+00     2.87849e+00
   1.77021     8.60435e+00     8.78061e+00     7.32635e+00     3.32260e+00
   1.77635     8.86135e+00     9.10794e+00     7.51378e+00     3.80440e+00
   1.78249     9.26232e+00     9.41849e+00     7.94087e+00     3.92274e+00
   1.78862     9.40412e+00     9.69645e+00     8.22323e+00     4.23718e+00
   1.79476     9.57933e+00     9.93187e+00     8.28443e+00     4.66117e+00
   1.80089     9.83518e+00     1.00711e+01     8.81664e+00     4.85754e+00
   1.80703     1.01827e+01     1.03448e+01     8.94013e+00     5.05793e+00
   1.81317     1.02189e+01     1.06401e+01     9.18859e+00     5.50331e+00
   1.81930     1.04389e+01     1.10654e+01     9.41113e+00     5.66175e+00
   1.82544     1.08478e+01     1.12938e+01     9.83818e+00     5.93350e+00
   1.83157     1.11066e+01     1.12825e+01     9.70855e+00     6.38119e+00
   1.83771     1.13432e+01     1.16201e+01     1.02830e+01     6.73733e+00
   1.84384     1.15281e+01     1.17977e+01     1.04217e+01     6.80277e+00
   1.84998     1.16558e+01     1.20520e+01     1.07247e+01     7.29066e+00
   1.85612     1.17800e+01     1.23305e+01     1.10471e+01     7.50657e+00
   1.86225     1.21384e+01     1.24345e+01     1.12238e+01     7.92498e+00
   1.86839     1.23329e+01     1.26457e+01     1.13930e+01     8.15328e+00
   1.87452     1.26178e+01     1.29175e+01     1.17382e+01     8.26422e+00
   1.88066     1.27756e+01     1.30056e+01     1.17397e+01     8.57991e+00
   1.88680     1.29261e+01     1.34649e+01     1.21208e+01     9.03509e+00
   1.89293     1.31461e+01     1.37007e+01     1.23601e+01     9.28643e+00
   1.89907     1.33289e+01     1.37928e+01     1.24402e+01     9.54786e+00
   1.90520     1.35481e+01     1.39293e+01     1.28508e+01     9.70780e+00
   1.91134     1.37691e+01     1.43165e+01     1.30909e+01     1.00983e+01
   1.91748     1.39825e+01     1.44517e+01     1.31953e+01     1.02800e+01
   1.92361     1.41163e+01     1.46365e+01     1.35883e+01     1.06362e+01
   1.92975     1.43680e+01     1.47181e+01     1.36677e+01     1.08806e+01
   1.93588     1.45464e+01     1.49623e+01     1.40060e+01     1.10702e+01
   1.94202     1.46367e+01     1.51090e+01     1.43245e+01     1.11911e+01
   1.94816     1.48688e+01     1.53645e+01     1.43672e+01     1.16637e+01
   1.95429     1.50651e+01     1.57066e+01     1.45409e+01     1.18062e+01
   1.96043     1.52136e+01     1.59764e+01     1.48589e+01     1.19035e+01
   1.96656     1.55053e+01     1.59389e+01     1.48764e+01     1.23642e+01
   1.97270     1.57262e+01     1.61973e+01     1.51184e+01     1.25471e+01
   1.97884     1.58235e+01     1.64150e+01     1.54586e+01     1.26760e+01
   1.98497     1.60683e+01     1.65521e+01     1.55851e+01     1.27567e+01
   1.99111     1.63016e+01     1.66048e+01     1.57465e+01     1.31596e+01
   1.99724     1.65754e+01     1.68958e+01     1.61488e+01     1.34839e+01
   2.00338     1.65176e+01     1.71351e+01     1.62046e+01     1.34419e+01
   2.00951     1.67074e+01     1.73056e+01     1.64602e+01     1.40311e+01
   2.01565     1.70674e+01     1.73116e+01     1.65246e+01     1.41764e+01
   2.02179     1.72923e+01     1.75567e+01     1.67122e+01     1.43916e+01
   2.02792     1.72915e+01     1.78411e+01     1.69661e+01     1.44843e+01
   2.03406     1.74802e+01     1.80148e+01     1.71128e+01     1.48445e+01
   2.04019     1.77687e+01     1.80661e+01     1.74926e+01     1.49733e+01
   2.04633     1.78615e+01     1.83930e+01     1.75943e+01     1.52310e+01
   2.05247     1.80072e+01     1.84800e+01     1.77899e+01     1.53902e+01
   2.05860     1.81882e+01     1.87361e+01     1.78466e+01     1.57016e+01
   2.06474     1.83933e+01     1.89094e+01     1.81478e+01     1.59498e+01
   2.07087     1.86019e+01     1.89943e+01     1.82318e+01     1.61639e+01
   2.07701     1.85727e+01     1.91878e+01     1.84860e+01     1.61618e+01
   2.08315     1.89508e+01     1.94100e+01     1.86613e+01     1.65696e+01
   2.08928     1.90940e+01     1.95585e+01     1.88363e+01     1.66924e+01
   2.09542     1.91483e+01     1.96012e+01     1.90319e+01     1.69349e+01
   2.10155     1.93021e+01     1.98172e+01     1.92818e+01     1.70889e+01
   2.10769     1.95158e+01     1.99710e+01     1.94465e+01     1.72474e+01
   2.11383     1.96803e+01     2.03123e+01     1.96260e+01     1.75162e+01
   2.11996     1.98828e+01     2.04426e+01     1.97596e+01     1.76946e+01
   2.12610     1.99785e+01     2.05695e+01     1.99740e+01     1.77584e+01
   2.13223     2.01403e+01     2.05484e+01     2.00952e+01     1.80299e+01
   2.13837     2.02146e+01     2.07179e+01     2.01511e+01     1.82013e+01
   2.14451     2.04224e+01     2.09906e+01     2.03906e+01     1.83673e+01
   2.15064     2.05203e+01     2.11664e+01     2.06848e+01     1.85604e+01
   2.15678     2.07511e+01     2.12020e+01     2.08497e+01     1.86673e+01
   2.16291     2.08221e+01     2.14779e+01     2.08810e+01     1.88909e+01
   2.16905     2.10577e+01     2.15900e+01     2.10781e+01     1.90543e+01
   2.17518     2.12759e+01     2.16468e+01     2.11927e+01     1.92745e+01
   2.18132     2.13248e+01     2.19328e+01     2.13538e+01     1.94142e+01
   2.18746     2.14112e+01     2.20333e+01     2.15307e+01     1.95396e+01
   2.19359     2.16717e+01     2.20984e+01     2.17045e+01     1.98079e+01
   2.19973     2.18532e+01     2.21907e+01     2.17678e+01     2.00657e+01
   2.20586     2.20169e+01     2.25004e+01     2.19066e+01     2.01588e+01
   2.21200     2.20228e+01     2.25341e+01     2.20816e+01     2.03380e+01
   2.21814     2.22939e+01     2.28110e+01     2.22465e+01     2.03844e+01
   2.22427     2.22896e+01     2.28831e+01     2.24894e+01     2.06478e+01
   2.23041     2.24610e+01     2.29886e+01     2.26254e+01     2.08854e+01
   2.23654     2.27280e+01     2.31592e+01     2.27991e+01     2.10089e+01
   2.24268     2.27593e+01     2.32520e+01     2.30199e+01     2.11387e+01
   2.24882     2.29447e+01     2.33517e+01     2.31062e+01     2.13413e+01
   2.25495     2.30982e+01     2.35345e+01     2.32722e+01     2.15222e+01
   2.26109     2.31721e+01     2.37154e+01     2.33716e+01     2.16737e+01
   2.26722     2.33530e+01     2.38633e+01     2.35713e+01     2.17040e+01
   2.27336     2.34597e+01     2.39883e+01     2.36071e+01     2.18971e+01
   2.27950     2.36231e+01     2.40368e+01     2.38010e+01     2.20383e+01
   2.28563     2.36366e+01     2.42369e+01     2.39492e+01     2.22811e+01
   2.29177     2.37899e+01     2.43950e+01     2.40361e+01     2.23852e+01
   2.29790     2.39815e+01     2.45664e+01     2.41918e+01     2.24992e+01
   2.30404     2.40548e+01     2.46340e+01     2.43047e+01     2.27092e+01
   2.31018     2.42401e+01     2.47531e+01     2.44829e+01     2.28424e+01
   2.31631     2.42814e+01     2.49388e+01     2.45825e+01     2.29613e+01
   2.32245     2.45098e+01     2.50613e+01     2.46408e+01     2.31878e+01
   2.32858     2.46231e+01     2.51702e+01     2.49218e+01     2.32325e+01
   2.33472     2.46738e+01     2.53745e+01     2.49720e+01     2.34496e+01
   2.34085     2.48173e+01     2.53688e+01     2.52235e+01     2.35259e+01
   2.34699     2.50221e+01     2.55471e+01     2.52734e+01     2.37443e+01
   2.35313     2.51415e+01     2.57055e+01     2.54018e+01     2.38508e+01
   2.35926     2.52450e+01     2.56966e+01     2.55315e+01     2.39282e+01
   2.36540     2.52564e+01     2.58394e+01     2.57311e+01     2.40959e+01
   2.37153     2.55087e+01     2.59681e+01     2.57757e+01     2.42958e+01
   2.37767     2.56474e+01     2.61812e+01     2.59641e+01     2.43384e+01
   2.38381     2.57566e+01     2.61848e+01     2.60357e+01     2.45030e+01
   2.38994     2.58705e+01     2.62977e+01     2.61904e+01     2.45089e+01
   2.39608     2.59659e+01     2.65136e+01     2.63178e+01     2.47276e+01
   2.40221     2.60579e+01     2.65423e+01     2.64012e+01     2.48316e+01
   2.40835     2.61101e+01     2.66535e+01     2.65224e+01     2.50902e+01
   2.41449     2.62416e+01     2.67845e+01     2.66167e+01     2.52438e+01
   2.42062     2.63274e+01     2.69581e+01     2.68240e+01     2.52478e+01
   2.42676     2.64794e+01     2.70726e+01     2.69852e+01     2.54749e+01
   2.43289     2.66337e+01     2.72073e+01     2.70604e+01     2.55199e+01
   2.43903     2.66296e+01     2.71984e+01     2.71994e+01     2.56579e+01
   2.44517     2.68460e+01     2.74363e+01     2.72610e+01     2.57931e+01
   2.45130     2.69358e+01     2.75230e+01     2.73733e+01     2.59058e+01
   2.45744     2.70656e+01     2.74975e+01     2.74417e+01     2.60454e+01
   2.46357     2.70823e+01     2.77435e+01     2.76805e+01     2.61316e+01
   2.46971     2.71894e+01     2.78810e+01     2.77860e+01     2.61909e+01
   2.47584     2.73041e+01     2.79628e+01     2.79814e+01     2.63838e+01
   2.48198     2.73918e+01     2.80310e+01     2.80069e+01     2.64950e+01
   2.48812     2.74361e+01     2.81550e+01     2.81252e+01     2.65993e+01
   2.49425     2.76554e+01     2.82563e+01     2.81949e+01     2.67171e+01
   2.50039     2.77363e+01     2.83481e+01     2.83615e+01     2.68377e+01
   2.50652     2.78635e+01     2.85003e+01     2.84184e+01     2.69436e+01
   2.51266     2.79093e+01     2.85309e+01     2.86100e+01     2.70240e+01
   2.51880     2.80528e+01     2.86243e+01     2.86146e+01     2.71583e+01
   2.52493     2.80911e+01     2.87716e+01     2.87969e+01     2.73216e+01
   2.53107     2.82567e+01     2.88495e+01     2.88221e+01     2.73781e+01
   2.53720     2.83182e+01     2.89891e+01     2.89794e+01     2.75341e+01
   2.54334     2.83609e+01     2.90492e+01     2.90947e+01     2.75958e+01
   2.54948     2.85442e+01     2.90431e+01     2.91453e+01     2.77679e+01
   2.55561     2.85947e+01     2.92254e+01     2.93265e+01     2.78053e+01
   2.56175     2.87307e+01     2.93256e+01     2.94129e+01     2.79547e+01
   2.56788     2.87517e+01     2.93841e+01     2.95161e+01     2.79517e+01
   2.57402     2.88671e+01     2.95054e+01     2.96483e+01     2.81526e+01
   2.58016     2.90529e+01     2.96538e+01     2.97716e+01     2.81715e+01
   2.58629     2.90291e+01     2.97523e+01     2.98014e+01     2.83669e+01
   2.59243     2.91054e+01     2.98136e+01     2.99767e+01     2.84573e+01
   2.59856     2.92110e+01     2.99214e+01     2.99995e+01     2.85426e+01
   2.60470     2.93078e+01     3.00134e+01     3.01393e+01     2.86141e+01
   2.61084     2.93804e+01     3.00475e+01     3.02047e+01     2.87473e+01
   2.61697     2.94906e+01     3.01570e+01     3.03665e+01     2.88995e+01
   2.62311     2.95204e+01     3.02616e+01     3.04634e+01     2.89483e+01
   2.62924     2.97086e+01     3.03595e+01     3.04991e+01     2.89650e+01
   2.63538     2.97026e+01     3.04243e+01     3.06890e+01     2.90604e+01
   2.64151     2.98073e+01     3.05320e+01     3.06914e+01     2.92590e+01
   2.64765     2.98941e+01     3.06033e+01     3.07952e+01     2.93200e+01
   2.65379     2.99213e+01     3.06903e+01     3.08633e+01     2.93623e+01
   2.65992     3.00856e+01     3.08153e+01     3.10371e+01     2.94654e+01
   2.66606     3.01402e+01     3.08432e+01     3.11357e+01     2.95539e+01
   2.67219     3.02314e+01     3.09724e+01     3.11731e+01     2.96374e+01
   2.67833     3.03722e+01     3.10419e+01     3.13105e+01     2.97167e+01
   2.68447     3.03721e+01     3.11304e+01     3.13891e+01     2.98280e+01
   2.69060     3.04967e+01     3.11956e+01     3.14102e+01     2.99126e+01
   2.69674     3.05571e+01     3.13403e+01     3.15531e+01     3.00453e+01
   2.70287     3.05734e+01     3.14169e+01     3.16241e+01     3.00952e+01
   2.70901     3.07053e+01     3.14434e+01     3.17113e+01     3.01760e+01
   2.71515     3.07847e+01     3.15451e+01     3.18403e+01     3.02228e+01
   2.72128     3.08501e+01     3.16401e+01     3.19124e+01     3.03251e+01
   2.72742     3.09118e+01     3.17340e+01     3.20035e+01     3.05164e+01
   2.73355     3.09990e+01     3.17899e+01     3.21409e+01     3.05196e+01
   2.73969     3.11103e+01     3.18519e+01     3.22071e+01     3.06120e+01
   2.74583     3.11318e+01     3.19203e+01     3.22638e+01     3.07433e+01
   2.75196     3.12155e+01     3.20215e+01     3.23679e+01     3.08543e+01
   2.75810     3.12814e+01     3.20904e+01     3.24246e+01     3.08270e+01
   2.76423     3.13900e+01     3.21723e+01     3.25163e+01     3.09140e+01
   2.77037     3.13953e+01     3.22757e+01     3.26344e+01     3.09806e+01
   2.77651     3.14922e+01     3.23386e+01     3.27392e+01     3.10865e+01
   2.78264     3.15601e+01     3.24087e+01     3.27720e+01     3.11532e+01
   2.78878     3.16524e+01     3.25178e+01     3.28518e+01     3.12177e+01
   2.79491     3.16839e+01     3.25641e+01     3.29489e+01     3.13019e+01
   2.80105     3.18121e+01     3.26216e+01     3.29994e+01     3.13855e+01
   2.80718     3.18280e+01     3.27227e+01     3.31345e+01     3.14455e+01
   2.81332     3.19186e+01     3.27575e+01     3.31973e+01     3.15363e+01
   2.81946     3.19728e+01     3.27963e+01     3.32812e+01     3.16313e+01
   2.82559     3.20236e+01     3.28894e+01     3.34009e+01     3.17230e+01
   2.83173     3.20862e+01     3.29706e+01     3.34372e+01     3.17369e+01
   2.83786     3.21279e+01     3.30523e+01     3.35262e+01     3.17891e+01
   2.84400     3.22691e+01     3.31428e+01     3.35879e+01     3.18903e+01
   2.85014     3.22938e+01     3.31694e+01     3.36266e+01     3.19954e+01
   2.85627     3.22942e+01     3.32250e+01     3.37695e+01     3.20652e+01
   2.86241     3.23635e+01     3.33132e+01     3.38203e+01     3.21107e+01
   2.86854     3.24158e+01     3.33879e+01     3.39199e+01     3.21641e+01
   2.87468     3.25611e+01     3.34649e+01     3.39946e+01     3.22431e+01
   2.88082     3.25154e+01     3.35661e+01     3.40610e+01     3.23215e+01
   2.88695     3.25881e+01     3.35927e+01     3.41354e+01     3.23869e+01
   2.89309     3.26602e+01     3.36678e+01     3.42008e+01     3.23978e+01
   2.89922     3.27141e+01     3.37144e+01     3.42934e+01     3.25267e+01
   2.90536     3.27893e+01     3.37902e+01     3.43843e+01     3.26073e+01
   2.91150     3.28218e+01     3.38518e+01     3.44247e+01     3.26545e+01
   2.91763     3.29095e+01     3.39282e+01     3.44904e+01     3.26747e+01
   2.92377     3.29641e+01     3.39556e+01     3.45726e+01     3.27415e+01
   2.92990     3.29675e+01     3.40263e+01     3.46398e+01     3.28064e+01
   2.93604     3.30431e+01     3.40857e+01     3.47275e+01     3.28575e+01
   2.94218     3.31038e+01     3.41453e+01     3.48067e+01     3.29379e+01
   2.94831     3.31780e+01     3.42275e+01     3.48204e+01     3.30100e+01
   2.95445     3.32082e+01     3.42687e+01     3.49229e+01     3.31302e+01
   2.96058     3.32165e+01     3.43192e+01     3.50303e+01     3.31200e+01
   2.96672     3.33158e+01     3.43774e+01     3.50457e+01     3.31958e+01
   2.97285     3.33386e+01     3.44692e+01     3.51483e+01     3.32220e+01
   2.97899     3.33647e+01     3.44700e+01     3.52053e+01     3.32700e+01
   2.98513     3.34887e+01     3.45796e+01     3.52787e+01     3.33698e+01
   2.99126     3.34336e+01     3.46381e+01     3.53298e+01     3.34124e+01
   2.99740     3.35449e+01     3.46541e+01     3.54662e+01     3.34498e+01
   3.00353     3.36268e+01     3.47546e+01     3.54927e+01     3.35103e+01
   3.00967     3.36449e+01     3.47916e+01     3.55498e+01     3.35622e+01
   3.01581     3.36969e+01     3.48389e+01     3.56206e+01     3.36177e+01
   3.02194     3.37233e+01     3.48946e+01     3.56786e+01     3.36674e+01
   3.02808     3.38127e+01     3.49450e+01     3.57505e+01     3.37684e+01
   3.03421     3.38298e+01     3.50506e+01     3.57926e+01     3.37651e+01
   3.04035     3.38575e+01     3.50828e+01     3.58713e+01     3.38021e+01
   3.04649     3.39056e+01     3.50883e+01     3.59632e+01     3.38536e+01
   3.05262     3.39293e+01     3.51716e+01     3.59872e+01     3.39271e+01
   3.05876     3.39685e+01     3.52038e+01     3.60557e+01     3.39659e+01
   3.06489     3.40360e+01     3.52486e+01     3.61343e+01     3.40542e+01
   3.07103     3.40865e+01     3.53032e+01     3.61539e+01     3.40409e+01
   3.07717     3.41025e+01     3.53724e+01     3.62223e+01     3.41061e+01
   3.08330     3.41902e+01     3.54587e+01     3.62956e+01     3.41574e+01
   3.08944     3.41929e+01     3.54623e+01     3.63722e+01     3.41937e+01
   3.09557     3.42332e+01     3.55126e+01     3.64333e+01     3.42528e+01
   3.10171     3.42662e+01     3.55775e+01     3.64978e+01     3.42984e+01
   3.10785     3.43160e+01     3.55992e+01     3.65293e+01     3.43428e+01
   3.11398     3.43587e+01     3.56662e+01     3.66192e+01     3.44013e+01
   3.12012     3.43939e+01     3.57339e+01     3.66760e+01     3.44169e+01
   3.12625     3.44168e+01     3.57737e+01     3.67112e+01     3.44972e+01
   3.13239     3.44718e+01     3.58206e+01     3.67896e+01     3.45497e+01
   3.13852     3.44697e+01     3.58705e+01     3.68485e+01     3.45850e+01
