# k, P(k), Nmodes
0.000000000000000000e+00 0.000000000000000000e+00 1.000000000000000000e+00
3.476422409025522325e-02 7.154201456212582343e+03 2.600000000000000000e+01
6.013017737617095543e-02 4.254073465600820782e+03 7.200000000000000000e+01
8.418151618618714693e-02 2.823340289340244908e+03 1.520000000000000000e+02
1.087367500886957938e-01 1.925160843478759489e+03 2.340000000000000000e+02
1.343722219507281490e-01 1.575089656208760744e+03 4.160000000000000000e+02
1.587124844392140688e-01 1.161774843369102200e+03 4.800000000000000000e+02
1.829253236177555419e-01 9.091794404060517536e+02 7.220000000000000000e+02
2.074764920249410893e-01 7.649939824975057263e+02 8.740000000000000000e+02
2.323188502694161217e-01 6.585323866933808858e+02 1.162000000000000000e+03
2.568837897152542737e-01 5.100541647911657037e+02 1.358000000000000000e+03
2.811677721420339782e-01 4.629007431306735043e+02 1.632000000000000000e+03
3.062790434346451818e-01 3.997391422464099833e+02 2.036000000000000000e+03
3.313311990205343727e-01 3.619296926043799658e+02 2.310000000000000000e+03
3.554505676832757644e-01 3.034854910211649894e+02 2.528000000000000000e+03
3.797409759428852505e-01 2.698896497077099070e+02 3.068000000000000000e+03
4.042043237165472980e-01 2.553678914450903790e+02 3.306000000000000000e+03
4.287673421450296507e-01 2.250394868207303887e+02 3.934000000000000000e+03
4.534562801006977173e-01 2.007477951297703100e+02 4.266000000000000000e+03
4.780738444491431371e-01 1.865904856895969601e+02 4.794000000000000000e+03
5.026630068413446839e-01 1.722583239652139184e+02 5.270000000000000000e+03
5.271487706313333632e-01 1.619696983112609416e+02 5.754000000000000000e+03
5.515550784249925176e-01 1.479219839720836092e+02 6.344000000000000000e+03
5.762450688919315001e-01 1.432700980911063766e+02 7.014000000000000000e+03
6.007380805735611506e-01 1.262553641517568792e+02 7.364000000000000000e+03
6.253672373831143938e-01 1.215562000054093517e+02 8.402000000000000000e+03
6.501755823830386305e-01 1.130508146568769234e+02 8.738000000000000000e+03
6.747760941225345865e-01 1.087425347301450245e+02 9.670000000000000000e+03
6.991949513373587610e-01 1.022969328205073651e+02 9.880000000000000000e+03
7.236228637511089579e-01 9.534186358689262875e+01 1.113000000000000000e+04
7.480317977018523523e-01 9.067273636717096963e+01 1.140000000000000000e+04
7.726576112572679511e-01 8.707037534164702208e+01 1.272200000000000000e+04
7.973030407408827624e-01 8.183260413973572156e+01 1.317000000000000000e+04
8.219050394031606199e-01 7.890329381123920882e+01 1.418600000000000000e+04
8.465029529859586788e-01 7.295071523904454125e+01 1.495800000000000000e+04
8.710314617807571880e-01 7.213377451157188602e+01 1.580200000000000000e+04
8.955964540390221051e-01 6.618312357952284231e+01 1.674600000000000000e+04
9.200327912485964932e-01 6.570116495820974478e+01 1.753400000000000000e+04
9.445818830773816677e-01 6.244142357194245108e+01 1.869000000000000000e+04
9.691428403852909712e-01 5.948059856106308985e+01 1.958600000000000000e+04
9.936398339652569023e-01 5.823291970302406639e+01 2.052400000000000000e+04
1.018176782820507942e+00 5.651358759841014034e+01 2.165200000000000000e+04
1.042766853365621582e+00 5.422311647466871420e+01 2.276000000000000000e+04
1.067432079366278153e+00 5.158640387487888290e+01 2.389200000000000000e+04
1.092007825972616253e+00 4.942028464782011099e+01 2.485400000000000000e+04
1.116555949281071269e+00 4.886110082950786904e+01 2.604000000000000000e+04
1.140969998657552109e+00 4.757292215569898985e+01 2.680400000000000000e+04
1.165412799157594437e+00 4.499996216962252049e+01 2.850000000000000000e+04
1.190057268598827767e+00 4.378729563310695028e+01 2.956400000000000000e+04
1.214617866389426926e+00 4.232365872965830533e+01 3.083400000000000000e+04
1.239153515017866303e+00 4.127629239169579023e+01 3.189000000000000000e+04
1.263794672254038076e+00 3.953176211530445983e+01 3.376600000000000000e+04
1.288426493777925508e+00 3.847362973948533948e+01 3.446400000000000000e+04
1.313029045166066222e+00 3.777243231850217597e+01 3.622000000000000000e+04
1.337417753268757670e+00 3.696732328871460282e+01 3.667000000000000000e+04
1.361925448145902662e+00 3.607368737093847244e+01 3.911400000000000000e+04
1.386503814700803305e+00 3.484138144967518258e+01 3.989800000000000000e+04
1.410925965910736268e+00 3.441233471401252331e+01 4.126400000000000000e+04
1.435480380696713132e+00 3.296907501345697966e+01 4.332000000000000000e+04
1.460033395611762819e+00 3.202977298542504769e+01 4.418400000000000000e+04
1.484681614846454778e+00 3.166784625699377287e+01 4.654800000000000000e+04
1.509254924902153627e+00 3.062102276494651676e+01 4.719800000000000000e+04
1.533680946131934064e+00 2.998004734788838732e+01 4.880200000000000000e+04
1.558325242020618395e+00 2.932486470109391163e+01 5.141800000000000000e+04
1.582898818657196172e+00 2.853447857876155780e+01 5.158800000000000000e+04
1.607456402752097668e+00 2.792231316421749909e+01 5.464400000000000000e+04
1.631994660923775875e+00 2.754965633971695382e+01 5.484200000000000000e+04
1.656426602680801441e+00 2.648285685381892662e+01 5.733800000000000000e+04
1.681030763944247663e+00 2.609868040833802638e+01 5.921400000000000000e+04
1.705626778692082679e+00 2.560779954394343250e+01 6.064200000000000000e+04
1.730101932693856259e+00 2.509209677656784265e+01 6.220200000000000000e+04
1.754558260322716334e+00 2.463645791502561266e+01 6.399000000000000000e+04
1.779072581939174391e+00 2.404017865445258550e+01 6.596200000000000000e+04
1.803774998375834437e+00 2.359208145253911937e+01 6.893000000000000000e+04
1.828415224475618661e+00 2.332562494325324209e+01 6.921800000000000000e+04
1.852957785002211422e+00 2.275389336941465501e+01 7.208600000000000000e+04
1.877516303117015672e+00 2.237069510175986053e+01 7.321600000000000000e+04
1.902003194583360202e+00 2.195822974485856705e+01 7.536400000000000000e+04
1.926459206259836909e+00 2.144221751803921094e+01 7.714200000000000000e+04
1.950979244101561871e+00 2.095120227005025981e+01 7.932200000000000000e+04
1.975457770288180148e+00 2.067491630620242304e+01 8.112200000000000000e+04
1.999996309013334805e+00 2.038716501806754522e+01 8.374000000000000000e+04
2.024695913452227547e+00 2.000784316425782094e+01 8.622800000000000000e+04
2.049270495590969521e+00 1.952507378901763957e+01 8.724200000000000000e+04
2.073767679346899317e+00 1.929934319802551101e+01 8.950400000000000000e+04
2.098324428534850128e+00 1.872408748533130662e+01 9.236600000000000000e+04
2.122935889074646809e+00 1.855444789504954528e+01 9.390800000000000000e+04
2.147465173093049629e+00 1.818725207720019910e+01 9.622600000000000000e+04
2.171851386770913273e+00 1.796980927507941672e+01 9.717200000000000000e+04
2.196429360365885319e+00 1.758611991337352976e+01 1.019960000000000000e+05
2.221105043850578831e+00 1.723513093901282645e+01 1.028340000000000000e+05
2.245633118720809840e+00 1.687491830230764478e+01 1.049360000000000000e+05
2.270148613403661475e+00 1.671659864631871528e+01 1.076640000000000000e+05
2.294696009023289740e+00 1.649326524192658994e+01 1.097300000000000000e+05
2.319241441457444708e+00 1.619403461066883310e+01 1.122420000000000000e+05
2.343770146594723602e+00 1.588797834050703806e+01 1.145480000000000000e+05
2.368234709664871041e+00 1.565858968513755300e+01 1.162040000000000000e+05
2.392776617152194252e+00 1.538811380602805556e+01 1.202100000000000000e+05
2.417436309943946426e+00 1.517981319667872420e+01 1.222240000000000000e+05
2.441964092100820327e+00 1.501692381586499536e+01 1.240000000000000000e+05
2.466420201333919149e+00 1.476913596721807842e+01 1.264900000000000000e+05
2.491026169981223948e+00 1.459598716035092103e+01 1.302980000000000000e+05
2.515591102978649296e+00 1.436312511490783983e+01 1.315160000000000000e+05
2.540133082400877651e+00 1.415187181607085520e+01 1.350280000000000000e+05
2.564697215405975061e+00 1.392049367197389564e+01 1.370340000000000000e+05
2.589228454518015088e+00 1.362910204238447243e+01 1.399400000000000000e+05
2.613757183180440702e+00 1.353032583330197980e+01 1.420440000000000000e+05
2.638313502207512595e+00 1.320985710288948844e+01 1.460980000000000000e+05
2.662834301341306720e+00 1.307119494270112270e+01 1.466160000000000000e+05
2.687347884782291363e+00 1.296567371060972640e+01 1.516080000000000000e+05
2.711870266169386756e+00 1.279144422469032705e+01 1.521540000000000000e+05
2.736410240969383345e+00 1.249177298476453757e+01 1.573620000000000000e+05
2.760989340439442330e+00 1.229092137242318294e+01 1.585880000000000000e+05
2.785558473191997120e+00 1.217506195305015204e+01 1.622680000000000000e+05
2.810141778825738346e+00 1.199026086719498352e+01 1.650500000000000000e+05
2.834718102903821535e+00 1.182376082895929592e+01 1.677360000000000000e+05
2.859242120224363859e+00 1.168378812622721341e+01 1.702080000000000000e+05
2.883795674146918397e+00 1.148038348076060977e+01 1.739060000000000000e+05
2.908310367032441501e+00 1.132956916224763333e+01 1.755300000000000000e+05
2.932762648979863496e+00 1.119890085682573577e+01 1.792520000000000000e+05
2.957354671686772463e+00 1.103702423623752793e+01 1.830680000000000000e+05
2.981929099202057287e+00 1.089878311311139392e+01 1.854820000000000000e+05
3.006447522980065568e+00 1.075208579470128178e+01 1.880620000000000000e+05
3.031021325283102197e+00 1.070180610511694930e+01 1.926420000000000000e+05
3.055617158894413432e+00 1.050163865762651305e+01 1.947140000000000000e+05
3.080222423553735211e+00 1.039474861123726157e+01 1.988180000000000000e+05
3.104658431249708972e+00 1.016965749505839689e+01 1.985880000000000000e+05
3.129104157143472342e+00 1.005958592517155026e+01 2.049720000000000000e+05
3.153666107892540982e+00 9.937428874320357153e+00 2.070900000000000000e+05
3.178236510403852577e+00 9.785531634802710599e+00 2.116040000000000000e+05
3.202807723967755482e+00 9.745181161583614582e+00 2.135000000000000000e+05
3.227328988644422747e+00 9.574473930723879533e+00 2.174580000000000000e+05
3.251918303643163366e+00 9.448836026094898699e+00 2.211220000000000000e+05
3.276553677281378363e+00 9.321553253724516708e+00 2.251740000000000000e+05
3.301054613449531328e+00 9.172259919642804959e+00 2.254580000000000000e+05
3.325520506708000035e+00 9.150829780347182307e+00 2.307780000000000000e+05
3.350082606911083172e+00 8.961174490236421875e+00 2.346620000000000000e+05
3.374638471491168357e+00 8.803573330129868424e+00 2.370900000000000000e+05
3.399170621190092056e+00 8.724765645274494830e+00 2.414900000000000000e+05
3.423704409844894769e+00 8.637597238445206216e+00 2.436700000000000000e+05
3.448254086667305707e+00 8.500849566275221036e+00 2.489620000000000000e+05
3.472796448581847439e+00 8.394349742276315141e+00 2.509540000000000000e+05
3.497303225853108266e+00 8.284070322593239055e+00 2.546820000000000000e+05
3.521859985192977938e+00 8.185487152854262760e+00 2.597660000000000000e+05
3.546424286340617904e+00 8.103185299567414290e+00 2.614900000000000000e+05
3.570998981027290409e+00 7.978226971435681492e+00 2.677620000000000000e+05
3.595600871653301223e+00 7.874697658868007544e+00 2.692540000000000000e+05
3.620133714506168499e+00 7.781362229490800253e+00 2.734020000000000000e+05
3.644665090967286414e+00 7.688711752878321981e+00 2.769780000000000000e+05
3.669256741163455349e+00 7.573111099794394008e+00 2.819300000000000000e+05
3.693754493622263713e+00 7.519398459201686258e+00 2.827260000000000000e+05
3.718234765907703743e+00 7.393601631808569330e+00 2.886340000000000000e+05
3.742746452707597093e+00 7.344286331660150324e+00 2.911940000000000000e+05
3.767336798239477424e+00 7.228853492982134199e+00 2.983160000000000000e+05
3.791942667298908720e+00 7.131625435882538611e+00 2.991160000000000000e+05
3.816441815281845340e+00 7.076395615121398919e+00 3.037460000000000000e+05
3.840963437352050036e+00 6.970153418414096080e+00 3.071300000000000000e+05
3.865469441448510679e+00 6.883694612788497480e+00 3.114540000000000000e+05
3.890043745248791485e+00 6.790169616991691193e+00 3.167940000000000000e+05
3.914615689522903175e+00 6.707767551657066285e+00 3.191300000000000000e+05
3.939097121164933490e+00 6.634405954189060317e+00 3.227560000000000000e+05
3.963665290400354202e+00 6.553328198039185537e+00 3.289800000000000000e+05
3.988256645205220607e+00 6.473249151421798686e+00 3.321680000000000000e+05
4.012797453054211871e+00 6.435707225859790270e+00 3.354620000000000000e+05
4.037351537842088334e+00 6.330981671962593538e+00 3.405560000000000000e+05
4.061914585401027900e+00 6.223670006091166940e+00 3.444740000000000000e+05
4.086437815517499850e+00 6.145519122444235371e+00 3.471860000000000000e+05
4.110951046617015159e+00 6.131920208355568391e+00 3.532380000000000000e+05
4.135472734262805261e+00 6.076837941343713467e+00 3.551620000000000000e+05
4.160026531205497591e+00 5.977867432991988750e+00 3.627840000000000000e+05
4.184627233559072401e+00 5.912751227617363270e+00 3.655020000000000000e+05
4.209183402302661747e+00 5.830638877886889837e+00 3.694900000000000000e+05
4.233703910607026444e+00 5.740199061258477897e+00 3.736360000000000000e+05
4.258250420165045291e+00 5.687975055372748834e+00 3.781540000000000000e+05
4.282795097965550468e+00 5.645538105983654020e+00 3.831980000000000000e+05
4.307362905596606950e+00 5.566017611553065514e+00 3.872260000000000000e+05
4.331889236955777100e+00 5.491418268402312286e+00 3.904320000000000000e+05
4.356351782716353149e+00 5.428632797949017430e+00 3.945740000000000000e+05
4.380869968189077035e+00 5.370203269844267879e+00 4.005240000000000000e+05
4.405442015258435262e+00 5.289764429317612482e+00 4.060180000000000000e+05
4.430038154713768606e+00 5.257470844048039105e+00 4.097500000000000000e+05
4.454549098485687253e+00 5.192144206652928418e+00 4.124740000000000000e+05
4.479064117175447279e+00 5.127392074773390540e+00 4.191220000000000000e+05
4.503684799355169410e+00 5.055727525783265008e+00 4.249840000000000000e+05
4.528242374938078463e+00 4.988812702532889887e+00 4.265520000000000000e+05
4.552775342002050252e+00 4.946271705260334883e+00 4.331060000000000000e+05
4.577325162575355044e+00 4.901922383923502657e+00 4.364900000000000000e+05
4.601909666628191786e+00 4.843124161475926392e+00 4.441020000000000000e+05
4.626452257502047694e+00 4.775093922258398571e+00 4.438580000000000000e+05
4.650940074150386572e+00 4.720659479941876846e+00 4.520580000000000000e+05
4.675452428806773142e+00 4.669479281778733615e+00 4.539040000000000000e+05
4.700012478571549579e+00 4.637097697171658872e+00 4.635820000000000000e+05
4.724564252754682947e+00 4.538455502434768363e+00 4.632040000000000000e+05
4.749083637952227654e+00 4.501780122012167595e+00 4.718580000000000000e+05
4.773640954484383414e+00 4.463988314590291218e+00 4.748060000000000000e+05
4.798218062373196702e+00 4.431693328544898947e+00 4.816500000000000000e+05
4.822796979808900097e+00 4.356040681520475744e+00 4.857140000000000000e+05
4.847294457657936206e+00 4.317567510121671503e+00 4.876640000000000000e+05
4.871792762736153470e+00 4.260211897991845298e+00 4.956720000000000000e+05
4.896353863643452264e+00 4.200917811679696356e+00 5.003700000000000000e+05
4.920905835235039660e+00 4.178922879012764824e+00 5.050500000000000000e+05
4.945446202376126088e+00 4.123360378789120873e+00 5.106220000000000000e+05
4.969987170607944371e+00 4.076078436347399858e+00 5.141780000000000000e+05
4.994549881773915345e+00 4.027980044790679059e+00 5.225060000000000000e+05
5.019089867533919502e+00 3.977461539410538816e+00 5.232700000000000000e+05
5.043657965768904461e+00 3.938946960267270203e+00 5.339440000000000000e+05
5.068231648991710081e+00 3.907851140820276292e+00 5.340280000000000000e+05
5.092745460766996857e+00 3.858180371778280104e+00 5.411300000000000000e+05
5.117271972670701885e+00 3.819510995552677368e+00 5.458780000000000000e+05
5.141819468888066069e+00 3.750173649910339968e+00 5.518420000000000000e+05
5.166361760711475348e+00 3.725100669509703977e+00 5.564660000000000000e+05
5.190889147532012693e+00 3.679309755382727420e+00 5.615640000000000000e+05
5.215413797921450545e+00 3.635982947908394269e+00 5.671560000000000000e+05
5.240003176458370326e+00 3.596867499648395139e+00 5.754260000000000000e+05
5.264574876720439001e+00 3.538850746540325609e+00 5.765060000000000000e+05
5.289071055375218045e+00 3.530069617998305542e+00 5.830460000000000000e+05
5.313607607293103108e+00 3.480222295120036780e+00 5.894500000000000000e+05
5.338150456576858716e+00 3.443178917990933563e+00 5.935600000000000000e+05
5.362714209695266909e+00 3.412576534471373435e+00 6.020300000000000000e+05
5.387260596384244593e+00 3.381947447096147474e+00 6.033000000000000000e+05
5.411760803823801425e+00 3.343987142932383083e+00 6.110420000000000000e+05
5.436329641198601514e+00 3.299874442528254903e+00 6.176620000000000000e+05
5.460880694997348073e+00 3.269323104025640081e+00 6.211540000000000000e+05
5.485422509986556783e+00 3.226169065793750068e+00 6.289540000000000000e+05
5.509989251405812638e+00 3.196722749354402371e+00 6.326800000000000000e+05
5.534532319035204928e+00 3.165369473349653795e+00 6.401020000000000000e+05
5.559065918477322121e+00 3.151465680854629969e+00 6.427140000000000000e+05
5.583595599117018082e+00 3.098075082335105979e+00 6.517560000000000000e+05
5.608152791658149283e+00 3.072361380131007458e+00 6.554220000000000000e+05
5.632726999598411943e+00 3.040976359272293372e+00 6.638420000000000000e+05
5.657254664025309410e+00 3.022642642922658052e+00 6.653300000000000000e+05
5.681777520433850981e+00 2.978833188483773764e+00 6.742080000000000000e+05
5.706331074527888347e+00 2.954722888833983596e+00 6.793420000000000000e+05
5.730904673352310574e+00 2.916319705120803185e+00 6.863560000000000000e+05
5.755446631809934210e+00 2.890272001657681500e+00 6.898180000000000000e+05
5.779967117268531851e+00 2.851283464899340370e+00 6.971500000000000000e+05
5.804518294020360791e+00 2.832821029014582770e+00 7.025380000000000000e+05
5.829038799766856904e+00 2.800753967569475034e+00 7.080580000000000000e+05
5.853525995437967033e+00 2.779959139458438866e+00 7.122620000000000000e+05
5.878070134362088695e+00 2.757147142955588937e+00 7.233120000000000000e+05
5.902642201624480833e+00 2.729584776234769361e+00 7.258600000000000000e+05
5.927201969622910127e+00 2.703232416075068034e+00 7.345140000000000000e+05
5.951774900213502306e+00 2.680325414805328599e+00 7.394460000000000000e+05
5.976339359209581481e+00 2.661354769169901324e+00 7.457380000000000000e+05
6.000923976643488977e+00 2.637357860960463984e+00 7.530420000000000000e+05
6.025455341312832225e+00 2.614707988602407163e+00 7.548300000000000000e+05
6.049944459359555715e+00 2.585354305253334761e+00 7.625200000000000000e+05
6.074510760121339281e+00 2.567311303159254710e+00 7.725880000000000000e+05
6.099061386538314977e+00 2.537615198952097195e+00 7.732740000000000000e+05
6.123563796207534438e+00 2.529313403111306702e+00 7.823660000000000000e+05
6.148112506352654272e+00 2.500243067088738336e+00 7.888500000000000000e+05
6.172679221737511490e+00 2.478500474814619992e+00 7.957300000000000000e+05
6.197226931636002689e+00 2.457682904761673282e+00 8.008600000000000000e+05
6.221737176806632519e+00 2.441862406130208107e+00 8.052260000000000000e+05
6.246285785358609566e+00 2.416569750037917519e+00 8.169480000000000000e+05
6.270876701768449024e+00 2.403911651533168659e+00 8.200340000000000000e+05
