# k, P(k), Nmodes
0.000000000000000000e+00 0.000000000000000000e+00 1.000000000000000000e+00
3.476422409025522325e-02 1.451735296967879094e+03 2.600000000000000000e+01
6.013017737617095543e-02 8.998266661672689679e+02 7.200000000000000000e+01
8.418151618618714693e-02 5.963841147329087562e+02 1.520000000000000000e+02
1.087367500886957938e-01 3.930869433914962201e+02 2.340000000000000000e+02
1.343722219507281490e-01 3.214690499378110076e+02 4.160000000000000000e+02
1.587124844392140688e-01 2.302168726917604715e+02 4.800000000000000000e+02
1.829253236177555419e-01 1.809575772121605439e+02 7.220000000000000000e+02
2.074764920249410893e-01 1.475444141533471907e+02 8.740000000000000000e+02
2.323188502694161217e-01 1.246642318072752573e+02 1.162000000000000000e+03
2.568837897152542737e-01 9.984962482394438155e+01 1.358000000000000000e+03
2.811677721420339782e-01 8.857012306591153106e+01 1.632000000000000000e+03
3.062790434346451818e-01 7.342264326194130319e+01 2.036000000000000000e+03
3.313311990205343727e-01 6.690042609445431765e+01 2.310000000000000000e+03
3.554505676832757644e-01 5.531051242430160642e+01 2.528000000000000000e+03
3.797409759428852505e-01 4.910110617922077125e+01 3.068000000000000000e+03
4.042043237165472980e-01 4.488609454823603073e+01 3.306000000000000000e+03
4.287673421450296507e-01 3.971505127207371544e+01 3.934000000000000000e+03
4.534562801006977173e-01 3.482747833686183725e+01 4.266000000000000000e+03
4.780738444491431371e-01 3.225306730146530754e+01 4.794000000000000000e+03
5.026630068413446839e-01 2.936432575005765244e+01 5.270000000000000000e+03
5.271487706313333632e-01 2.684116216764361695e+01 5.754000000000000000e+03
5.515550784249925176e-01 2.459615065237792919e+01 6.344000000000000000e+03
5.762450688919315001e-01 2.344652068709112669e+01 7.014000000000000000e+03
6.007380805735611506e-01 2.072688555910138675e+01 7.364000000000000000e+03
6.253672373831143938e-01 1.964158663657538639e+01 8.402000000000000000e+03
6.501755823830386305e-01 1.792464288199677469e+01 8.738000000000000000e+03
6.747760941225345865e-01 1.712676230449531545e+01 9.670000000000000000e+03
6.991949513373587610e-01 1.600520753022435372e+01 9.880000000000000000e+03
7.236228637511089579e-01 1.496826959613084362e+01 1.113000000000000000e+04
7.480317977018523523e-01 1.395018643554312732e+01 1.140000000000000000e+04
7.726576112572679511e-01 1.327115766525978025e+01 1.272200000000000000e+04
7.973030407408827624e-01 1.245957266040926292e+01 1.317000000000000000e+04
8.219050394031606199e-01 1.164023952652302185e+01 1.418600000000000000e+04
8.465029529859586788e-01 1.085308917250164917e+01 1.495800000000000000e+04
8.710314617807571880e-01 1.069260890520172147e+01 1.580200000000000000e+04
8.955964540390221051e-01 9.747394064010041603e+00 1.674600000000000000e+04
9.200327912485964932e-01 9.432203390394294118e+00 1.753400000000000000e+04
9.445818830773816677e-01 8.852420209575100785e+00 1.869000000000000000e+04
9.691428403852909712e-01 8.500743290923653106e+00 1.958600000000000000e+04
9.936398339652569023e-01 8.218252183524754173e+00 2.052400000000000000e+04
1.018176782820507942e+00 7.865297430450861604e+00 2.165200000000000000e+04
1.042766853365621582e+00 7.509964500164188372e+00 2.276000000000000000e+04
1.067432079366278153e+00 7.161177763293027354e+00 2.389200000000000000e+04
1.092007825972616253e+00 6.732054590966443541e+00 2.485400000000000000e+04
1.116555949281071269e+00 6.585646019423139208e+00 2.604000000000000000e+04
1.140969998657552109e+00 6.271521735573597489e+00 2.680400000000000000e+04
1.165412799157594437e+00 6.015887032897058617e+00 2.850000000000000000e+04
1.190057268598827767e+00 5.733453871210775432e+00 2.956400000000000000e+04
1.214617866389426926e+00 5.482372239927760127e+00 3.083400000000000000e+04
1.239153515017866303e+00 5.323666204123793655e+00 3.189000000000000000e+04
1.263794672254038076e+00 5.040256240555056166e+00 3.376600000000000000e+04
1.288426493777925508e+00 4.887349676224623352e+00 3.446400000000000000e+04
1.313029045166066222e+00 4.691768343051607282e+00 3.622000000000000000e+04
1.337417753268757670e+00 4.538921000125196059e+00 3.667000000000000000e+04
1.361925448145902662e+00 4.413118197067739779e+00 3.911400000000000000e+04
1.386503814700803305e+00 4.196852581413354599e+00 3.989800000000000000e+04
1.410925965910736268e+00 4.090115314011615766e+00 4.126400000000000000e+04
1.435480380696713132e+00 3.941872943556447684e+00 4.332000000000000000e+04
1.460033395611762819e+00 3.782814488655977581e+00 4.418400000000000000e+04
1.484681614846454778e+00 3.669034532595202514e+00 4.654800000000000000e+04
1.509254924902153627e+00 3.518884597512225376e+00 4.719800000000000000e+04
1.533680946131934064e+00 3.403421853714432732e+00 4.880200000000000000e+04
1.558325242020618395e+00 3.284115443572606097e+00 5.141800000000000000e+04
1.582898818657196172e+00 3.180209832357519861e+00 5.158800000000000000e+04
1.607456402752097668e+00 3.026390290647201109e+00 5.464400000000000000e+04
1.631994660923775875e+00 2.959572904487138612e+00 5.484200000000000000e+04
1.656426602680801441e+00 2.826708930566791622e+00 5.733800000000000000e+04
1.681030763944247663e+00 2.756564539778315837e+00 5.921400000000000000e+04
1.705626778692082679e+00 2.673303444258960493e+00 6.064200000000000000e+04
1.730101932693856259e+00 2.565681381582067822e+00 6.220200000000000000e+04
1.754558260322716334e+00 2.479601096922289916e+00 6.399000000000000000e+04
1.779072581939174391e+00 2.396700166119855258e+00 6.596200000000000000e+04
1.803774998375834437e+00 2.322740161036295881e+00 6.893000000000000000e+04
1.828415224475618661e+00 2.277355907180597772e+00 6.921800000000000000e+04
1.852957785002211422e+00 2.187156704076800740e+00 7.208600000000000000e+04
1.877516303117015672e+00 2.110366231766188427e+00 7.321600000000000000e+04
1.902003194583360202e+00 2.044252818827293705e+00 7.536400000000000000e+04
1.926459206259836909e+00 1.963025718393648367e+00 7.714200000000000000e+04
1.950979244101561871e+00 1.888782336340468104e+00 7.932200000000000000e+04
1.975457770288180148e+00 1.846820705536851071e+00 8.112200000000000000e+04
1.999996309013334805e+00 1.787749153526991375e+00 8.374000000000000000e+04
2.024695913452227547e+00 1.728367482478246231e+00 8.622800000000000000e+04
2.049270495590969521e+00 1.672706913416520225e+00 8.724200000000000000e+04
2.073767679346899317e+00 1.616701857572239609e+00 8.950400000000000000e+04
2.098324428534850128e+00 1.554354069153301765e+00 9.236600000000000000e+04
2.122935889074646809e+00 1.510915529314124983e+00 9.390800000000000000e+04
2.147465173093049629e+00 1.468147598607371096e+00 9.622600000000000000e+04
2.171851386770913273e+00 1.427217109715109400e+00 9.717200000000000000e+04
2.196429360365885319e+00 1.366424056211686500e+00 1.019960000000000000e+05
2.221105043850578831e+00 1.325208485873119901e+00 1.028340000000000000e+05
2.245633118720809840e+00 1.280836400191021518e+00 1.049360000000000000e+05
2.270148613403661475e+00 1.240807081610758589e+00 1.076640000000000000e+05
2.294696009023289740e+00 1.197037008179290041e+00 1.097300000000000000e+05
2.319241441457444708e+00 1.162353389949659865e+00 1.122420000000000000e+05
2.343770146594723602e+00 1.132396298851780836e+00 1.145480000000000000e+05
2.368234709664871041e+00 1.095229730033222548e+00 1.162040000000000000e+05
2.392776617152194252e+00 1.048791823151510982e+00 1.202100000000000000e+05
2.417436309943946426e+00 1.015851370508480400e+00 1.222240000000000000e+05
2.441964092100820327e+00 9.972809272536653502e-01 1.240000000000000000e+05
2.466420201333919149e+00 9.576075191190673852e-01 1.264900000000000000e+05
2.491026169981223948e+00 9.249823710975938473e-01 1.302980000000000000e+05
2.515591102978649296e+00 9.009575194797487807e-01 1.315160000000000000e+05
2.540133082400877651e+00 8.823625101951159122e-01 1.350280000000000000e+05
2.564697215405975061e+00 8.480671248013417207e-01 1.370340000000000000e+05
2.589228454518015088e+00 8.202726037452524599e-01 1.399400000000000000e+05
2.613757183180440702e+00 7.970111684339715730e-01 1.420440000000000000e+05
2.638313502207512595e+00 7.742569074936038742e-01 1.460980000000000000e+05
2.662834301341306720e+00 7.563872705606072833e-01 1.466160000000000000e+05
2.687347884782291363e+00 7.318322797064491514e-01 1.516080000000000000e+05
2.711870266169386756e+00 7.102450172204750611e-01 1.521540000000000000e+05
2.736410240969383345e+00 6.925868683940044068e-01 1.573620000000000000e+05
2.760989340439442330e+00 6.681880416099524878e-01 1.585880000000000000e+05
2.785558473191997120e+00 6.452240049448154657e-01 1.622680000000000000e+05
2.810141778825738346e+00 6.268662584811738325e-01 1.650500000000000000e+05
2.834718102903821535e+00 6.191343791168542054e-01 1.677360000000000000e+05
2.859242120224363859e+00 6.006970012125316671e-01 1.702080000000000000e+05
2.883795674146918397e+00 5.821956887669669234e-01 1.739060000000000000e+05
2.908310367032441501e+00 5.701871787924948087e-01 1.755300000000000000e+05
2.932762648979863496e+00 5.527669530694425681e-01 1.792520000000000000e+05
2.957354671686772463e+00 5.382098368004692990e-01 1.830680000000000000e+05
2.981929099202057287e+00 5.228969631467698109e-01 1.854820000000000000e+05
3.006447522980065568e+00 5.134757791687201145e-01 1.880620000000000000e+05
3.031021325283102197e+00 5.020901934665701338e-01 1.926420000000000000e+05
3.055617158894413432e+00 4.912896535019340427e-01 1.947140000000000000e+05
3.080222423553735211e+00 4.800631636289260373e-01 1.988180000000000000e+05
3.104658431249708972e+00 4.692066792463530089e-01 1.985880000000000000e+05
3.129104157143472342e+00 4.577330973516595680e-01 2.049720000000000000e+05
