# k, P(k), Nmodes
0.000000000000000000e+00 0.000000000000000000e+00 1.000000000000000000e+00
3.476422409025522325e-02 1.935016135318336092e+04 2.600000000000000000e+01
6.013017737617095543e-02 1.234878689825013134e+04 7.200000000000000000e+01
8.418151618618714693e-02 7.855935617087469836e+03 1.520000000000000000e+02
1.087367500886957938e-01 5.724820970137124277e+03 2.340000000000000000e+02
1.343722219507281490e-01 4.824696119898795587e+03 4.160000000000000000e+02
1.587124844392140688e-01 3.718913429162540979e+03 4.800000000000000000e+02
1.829253236177555419e-01 2.935600309566803844e+03 7.220000000000000000e+02
2.074764920249410893e-01 2.498593167557059132e+03 8.740000000000000000e+02
2.323188502694161217e-01 2.338120143452010780e+03 1.162000000000000000e+03
2.568837897152542737e-01 1.797330424701240872e+03 1.358000000000000000e+03
2.811677721420339782e-01 1.686796248390505298e+03 1.632000000000000000e+03
3.062790434346451818e-01 1.530246425857974373e+03 2.036000000000000000e+03
3.313311990205343727e-01 1.461113596115354085e+03 2.310000000000000000e+03
3.554505676832757644e-01 1.233642779340487778e+03 2.528000000000000000e+03
3.797409759428852505e-01 1.127080535833272961e+03 3.068000000000000000e+03
4.042043237165472980e-01 1.102622508375244024e+03 3.306000000000000000e+03
4.287673421450296507e-01 1.023546214966560001e+03 3.934000000000000000e+03
4.534562801006977173e-01 9.004931221223655484e+02 4.266000000000000000e+03
4.780738444491431371e-01 9.019795959369025695e+02 4.794000000000000000e+03
5.026630068413446839e-01 8.266518837923313185e+02 5.270000000000000000e+03
5.271487706313333632e-01 7.948541093860438878e+02 5.754000000000000000e+03
5.515550784249925176e-01 7.478992745972821012e+02 6.344000000000000000e+03
5.762450688919315001e-01 7.396937972917169191e+02 7.014000000000000000e+03
6.007380805735611506e-01 6.759543832981718197e+02 7.364000000000000000e+03
6.253672373831143938e-01 6.656479736233982294e+02 8.402000000000000000e+03
6.501755823830386305e-01 6.413390180542373855e+02 8.738000000000000000e+03
6.747760941225345865e-01 6.142160596185343593e+02 9.670000000000000000e+03
6.991949513373587610e-01 5.924472832564871396e+02 9.880000000000000000e+03
7.236228637511089579e-01 5.708421502636846299e+02 1.113000000000000000e+04
7.480317977018523523e-01 5.526295504993809118e+02 1.140000000000000000e+04
7.726576112572679511e-01 5.459583594827848856e+02 1.272200000000000000e+04
7.973030407408827624e-01 5.245501158770056236e+02 1.317000000000000000e+04
8.219050394031606199e-01 5.033503156959275771e+02 1.418600000000000000e+04
8.465029529859586788e-01 4.809331444114890246e+02 1.495800000000000000e+04
8.710314617807571880e-01 4.812336468762912318e+02 1.580200000000000000e+04
8.955964540390221051e-01 4.635840066099441970e+02 1.674600000000000000e+04
9.200327912485964932e-01 4.528972888356337876e+02 1.753400000000000000e+04
9.445818830773816677e-01 4.411415720865795151e+02 1.869000000000000000e+04
9.691428403852909712e-01 4.283647192278074840e+02 1.958600000000000000e+04
9.936398339652569023e-01 4.240937388321924573e+02 2.052400000000000000e+04
1.018176782820507942e+00 4.094146959087777873e+02 2.165200000000000000e+04
1.042766853365621582e+00 4.057815060311494904e+02 2.276000000000000000e+04
1.067432079366278153e+00 3.917688632067411163e+02 2.389200000000000000e+04
1.092007825972616253e+00 3.812509536906472363e+02 2.485400000000000000e+04
1.116555949281071269e+00 3.776035643760909011e+02 2.604000000000000000e+04
1.140969998657552109e+00 3.642604214982241047e+02 2.680400000000000000e+04
1.165412799157594437e+00 3.640618239213864626e+02 2.850000000000000000e+04
1.190057268598827767e+00 3.473152120327136458e+02 2.956400000000000000e+04
1.214617866389426926e+00 3.417606898306419225e+02 3.083400000000000000e+04
1.239153515017866303e+00 3.350434528513875421e+02 3.189000000000000000e+04
1.263794672254038076e+00 3.230434881512728111e+02 3.376600000000000000e+04
1.288426493777925508e+00 3.173935186772227439e+02 3.446400000000000000e+04
1.313029045166066222e+00 3.132922011156690587e+02 3.622000000000000000e+04
1.337417753268757670e+00 3.056298185913779548e+02 3.667000000000000000e+04
1.361925448145902662e+00 3.017088222651110527e+02 3.911400000000000000e+04
1.386503814700803305e+00 2.947195182093487347e+02 3.989800000000000000e+04
1.410925965910736268e+00 2.888539115169191973e+02 4.126400000000000000e+04
1.435480380696713132e+00 2.843819491174716632e+02 4.332000000000000000e+04
1.460033395611762819e+00 2.804111464270435476e+02 4.418400000000000000e+04
1.484681614846454778e+00 2.737023982248625771e+02 4.654800000000000000e+04
1.509254924902153627e+00 2.674610461420318188e+02 4.719800000000000000e+04
1.533680946131934064e+00 2.639000890919553513e+02 4.880200000000000000e+04
1.558325242020618395e+00 2.579796593955878166e+02 5.141800000000000000e+04
1.582898818657196172e+00 2.534860282370354696e+02 5.158800000000000000e+04
1.607456402752097668e+00 2.469512685666802838e+02 5.464400000000000000e+04
1.631994660923775875e+00 2.447552300969326495e+02 5.484200000000000000e+04
1.656426602680801441e+00 2.382992413789157808e+02 5.733800000000000000e+04
1.681030763944247663e+00 2.345876843999706978e+02 5.921400000000000000e+04
1.705626778692082679e+00 2.300449384726088340e+02 6.064200000000000000e+04
1.730101932693856259e+00 2.244185977571020771e+02 6.220200000000000000e+04
1.754558260322716334e+00 2.211980908743811369e+02 6.399000000000000000e+04
1.779072581939174391e+00 2.175331560951684651e+02 6.596200000000000000e+04
1.803774998375834437e+00 2.141196012521531600e+02 6.893000000000000000e+04
1.828415224475618661e+00 2.095060846160293124e+02 6.921800000000000000e+04
1.852957785002211422e+00 2.062802908204766084e+02 7.208600000000000000e+04
1.877516303117015672e+00 2.025376871588096890e+02 7.321600000000000000e+04
1.902003194583360202e+00 1.997426219080316798e+02 7.536400000000000000e+04
1.926459206259836909e+00 1.920577932489794648e+02 7.714200000000000000e+04
1.950979244101561871e+00 1.887617341304560341e+02 7.932200000000000000e+04
1.975457770288180148e+00 1.878653485758581212e+02 8.112200000000000000e+04
1.999996309013334805e+00 1.833078238195771519e+02 8.374000000000000000e+04
2.024695913452227547e+00 1.802853569690424820e+02 8.622800000000000000e+04
2.049270495590969521e+00 1.751978813080373811e+02 8.724200000000000000e+04
2.073767679346899317e+00 1.729524999885193211e+02 8.950400000000000000e+04
2.098324428534850128e+00 1.691113669896138276e+02 9.236600000000000000e+04
2.122935889074646809e+00 1.654513455723826496e+02 9.390800000000000000e+04
2.147465173093049629e+00 1.633239524537806346e+02 9.622600000000000000e+04
2.171851386770913273e+00 1.618466727111131434e+02 9.717200000000000000e+04
2.196429360365885319e+00 1.578822778721481086e+02 1.019960000000000000e+05
2.221105043850578831e+00 1.546707665292317415e+02 1.028340000000000000e+05
2.245633118720809840e+00 1.507323615334905469e+02 1.049360000000000000e+05
2.270148613403661475e+00 1.483050435242747653e+02 1.076640000000000000e+05
2.294696009023289740e+00 1.459452654778141039e+02 1.097300000000000000e+05
2.319241441457444708e+00 1.431274939724253557e+02 1.122420000000000000e+05
2.343770146594723602e+00 1.404834048969813409e+02 1.145480000000000000e+05
2.368234709664871041e+00 1.376785888616796285e+02 1.162040000000000000e+05
2.392776617152194252e+00 1.345686625517305970e+02 1.202100000000000000e+05
2.417436309943946426e+00 1.321870152318319356e+02 1.222240000000000000e+05
2.441964092100820327e+00 1.297974358404311488e+02 1.240000000000000000e+05
2.466420201333919149e+00 1.273613666018481894e+02 1.264900000000000000e+05
2.491026169981223948e+00 1.248906544954865154e+02 1.302980000000000000e+05
2.515591102978649296e+00 1.213762069574473372e+02 1.315160000000000000e+05
2.540133082400877651e+00 1.206633465737045299e+02 1.350280000000000000e+05
2.564697215405975061e+00 1.184741166346763492e+02 1.370340000000000000e+05
2.589228454518015088e+00 1.159477584350658930e+02 1.399400000000000000e+05
2.613757183180440702e+00 1.135822289750949636e+02 1.420440000000000000e+05
2.638313502207512595e+00 1.121398453792724013e+02 1.460980000000000000e+05
2.662834301341306720e+00 1.106982379967092101e+02 1.466160000000000000e+05
2.687347884782291363e+00 1.080442768718629480e+02 1.516080000000000000e+05
2.711870266169386756e+00 1.062822133249708685e+02 1.521540000000000000e+05
2.736410240969383345e+00 1.045207995319326244e+02 1.573620000000000000e+05
2.760989340439442330e+00 1.024965304010551677e+02 1.585880000000000000e+05
2.785558473191997120e+00 1.002240128797887451e+02 1.622680000000000000e+05
2.810141778825738346e+00 9.837709597651524973e+01 1.650500000000000000e+05
2.834718102903821535e+00 9.742361163333981722e+01 1.677360000000000000e+05
2.859242120224363859e+00 9.564412833461159380e+01 1.702080000000000000e+05
2.883795674146918397e+00 9.414284795212435597e+01 1.739060000000000000e+05
2.908310367032441501e+00 9.211966640151702279e+01 1.755300000000000000e+05
2.932762648979863496e+00 9.054094254288727939e+01 1.792520000000000000e+05
2.957354671686772463e+00 8.950382854657776477e+01 1.830680000000000000e+05
2.981929099202057287e+00 8.782606418565514161e+01 1.854820000000000000e+05
3.006447522980065568e+00 8.666141019648065935e+01 1.880620000000000000e+05
3.031021325283102197e+00 8.547887128171286975e+01 1.926420000000000000e+05
3.055617158894413432e+00 8.401553818631236936e+01 1.947140000000000000e+05
3.080222423553735211e+00 8.343228090215504267e+01 1.988180000000000000e+05
3.104658431249708972e+00 8.130923923074168158e+01 1.985880000000000000e+05
3.129104157143472342e+00 8.061635875469224288e+01 2.049720000000000000e+05
