# k, P(k), Nmodes
0.000000000000000000e+00 0.000000000000000000e+00 1.000000000000000000e+00
3.476422409025522325e-02 2.177594439108671213e+04 2.600000000000000000e+01
6.013017737617095543e-02 1.536636682783608740e+04 7.200000000000000000e+01
8.418151618618714693e-02 9.809870514930084028e+03 1.520000000000000000e+02
1.087367500886957938e-01 7.104300876866866020e+03 2.340000000000000000e+02
1.343722219507281490e-01 5.963737692295787383e+03 4.160000000000000000e+02
1.587124844392140688e-01 4.858120757391440748e+03 4.800000000000000000e+02
1.829253236177555419e-01 3.838394249203830441e+03 7.220000000000000000e+02
2.074764920249410893e-01 3.341451089687943295e+03 8.740000000000000000e+02
2.323188502694161217e-01 3.182245448652119194e+03 1.162000000000000000e+03
2.568837897152542737e-01 2.420985013059887933e+03 1.358000000000000000e+03
2.811677721420339782e-01 2.297861365321122321e+03 1.632000000000000000e+03
3.062790434346451818e-01 2.145569984421646950e+03 2.036000000000000000e+03
3.313311990205343727e-01 2.038783560656403097e+03 2.310000000000000000e+03
3.554505676832757644e-01 1.731258614084077408e+03 2.528000000000000000e+03
3.797409759428852505e-01 1.619317613111879837e+03 3.068000000000000000e+03
4.042043237165472980e-01 1.598206941765630290e+03 3.306000000000000000e+03
4.287673421450296507e-01 1.483089029912134492e+03 3.934000000000000000e+03
4.534562801006977173e-01 1.372071101147942272e+03 4.266000000000000000e+03
4.780738444491431371e-01 1.307108497637615073e+03 4.794000000000000000e+03
5.026630068413446839e-01 1.235939694526648509e+03 5.270000000000000000e+03
5.271487706313333632e-01 1.194903914288551732e+03 5.754000000000000000e+03
5.515550784249925176e-01 1.125128217818386702e+03 6.344000000000000000e+03
5.762450688919315001e-01 1.113705574188364153e+03 7.014000000000000000e+03
6.007380805735611506e-01 1.031067019743202536e+03 7.364000000000000000e+03
6.253672373831143938e-01 1.024741421352796579e+03 8.402000000000000000e+03
6.501755823830386305e-01 9.774539215831044885e+02 8.738000000000000000e+03
6.747760941225345865e-01 9.638237098183512899e+02 9.670000000000000000e+03
6.991949513373587610e-01 9.108727541711722324e+02 9.880000000000000000e+03
7.236228637511089579e-01 8.900184813934921522e+02 1.113000000000000000e+04
7.480317977018523523e-01 8.588002581969288940e+02 1.140000000000000000e+04
7.726576112572679511e-01 8.394385157708115912e+02 1.272200000000000000e+04
7.973030407408827624e-01 8.229064555297926518e+02 1.317000000000000000e+04
8.219050394031606199e-01 8.122300075768406487e+02 1.418600000000000000e+04
8.465029529859586788e-01 7.595656485904697774e+02 1.495800000000000000e+04
8.710314617807571880e-01 7.574231349715754504e+02 1.580200000000000000e+04
8.955964540390221051e-01 7.222609509606944584e+02 1.674600000000000000e+04
9.200327912485964932e-01 7.149810012303214535e+02 1.753400000000000000e+04
9.445818830773816677e-01 6.958123452991308113e+02 1.869000000000000000e+04
9.691428403852909712e-01 6.844863529191918587e+02 1.958600000000000000e+04
9.936398339652569023e-01 6.590513298305173748e+02 2.052400000000000000e+04
1.018176782820507942e+00 6.559128850612992210e+02 2.165200000000000000e+04
1.042766853365621582e+00 6.487127524844173649e+02 2.276000000000000000e+04
1.067432079366278153e+00 6.214515410987534096e+02 2.389200000000000000e+04
1.092007825972616253e+00 6.067334092957888743e+02 2.485400000000000000e+04
1.116555949281071269e+00 6.001914493698324122e+02 2.604000000000000000e+04
1.140969998657552109e+00 5.826486375796328048e+02 2.680400000000000000e+04
1.165412799157594437e+00 5.728661452951643014e+02 2.850000000000000000e+04
1.190057268598827767e+00 5.597502067943497650e+02 2.956400000000000000e+04
1.214617866389426926e+00 5.416085078393376762e+02 3.083400000000000000e+04
1.239153515017866303e+00 5.352791932977139595e+02 3.189000000000000000e+04
1.263794672254038076e+00 5.261325371375629629e+02 3.376600000000000000e+04
1.288426493777925508e+00 5.170579628034899997e+02 3.446400000000000000e+04
1.313029045166066222e+00 5.016252510506768658e+02 3.622000000000000000e+04
1.337417753268757670e+00 4.953958911101903482e+02 3.667000000000000000e+04
1.361925448145902662e+00 4.904082140830105345e+02 3.911400000000000000e+04
1.386503814700803305e+00 4.747778341746810611e+02 3.989800000000000000e+04
1.410925965910736268e+00 4.760327857949079657e+02 4.126400000000000000e+04
1.435480380696713132e+00 4.581805438782836291e+02 4.332000000000000000e+04
1.460033395611762819e+00 4.481167755174387253e+02 4.418400000000000000e+04
1.484681614846454778e+00 4.391982126557145989e+02 4.654800000000000000e+04
1.509254924902153627e+00 4.312091796794252332e+02 4.719800000000000000e+04
1.533680946131934064e+00 4.267817641851473809e+02 4.880200000000000000e+04
1.558325242020618395e+00 4.171819476525884056e+02 5.141800000000000000e+04
1.582898818657196172e+00 4.092579185375309976e+02 5.158800000000000000e+04
1.607456402752097668e+00 3.994740712430395888e+02 5.464400000000000000e+04
1.631994660923775875e+00 3.891940195659146866e+02 5.484200000000000000e+04
1.656426602680801441e+00 3.843840025483476097e+02 5.733800000000000000e+04
1.681030763944247663e+00 3.759682173161522201e+02 5.921400000000000000e+04
1.705626778692082679e+00 3.696675100868499158e+02 6.064200000000000000e+04
1.730101932693856259e+00 3.607947799324197149e+02 6.220200000000000000e+04
1.754558260322716334e+00 3.568021038468360189e+02 6.399000000000000000e+04
1.779072581939174391e+00 3.497369387443833375e+02 6.596200000000000000e+04
1.803774998375834437e+00 3.437712063665991877e+02 6.893000000000000000e+04
1.828415224475618661e+00 3.404636079415426479e+02 6.921800000000000000e+04
1.852957785002211422e+00 3.306706511883141388e+02 7.208600000000000000e+04
1.877516303117015672e+00 3.254354374685538005e+02 7.321600000000000000e+04
1.902003194583360202e+00 3.200939719959845320e+02 7.536400000000000000e+04
1.926459206259836909e+00 3.138185238196161890e+02 7.714200000000000000e+04
1.950979244101561871e+00 3.071859308969669087e+02 7.932200000000000000e+04
1.975457770288180148e+00 3.032373564803477848e+02 8.112200000000000000e+04
1.999996309013334805e+00 2.976642618111213778e+02 8.374000000000000000e+04
2.024695913452227547e+00 2.904926752412750375e+02 8.622800000000000000e+04
2.049270495590969521e+00 2.865147549557493676e+02 8.724200000000000000e+04
2.073767679346899317e+00 2.818972303412996325e+02 8.950400000000000000e+04
2.098324428534850128e+00 2.714121378578683448e+02 9.236600000000000000e+04
2.122935889074646809e+00 2.707376973119929175e+02 9.390800000000000000e+04
2.147465173093049629e+00 2.624320327093640799e+02 9.622600000000000000e+04
2.171851386770913273e+00 2.588296054637511929e+02 9.717200000000000000e+04
2.196429360365885319e+00 2.532353722305900021e+02 1.019960000000000000e+05
2.221105043850578831e+00 2.461811721362566630e+02 1.028340000000000000e+05
2.245633118720809840e+00 2.446539516152766964e+02 1.049360000000000000e+05
2.270148613403661475e+00 2.375349631809917526e+02 1.076640000000000000e+05
2.294696009023289740e+00 2.342110665895725674e+02 1.097300000000000000e+05
2.319241441457444708e+00 2.298070913280087666e+02 1.122420000000000000e+05
2.343770146594723602e+00 2.259752826426615968e+02 1.145480000000000000e+05
2.368234709664871041e+00 2.197512056606778117e+02 1.162040000000000000e+05
2.392776617152194252e+00 2.151682775309703857e+02 1.202100000000000000e+05
2.417436309943946426e+00 2.100322901070642274e+02 1.222240000000000000e+05
2.441964092100820327e+00 2.071432540822260648e+02 1.240000000000000000e+05
2.466420201333919149e+00 2.021948481525993486e+02 1.264900000000000000e+05
2.491026169981223948e+00 1.994294401550245652e+02 1.302980000000000000e+05
2.515591102978649296e+00 1.948106673193911718e+02 1.315160000000000000e+05
2.540133082400877651e+00 1.923365024438637079e+02 1.350280000000000000e+05
2.564697215405975061e+00 1.886129049687990573e+02 1.370340000000000000e+05
2.589228454518015088e+00 1.843817335274424352e+02 1.399400000000000000e+05
2.613757183180440702e+00 1.813980593381768642e+02 1.420440000000000000e+05
2.638313502207512595e+00 1.768999625727433056e+02 1.460980000000000000e+05
2.662834301341306720e+00 1.748245071972992548e+02 1.466160000000000000e+05
2.687347884782291363e+00 1.714333976934625525e+02 1.516080000000000000e+05
2.711870266169386756e+00 1.681229134640745997e+02 1.521540000000000000e+05
2.736410240969383345e+00 1.646145227683811640e+02 1.573620000000000000e+05
2.760989340439442330e+00 1.611954713675036430e+02 1.585880000000000000e+05
2.785558473191997120e+00 1.589344015511053385e+02 1.622680000000000000e+05
2.810141778825738346e+00 1.552199117165862674e+02 1.650500000000000000e+05
2.834718102903821535e+00 1.525934312643399267e+02 1.677360000000000000e+05
2.859242120224363859e+00 1.493484578214963108e+02 1.702080000000000000e+05
2.883795674146918397e+00 1.475551956778448925e+02 1.739060000000000000e+05
2.908310367032441501e+00 1.449563268061953352e+02 1.755300000000000000e+05
2.932762648979863496e+00 1.415418766193410249e+02 1.792520000000000000e+05
2.957354671686772463e+00 1.407208475813430368e+02 1.830680000000000000e+05
2.981929099202057287e+00 1.378105937734375459e+02 1.854820000000000000e+05
3.006447522980065568e+00 1.360079552242230534e+02 1.880620000000000000e+05
3.031021325283102197e+00 1.334314855097989039e+02 1.926420000000000000e+05
3.055617158894413432e+00 1.316197714020701710e+02 1.947140000000000000e+05
3.080222423553735211e+00 1.291551155827358173e+02 1.988180000000000000e+05
3.104658431249708972e+00 1.272652859692860119e+02 1.985880000000000000e+05
3.129104157143472342e+00 1.250066575290261142e+02 2.049720000000000000e+05
