#        k       b1_x       b1_a            Pkmm
   0.03682    3.83947    3.86231     9.72578e+02
   0.06136    3.73359    3.77528     6.00686e+02
   0.08590    3.66007    3.72103     4.02908e+02
   0.11045    3.77599    3.85971     2.63876e+02
   0.13499    3.80117    3.88075     2.14490e+02
   0.15953    3.85672    3.98994     1.53679e+02
   0.18408    3.80231    3.94929     1.21183e+02
   0.20862    3.90065    4.05549     9.86080e+01
   0.23317    4.03859    4.20891     8.21122e+01
   0.25771    3.84669    4.03115     6.61662e+01
   0.28225    3.94282    4.14699     5.83324e+01
   0.30680    4.05585    4.27711     4.83227e+01
   0.33134    4.09148    4.30288     4.34938e+01
   0.35588    4.08015    4.31845     3.60105e+01
   0.38043    4.07144    4.31313     3.19469e+01
   0.40497    4.23416    4.47307     2.89613e+01
   0.42951    4.22298    4.47409     2.54899e+01
   0.45406    4.26136    4.49614     2.23904e+01
   0.47860    4.29616    4.55649     2.05236e+01
   0.50315    4.33718    4.57557     1.87124e+01
   0.52769    4.44792    4.67105     1.70159e+01
   0.55223    4.43910    4.67222     1.55240e+01
   0.57678    4.49636    4.73122     1.47112e+01
   0.60132    4.49300    4.71242     1.29834e+01
   0.62586    4.56138    4.77678     1.22408e+01
   0.65041    4.63344    4.84295     1.11218e+01
   0.67495    4.65941    4.86113     1.06124e+01
   0.69950    4.68619    4.88125     9.85039e+00
   0.72404    4.73748    4.89180     9.11907e+00
   0.74858    4.78356    4.93761     8.49820e+00
   0.77313    4.83006    4.96117     8.09121e+00
   0.79767    4.86585    4.99758     7.49524e+00
   0.82221    4.96346    5.08074     7.00284e+00
   0.84676    4.90998    4.99906     6.54272e+00
   0.87130    4.98208    5.02233     6.41085e+00
   0.89584    5.03276    5.03868     5.78466e+00
   0.92039    5.10068    5.07652     5.63472e+00
   0.94493    5.12617    5.09177     5.29168e+00
   0.96948    5.15933    5.10739     5.00829e+00
   0.99402    5.21443    5.10530     4.84791e+00
   1.01856    5.26026    5.14335     4.64934e+00
   1.04311    5.31544    5.18348     4.39183e+00
   1.06765    5.33392    5.14295     4.15659e+00
   1.09219    5.37081    5.10358     3.93804e+00
   1.11674    5.42845    5.15314     3.83901e+00
   1.14128    5.49330    5.16824     3.68563e+00
   1.16583    5.49708    5.14834     3.48996e+00
   1.19037    5.54418    5.14100     3.34454e+00
   1.21491    5.57146    5.13256     3.19951e+00
   1.23946    5.61787    5.10654     3.09322e+00
   1.26400    5.64219    5.11350     2.93160e+00
   1.28854    5.72588    5.13720     2.81975e+00
   1.31309    5.71687    5.11063     2.74360e+00
   1.33763    5.83318    5.16612     2.63405e+00
   1.36217    5.83922    5.12483     2.57140e+00
   1.38672    5.87656    5.07470     2.44991e+00
   1.41126    5.97775    5.16844     2.38216e+00
   1.43581    5.92060    5.04715     2.29041e+00
   1.46035    5.98022    5.02868     2.20198e+00
   1.48489    6.04539    5.02557     2.15868e+00
   1.50944    6.07003    4.98823     2.06220e+00
   1.53398    6.14535    4.99253     1.99745e+00
   1.55852    6.20815    4.99944     1.93176e+00
   1.58307    6.22801    4.96206     1.86411e+00
   1.60761    6.25611    4.90281     1.80464e+00
   1.63216    6.26958    4.83415     1.77720e+00
   1.65670    6.31757    4.82118     1.68641e+00
   1.68124    6.33875    4.76116     1.65781e+00
   1.70579    6.38825    4.73748     1.61175e+00
   1.73033    6.45519    4.71716     1.55916e+00
   1.75487    6.51268    4.71927     1.50939e+00
   1.77942    6.57398    4.66313     1.46654e+00
   1.80396    6.57682    4.59606     1.43124e+00
   1.82851    6.62077    4.61093     1.40899e+00
   1.85305    6.65092    4.51724     1.36200e+00
   1.87759    6.72906    4.50237     1.32054e+00
   1.90214    6.78504    4.48109     1.28455e+00
   1.92668    6.80168    4.37179     1.24959e+00
   1.95122    6.80550    4.26247     1.20930e+00
   1.97577    6.88232    4.23821     1.18132e+00
   2.00031    6.92764    4.21426     1.15769e+00
   2.02485    6.94490    4.09781     1.12952e+00
   2.04940    6.98816    4.03516     1.10045e+00
   2.07394    7.03946    4.00039     1.07771e+00
   2.09849    7.01457    3.73316     1.04221e+00
   2.12303    7.11923    3.77895     1.01704e+00
   2.14757    7.13463    3.63339     9.94476e-01
   2.17212    7.17299    3.58493     9.77241e-01
   2.19666    7.21539    3.42137     9.48288e-01
   2.22120    7.21744    3.24442     9.25274e-01
   2.24575    7.27223    3.14228     8.98673e-01
   2.27029    7.30093    3.04498     8.81361e-01
   2.29484    7.34917    2.91204     8.64828e-01
   2.31938    7.40628    2.76956     8.44117e-01
   2.34392    7.42200    2.51724     8.25214e-01
   2.36847    7.43604    2.29451     8.08912e-01
   2.39301    7.52089    2.07160     7.79902e-01
   2.41755    7.53926    1.79481     7.68344e-01
   2.44210    7.58128    1.68039     7.57313e-01
   2.46664    7.62598    1.38200     7.36488e-01
   2.49118    7.67463    0.85900     7.22824e-01
   2.51573    7.71606    0.28467     7.07102e-01
   2.54027    7.74075    1.21978     6.93010e-01
   2.56482    7.76492    1.49988     6.82521e-01
   2.58936    7.80911    2.05750     6.59559e-01
   2.61390    7.86834    2.20215     6.49184e-01
   2.63845    7.86900    2.59122     6.33869e-01
   2.66299    7.91765    2.75913     6.24459e-01
   2.68753    7.98793    2.90144     6.12147e-01
   2.71208    7.99597    3.13731     6.00990e-01
   2.73662    8.00408    3.47474     5.85695e-01
   2.76117    8.03119    3.71423     5.71882e-01
   2.78571    8.12479    3.75882     5.60794e-01
   2.81025    8.13526    4.04197     5.49646e-01
   2.83480    8.14074    4.25166     5.42240e-01
   2.85934    8.19712    4.37359     5.31351e-01
   2.88388    8.24516    4.57827     5.16755e-01
   2.90843    8.27921    4.73985     5.09039e-01
   2.93297    8.30634    4.95806     4.97133e-01
   2.95751    8.32933    5.07593     4.90538e-01
   2.98206    8.36862    5.27005     4.78983e-01
   3.00660    8.43594    5.43030     4.67121e-01
   3.03115    8.46801    5.48680     4.64220e-01
   3.05569    8.50160    5.67985     4.53398e-01
   3.08023    8.55032    5.83864     4.45646e-01
   3.10478    8.55328    6.11354     4.35275e-01
   3.12932    8.59473    6.19642     4.28079e-01
   3.15386    8.61425    6.37689     4.21024e-01
   3.17841    8.64790    6.56396     4.11894e-01
   3.20295    8.72668    6.61532     4.06304e-01
   3.22750    8.72419    6.80604     3.99206e-01
   3.25204    8.77820    7.01774     3.89344e-01
   3.27658    8.78856    7.18303     3.83319e-01
   3.30113    8.82431    7.34661     3.76232e-01
   3.32567    8.88741    7.45343     3.69707e-01
   3.35021    8.90074    7.63805     3.62017e-01
   3.37476    8.92883    7.84082     3.54988e-01
   3.39930    8.97868    8.00133     3.47909e-01
   3.42385    9.01762    8.11713     3.43188e-01
   3.44839    9.02087    8.29206     3.37132e-01
   3.47293    9.08074    8.46158     3.29845e-01
   3.49748    9.08559    8.59072     3.25761e-01
   3.52202    9.13295    8.74016     3.19534e-01
   3.54656    9.17936    8.90752     3.13371e-01
   3.57111    9.21003    9.06817     3.07728e-01
   3.59565    9.24667    9.30157     3.00579e-01
   3.62019    9.24777    9.41970     2.97441e-01
   3.64474    9.30360    9.58107     2.91339e-01
   3.66928    9.34110    9.77360     2.85039e-01
   3.69383    9.37453    9.87217     2.81731e-01
   3.71837    9.38105   10.07258     2.76811e-01
   3.74291    9.43211   10.21406     2.72044e-01
   3.76746    9.46442   10.39943     2.66863e-01
   3.79200    9.49029   10.53596     2.62452e-01
   3.81654    9.53311   10.69699     2.57944e-01
   3.84109    9.57875   10.90295     2.52251e-01
   3.86563    9.56064   11.07642     2.49063e-01
   3.89018    9.60744   11.24276     2.44654e-01
   3.91472    9.63680   11.40812     2.40530e-01
   3.93926    9.70516   11.51902     2.36944e-01
   3.96381    9.71781   11.78749     2.31226e-01
   3.98835    9.72033   11.94257     2.28036e-01
   4.01289    9.79541   12.03250     2.25132e-01
   4.03744    9.80373   12.25666     2.20374e-01
   4.06198    9.84128   12.47859     2.15939e-01
   4.08652    9.85920   12.66587     2.11913e-01
   4.11107    9.93551   12.75062     2.09088e-01
   4.13561    9.96894   12.90597     2.06270e-01
   4.16016    9.96228   13.11053     2.03064e-01
   4.18470   10.02005   13.28484     1.99041e-01
   4.20924   10.02977   13.50445     1.95282e-01
   4.23379   10.06025   13.68452     1.92005e-01
   4.25833   10.10543   13.83703     1.89063e-01
   4.28287   10.15006   13.98437     1.85979e-01
   4.30742   10.18634   14.18219     1.82760e-01
   4.33196   10.21025   14.35078     1.80112e-01
   4.35651   10.24409   14.58416     1.76274e-01
   4.38105   10.26184   14.77417     1.73416e-01
   4.40559   10.32343   14.94275     1.70242e-01
   4.43014   10.36388   15.13277     1.67322e-01
   4.45468   10.36360   15.25955     1.65997e-01
   4.47922   10.38230   15.49120     1.62641e-01
   4.50377   10.43020   15.69053     1.59564e-01
   4.52831   10.45643   15.87565     1.57149e-01
   4.55285   10.50007   16.05934     1.54374e-01
   4.57740   10.52793   16.26481     1.51874e-01
   4.60194   10.54232   16.47392     1.49341e-01
   4.62649   10.57204   16.67193     1.46767e-01
   4.65103   10.62625   16.80817     1.44969e-01
   4.67557   10.67290   17.04668     1.42037e-01
   4.70012   10.68496   17.22914     1.40074e-01
   4.72466   10.71255   17.48251     1.37283e-01
   4.74920   10.72734   17.69999     1.34824e-01
   4.77375   10.77302   17.86653     1.32992e-01
   4.79829   10.81936   18.03497     1.31107e-01
   4.82284   10.81310   18.30479     1.28541e-01
   4.84738   10.86848   18.46046     1.26784e-01
   4.87192   10.89087   18.67958     1.24707e-01
   4.89647   10.89192   18.95767     1.22100e-01
   4.92101   10.96194   19.09635     1.20571e-01
   4.94555   10.99459   19.29542     1.18708e-01
   4.97010   11.00687   19.52490     1.16780e-01
   4.99464   11.02643   19.71178     1.15255e-01
   5.01919   11.06461   19.99492     1.12804e-01
   5.04373   11.10525   20.15620     1.11317e-01
   5.06827   11.14320   20.37961     1.09531e-01
   5.09282   11.15190   20.61012     1.07771e-01
   5.11736   11.18068   20.75914     1.06624e-01
   5.14190   11.20411   21.08796     1.04124e-01
   5.16645   11.25615   21.27397     1.02623e-01
   5.19099   11.27826   21.51296     1.00917e-01
   5.21553   11.30899   21.71398     9.94844e-02
   5.24008   11.35086   21.98356     9.75605e-02
   5.26462   11.34440   22.21130     9.61684e-02
   5.28917   11.39112   22.39362     9.48945e-02
   5.31371   11.38502   22.61687     9.35531e-02
   5.33825   11.41487   22.90337     9.16984e-02
   5.36280   11.46228   23.06039     9.07420e-02
   5.38734   11.48436   23.34578     8.89835e-02
   5.41188   11.52940   23.57211     8.76007e-02
   5.43643   11.53836   23.77841     8.64525e-02
   5.46097   11.57733   24.02154     8.50575e-02
   5.48552   11.57406   24.23780     8.39293e-02
   5.51006   11.61988   24.50254     8.24470e-02
   5.53460   11.64907   24.74280     8.11638e-02
   5.55915   11.69250   24.91482     8.02157e-02
   5.58369   11.70576   25.20295     7.88034e-02
   5.60823   11.73661   25.41327     7.77633e-02
   5.63278   11.76245   25.63617     7.67167e-02
   5.65732   11.79132   25.83357     7.57433e-02
   5.68186   11.82254   26.15076     7.42845e-02
   5.70641   11.83515   26.36042     7.33663e-02
   5.73095   11.84078   26.58582     7.24305e-02
   5.75550   11.89463   26.85636     7.11903e-02
   5.78004   11.90549   27.04932     7.03711e-02
   5.80458   11.93857   27.34655     6.91063e-02
   5.82913   11.95406   27.56271     6.82837e-02
   5.85367   11.95647   27.78892     6.73979e-02
   5.87821   12.01818   28.04113     6.63458e-02
   5.90276   12.00516   28.25856     6.55607e-02
   5.92730   12.04670   28.49788     6.46350e-02
   5.95185   12.07113   28.76046     6.36423e-02
   5.97639   12.09460   28.96760     6.29184e-02
   6.00093   12.12461   29.18808     6.21364e-02
   6.02548   12.16822   29.42007     6.13013e-02
   6.05002   12.14379   29.61778     6.06806e-02
   6.07456   12.19873   29.83444     5.99182e-02
   6.09911   12.22071   30.07172     5.91319e-02
   6.12365   12.24539   30.26074     5.85231e-02
   6.14819   12.23647   30.49930     5.77959e-02
   6.17274   12.25806   30.73570     5.70524e-02
   6.19728   12.29520   31.01900     5.61221e-02
   6.22183   12.30404   31.19117     5.56732e-02
   6.24637   12.30247   31.43484     5.49802e-02
   6.27091   12.34144   31.62126     5.44038e-02
