# Redshift space power spectrum in mu bins.
# Subtracting SN=    1.03639e+02.
#     k\mu         0.12500         0.37500         0.62500         0.87500
   0.03682     1.85905e+04             nan     1.92234e+04     2.01027e+04
   0.06136     9.35237e+03     1.13759e+04     1.36817e+04     1.37263e+04
   0.08590     6.81415e+03     7.21763e+03     7.47699e+03     8.02689e+03
   0.11045     5.27842e+03     4.86907e+03     5.87252e+03     5.72897e+03
   0.13499     4.39886e+03     3.36601e+03     4.11355e+03     5.49732e+03
   0.15953     2.66538e+03     3.40786e+03     3.66680e+03     4.05621e+03
   0.18408     2.37261e+03     2.24298e+03     2.94636e+03     3.10057e+03
   0.20862     2.14920e+03     2.09833e+03     2.49880e+03     2.66501e+03
   0.23317     1.83983e+03     1.95329e+03     2.16290e+03     2.64482e+03
   0.25771     1.42172e+03     1.45135e+03     1.76448e+03     1.69153e+03
   0.28225     1.34166e+03     1.37725e+03     1.53493e+03     1.67869e+03
   0.30680     1.14434e+03     1.36009e+03     1.33641e+03     1.72389e+03
   0.33134     1.02342e+03     1.17928e+03     1.28390e+03     1.54739e+03
   0.35588     9.07222e+02     1.05775e+03     9.82350e+02     1.21642e+03
   0.38043     8.68786e+02     8.73640e+02     9.20331e+02     1.09492e+03
   0.40497     8.25261e+02     8.65771e+02     9.66927e+02     1.08483e+03
   0.42951     7.07075e+02     7.94500e+02     8.03014e+02     1.04027e+03
   0.45406     6.54453e+02     6.97744e+02     7.49803e+02     8.32603e+02
   0.47860     5.90548e+02     6.47526e+02     7.79587e+02     8.12814e+02
   0.50315     5.61290e+02     6.11627e+02     6.64790e+02     7.90009e+02
   0.52769     5.53219e+02     5.64333e+02     6.41706e+02     7.76691e+02
   0.55223     4.60611e+02     5.74415e+02     5.98110e+02     6.61190e+02
   0.57678     4.88538e+02     5.26095e+02     5.78400e+02     6.79403e+02
   0.60132     4.23740e+02     4.75665e+02     5.26793e+02     6.45199e+02
   0.62586     4.14262e+02     4.46812e+02     4.99522e+02     6.16773e+02
   0.65041     3.92033e+02     4.21798e+02     5.05204e+02     5.82376e+02
   0.67495     3.69714e+02     4.11246e+02     4.78807e+02     5.61931e+02
   0.69950     3.45114e+02     4.09141e+02     4.54582e+02     5.33074e+02
   0.72404     3.08443e+02     3.78541e+02     4.10299e+02     4.98985e+02
   0.74858     3.10887e+02     3.25394e+02     4.03579e+02     5.09693e+02
   0.77313     3.09176e+02     3.36209e+02     3.80713e+02     4.85878e+02
   0.79767     2.96947e+02     3.33115e+02     3.45986e+02     4.54300e+02
   0.82221     2.90186e+02     3.10201e+02     3.69947e+02     4.39279e+02
   0.84676     2.45883e+02     2.93254e+02     3.28871e+02     4.12708e+02
   0.87130     2.56891e+02     2.83118e+02     3.16529e+02     4.11027e+02
   0.89584     2.29486e+02     2.53377e+02     3.22044e+02     3.75625e+02
   0.92039     2.17569e+02     2.43716e+02     3.03319e+02     4.07062e+02
   0.94493     2.22006e+02     2.43615e+02     2.73758e+02     3.59410e+02
   0.96948     2.22550e+02     2.32685e+02     2.75574e+02     3.54225e+02
   0.99402     2.09206e+02     2.19341e+02     2.62272e+02     3.52062e+02
   1.01856     2.12935e+02     2.20330e+02     2.55744e+02     3.34188e+02
   1.04311     1.93788e+02     2.18046e+02     2.51533e+02     3.26246e+02
   1.06765     1.86002e+02     2.08288e+02     2.23607e+02     3.17098e+02
   1.09219     1.78802e+02     1.86717e+02     2.30694e+02     2.99167e+02
   1.11674     1.80674e+02     1.99276e+02     2.09834e+02     2.92503e+02
   1.14128     1.80178e+02     1.85902e+02     2.08092e+02     2.83350e+02
   1.16583     1.63192e+02     1.74697e+02     2.01913e+02     2.64438e+02
   1.19037     1.58386e+02     1.70583e+02     2.02727e+02     2.58090e+02
   1.21491     1.44131e+02     1.59111e+02     1.96517e+02     2.63140e+02
   1.23946     1.43248e+02     1.68107e+02     1.75868e+02     2.50384e+02
   1.26400     1.39074e+02     1.48392e+02     1.79502e+02     2.38530e+02
   1.28854     1.37745e+02     1.45490e+02     1.74474e+02     2.30368e+02
   1.31309     1.30765e+02     1.40660e+02     1.55369e+02     2.23852e+02
   1.33763     1.32679e+02     1.41128e+02     1.62033e+02     2.07975e+02
   1.36217     1.26977e+02     1.34804e+02     1.55912e+02     2.09095e+02
   1.38672     1.18909e+02     1.28189e+02     1.44421e+02     2.05319e+02
   1.41126     1.17380e+02     1.27690e+02     1.47024e+02     2.06104e+02
   1.43581     1.13287e+02     1.12245e+02     1.40299e+02     1.93976e+02
   1.46035     1.03081e+02     1.18123e+02     1.32550e+02     1.87778e+02
   1.48489     1.02026e+02     1.12753e+02     1.30288e+02     1.74189e+02
   1.50944     9.83048e+01     1.06822e+02     1.26191e+02     1.73507e+02
   1.53398     1.00606e+02     1.04596e+02     1.22814e+02     1.69258e+02
   1.55852     9.25109e+01     1.02307e+02     1.17843e+02     1.65322e+02
   1.58307     8.96200e+01     9.43146e+01     1.18024e+02     1.61019e+02
   1.60761     8.39125e+01     9.39804e+01     1.09914e+02     1.49002e+02
   1.63216     8.38911e+01     9.08610e+01     1.06726e+02     1.52367e+02
   1.65670     8.23422e+01     8.42738e+01     1.01809e+02     1.47083e+02
   1.68124     7.69851e+01     8.16721e+01     9.89145e+01     1.42361e+02
   1.70579     7.78390e+01     7.59173e+01     9.20873e+01     1.41078e+02
   1.73033     7.36805e+01     7.46002e+01     9.46809e+01     1.28975e+02
   1.75487     7.04908e+01     7.21055e+01     9.11395e+01     1.30604e+02
   1.77942     7.05369e+01     7.08205e+01     8.68674e+01     1.26113e+02
   1.80396     6.40724e+01     6.94215e+01     8.59423e+01     1.22484e+02
   1.82851     6.37863e+01     6.50473e+01     8.30690e+01     1.23211e+02
   1.85305     6.08984e+01     6.26402e+01     8.23511e+01     1.12935e+02
   1.87759     5.84916e+01     6.53122e+01     8.25063e+01     1.09442e+02
   1.90214     5.91374e+01     5.63550e+01     7.48234e+01     1.11658e+02
   1.92668     5.32599e+01     5.68604e+01     7.19418e+01     1.03212e+02
   1.95122     4.93825e+01     5.74985e+01     7.09215e+01     1.00429e+02
   1.97577     5.10455e+01     5.40678e+01     6.88261e+01     1.00821e+02
   2.00031     4.79752e+01     4.92987e+01     6.68940e+01     9.50069e+01
   2.02485     4.47997e+01     5.16457e+01     6.19274e+01     8.95810e+01
   2.04940     4.39464e+01     4.59133e+01     5.82622e+01     9.17509e+01
   2.07394     4.20438e+01     4.43556e+01     5.92950e+01     8.59136e+01
   2.09849     3.79471e+01     4.09914e+01     5.40980e+01     7.99749e+01
   2.12303     3.89846e+01     4.14963e+01     5.37146e+01     7.86561e+01
   2.14757     3.62507e+01     3.86405e+01     4.91115e+01     7.65939e+01
   2.17212     3.43409e+01     3.71272e+01     4.73809e+01     7.64344e+01
   2.19666     3.32821e+01     3.31005e+01     4.48841e+01     7.23289e+01
   2.22120     3.13204e+01     3.33569e+01     4.32900e+01     6.63558e+01
   2.24575     2.90350e+01     3.03846e+01     3.94757e+01     6.52875e+01
   2.27029     2.70786e+01     3.14360e+01     3.95908e+01     6.44119e+01
   2.29484     2.84155e+01     2.75346e+01     3.78176e+01     6.20003e+01
   2.31938     2.38860e+01     2.58453e+01     3.55413e+01     5.86132e+01
   2.34392     2.24860e+01     2.47108e+01     3.26403e+01     5.69935e+01
   2.36847     2.21119e+01     2.14786e+01     3.17116e+01     5.53815e+01
   2.39301     2.15502e+01     2.14933e+01     2.84524e+01     4.89196e+01
   2.41755     1.89369e+01     1.98130e+01     2.62182e+01     4.83336e+01
   2.44210     1.65505e+01     1.83796e+01     2.52098e+01     4.52076e+01
   2.46664     1.50709e+01     1.81414e+01     2.48059e+01     4.42405e+01
   2.49118     1.43206e+01     1.56982e+01     2.27652e+01     4.21208e+01
   2.51573     1.17763e+01     1.33674e+01     1.98195e+01     4.24070e+01
   2.54027     1.47862e+01     1.37683e+01     1.86738e+01     3.91743e+01
   2.56482     1.00738e+01     1.15166e+01     1.83288e+01     3.69430e+01
   2.58936     1.04446e+01     9.99320e+00     1.60705e+01     3.51261e+01
   2.61390     6.27932e+00     9.20302e+00     1.54415e+01     3.46866e+01
   2.63845     5.79363e+00     8.22655e+00     1.25389e+01     3.28349e+01
   2.66299     4.47321e+00     7.27187e+00     1.16916e+01     2.97111e+01
   2.68753     4.38735e+00     4.98799e+00     1.07605e+01     2.65252e+01
   2.71208     3.29219e+00     4.48905e+00     8.88181e+00     2.53298e+01
   2.73662     2.15013e+00     2.71359e+00     5.84521e+00     2.35754e+01
   2.76117     2.85804e-01     1.62689e+00     6.38549e+00     2.14101e+01
   2.78571     1.09353e+00     7.05231e-01     4.01692e+00     1.95889e+01
   2.81025     1.37019e+00     4.75272e-01     3.65931e+00     1.79362e+01
   2.83480     2.15069e+00     2.31669e+00     2.89477e+00     1.64847e+01
   2.85934     2.98708e+00     4.70075e+00     1.16385e+00     1.53588e+01
   2.88388     4.17893e+00     4.61527e+00     9.95428e-01     1.25249e+01
   2.90843     4.77368e+00     5.61263e+00     9.35462e-01     1.26847e+01
   2.93297     7.07315e+00     6.90423e+00     2.31726e+00     1.10006e+01
   2.95751     7.92735e+00     6.73956e+00     4.49467e+00     8.94318e+00
   2.98206     8.79284e+00     9.18292e+00     5.66357e+00     7.94345e+00
   3.00660     1.00625e+01     8.11215e+00     6.74678e+00     5.25934e+00
   3.03115     9.31622e+00     9.61307e+00     7.62894e+00     5.31481e+00
   3.05569     1.08164e+01     1.16770e+01     9.03654e+00     1.88193e+00
   3.08023     1.27933e+01     1.36411e+01     1.00202e+01     1.16873e+00
   3.10478     1.31907e+01     1.39637e+01     1.09796e+01     3.93104e-01
   3.12932     1.52143e+01     1.41337e+01     1.30132e+01     1.72200e+00
   3.15386     1.57507e+01     1.54836e+01     1.33064e+01     3.09769e+00
   3.17841     1.56868e+01     1.64941e+01     1.44773e+01     4.90457e+00
   3.20295     1.63342e+01     1.77104e+01     1.54571e+01     4.85176e+00
   3.22750     1.79909e+01     1.76752e+01     1.59848e+01     6.77215e+00
   3.25204     1.86832e+01     1.99057e+01     1.73329e+01     7.09140e+00
   3.27658     1.94070e+01     2.01002e+01     1.78095e+01     9.15736e+00
   3.30113     2.14225e+01     2.10535e+01     1.87267e+01     1.04171e+01
   3.32567     2.14847e+01     2.32983e+01     2.01936e+01     1.10554e+01
   3.35021     2.26303e+01     2.37419e+01     2.18241e+01     1.20110e+01
   3.37476     2.34305e+01     2.43448e+01     2.13028e+01     1.34771e+01
   3.39930     2.38604e+01     2.50561e+01     2.26428e+01     1.38393e+01
   3.42385     2.43668e+01     2.61055e+01     2.44955e+01     1.59480e+01
   3.44839     2.53468e+01     2.66922e+01     2.47224e+01     1.59795e+01
   3.47293     2.64203e+01     2.80329e+01     2.62127e+01     1.82328e+01
   3.49748     2.77584e+01     2.80219e+01     2.67692e+01     1.86167e+01
   3.52202     2.75409e+01     2.83109e+01     2.73518e+01     1.90908e+01
   3.54656     2.87721e+01     2.97603e+01     2.78858e+01     2.10846e+01
   3.57111     2.97768e+01     3.03901e+01     2.97713e+01     2.17121e+01
   3.59565     3.11896e+01     3.11690e+01     2.98734e+01     2.28228e+01
   3.62019     3.08116e+01     3.25982e+01     3.11779e+01     2.36286e+01
   3.64474     3.18735e+01     3.30302e+01     3.17857e+01     2.38183e+01
   3.66928     3.26970e+01     3.39870e+01     3.28294e+01     2.48371e+01
   3.69383     3.29654e+01     3.46974e+01     3.32820e+01     2.67426e+01
   3.71837     3.42448e+01     3.56090e+01     3.47073e+01     2.80051e+01
   3.74291     3.43792e+01     3.61694e+01     3.45578e+01     2.80067e+01
   3.76746     3.59745e+01     3.70559e+01     3.60799e+01     2.93534e+01
   3.79200     3.56108e+01     3.77469e+01     3.61257e+01     3.04142e+01
   3.81654     3.70902e+01     3.79258e+01     3.71618e+01     3.13834e+01
   3.84109     3.72573e+01     3.93832e+01     3.75589e+01     3.11885e+01
   3.86563     3.80284e+01     4.03789e+01     3.84144e+01     3.30803e+01
   3.89018     3.95531e+01     4.11230e+01     3.98188e+01     3.44968e+01
   3.91472     3.93638e+01     4.11647e+01     4.02005e+01     3.45936e+01
   3.93926     3.97317e+01     4.22910e+01     4.12742e+01     3.56329e+01
   3.96381     4.13026e+01     4.26194e+01     4.18685e+01     3.62543e+01
   3.98835     4.18732e+01     4.30556e+01     4.23049e+01     3.67261e+01
   4.01289     4.20822e+01     4.35040e+01     4.38812e+01     3.69506e+01
   4.03744     4.25822e+01     4.38988e+01     4.36709e+01     3.79754e+01
   4.06198     4.34172e+01     4.49404e+01     4.41839e+01     3.95557e+01
   4.08652     4.40883e+01     4.53062e+01     4.52355e+01     4.01220e+01
   4.11107     4.48990e+01     4.56871e+01     4.55796e+01     4.07912e+01
   4.13561     4.45344e+01     4.62348e+01     4.55877e+01     4.16620e+01
   4.16016     4.54116e+01     4.75696e+01     4.64898e+01     4.21961e+01
   4.18470     4.58923e+01     4.75747e+01     4.73747e+01     4.25486e+01
   4.20924     4.71467e+01     4.80082e+01     4.82491e+01     4.35905e+01
   4.23379     4.76954e+01     4.86582e+01     4.87045e+01     4.46913e+01
   4.25833     4.77266e+01     4.87642e+01     4.89539e+01     4.48055e+01
   4.28287     4.84840e+01     4.92602e+01     4.98810e+01     4.55829e+01
   4.30742     4.93185e+01     5.06132e+01     5.04129e+01     4.62406e+01
   4.33196     4.97179e+01     5.12047e+01     5.15575e+01     4.68590e+01
   4.35651     5.00630e+01     5.16818e+01     5.19928e+01     4.72460e+01
   4.38105     5.11831e+01     5.20751e+01     5.23114e+01     4.84432e+01
   4.40559     5.13196e+01     5.30143e+01     5.30196e+01     4.83432e+01
   4.43014     5.18170e+01     5.33924e+01     5.37849e+01     4.92308e+01
   4.45468     5.23720e+01     5.36217e+01     5.41042e+01     4.98292e+01
   4.47922     5.25577e+01     5.41894e+01     5.44069e+01     5.05936e+01
   4.50377     5.35416e+01     5.46747e+01     5.51173e+01     5.13521e+01
   4.52831     5.35930e+01     5.53044e+01     5.60380e+01     5.18528e+01
   4.55285     5.41057e+01     5.56945e+01     5.61439e+01     5.19711e+01
   4.57740     5.44120e+01     5.61396e+01     5.70337e+01     5.25690e+01
   4.60194     5.50220e+01     5.67028e+01     5.72933e+01     5.37427e+01
   4.62649     5.52598e+01     5.69062e+01     5.76891e+01     5.38421e+01
   4.65103     5.59475e+01     5.80778e+01     5.80347e+01     5.50059e+01
   4.67557     5.63729e+01     5.79237e+01     5.87920e+01     5.47821e+01
   4.70012     5.69371e+01     5.84640e+01     5.92307e+01     5.56228e+01
   4.72466     5.75933e+01     5.91081e+01     5.98550e+01     5.61219e+01
   4.74920     5.79023e+01     5.96777e+01     6.02683e+01     5.63108e+01
   4.77375     5.83780e+01     6.03118e+01     6.05561e+01     5.71195e+01
   4.79829     5.89310e+01     6.02436e+01     6.13666e+01     5.76706e+01
   4.82284     5.93294e+01     6.07988e+01     6.15745e+01     5.82847e+01
   4.84738     5.96035e+01     6.10960e+01     6.20835e+01     5.86283e+01
   4.87192     6.02615e+01     6.15400e+01     6.26007e+01     5.88048e+01
   4.89647     6.05467e+01     6.20379e+01     6.31427e+01     5.95417e+01
   4.92101     6.10845e+01     6.25283e+01     6.33781e+01     5.99982e+01
   4.94555     6.15345e+01     6.28150e+01     6.40142e+01     6.05287e+01
   4.97010     6.19310e+01     6.34911e+01     6.42509e+01     6.07635e+01
   4.99464     6.22488e+01     6.36639e+01     6.48657e+01     6.16787e+01
   5.01919     6.24841e+01     6.39122e+01     6.53033e+01     6.20935e+01
   5.04373     6.31339e+01     6.45121e+01     6.55736e+01     6.23187e+01
   5.06827     6.34733e+01     6.48882e+01     6.60962e+01     6.30226e+01
   5.09282     6.38301e+01     6.55645e+01     6.67519e+01     6.28814e+01
   5.11736     6.41534e+01     6.58332e+01     6.66939e+01     6.38931e+01
   5.14190     6.46345e+01     6.63568e+01     6.73171e+01     6.43256e+01
   5.16645     6.50416e+01     6.67550e+01     6.76909e+01     6.44551e+01
   5.19099     6.54701e+01     6.70802e+01     6.80918e+01     6.47180e+01
   5.21553     6.56398e+01     6.74089e+01     6.84764e+01     6.48252e+01
   5.24008     6.60688e+01     6.76487e+01     6.86035e+01     6.53257e+01
   5.26462     6.61652e+01     6.82437e+01     6.95856e+01     6.59218e+01
   5.28917     6.67304e+01     6.82759e+01     6.97643e+01     6.62568e+01
   5.31371     6.68672e+01     6.86446e+01     7.03208e+01     6.65278e+01
   5.33825     6.71419e+01     6.90937e+01     7.03304e+01     6.69972e+01
   5.36280     6.75419e+01     6.93688e+01     7.08213e+01     6.74733e+01
   5.38734     6.78027e+01     6.97678e+01     7.10713e+01     6.76022e+01
   5.41188     6.81142e+01     7.00766e+01     7.14816e+01     6.77938e+01
   5.43643     6.85730e+01     7.04162e+01     7.18513e+01     6.84671e+01
   5.46097     6.87038e+01     7.10528e+01     7.20140e+01     6.87504e+01
   5.48552     6.91109e+01     7.09489e+01     7.23578e+01     6.89389e+01
   5.51006     6.95361e+01     7.11397e+01     7.27358e+01     6.93816e+01
   5.53460     6.94527e+01     7.17917e+01     7.31873e+01     6.97438e+01
   5.55915     6.98760e+01     7.19250e+01     7.34388e+01     6.99805e+01
   5.58369     7.03512e+01     7.21141e+01     7.38223e+01     7.01281e+01
   5.60823     7.06759e+01     7.26057e+01     7.41189e+01     7.04754e+01
   5.63278     7.06790e+01     7.28015e+01     7.44510e+01     7.08873e+01
   5.65732     7.08914e+01     7.32117e+01     7.47029e+01     7.10428e+01
   5.68186     7.12642e+01     7.34765e+01     7.48099e+01     7.12756e+01
   5.70641     7.14217e+01     7.37157e+01     7.53145e+01     7.18708e+01
   5.73095     7.17994e+01     7.39215e+01     7.55724e+01     7.21298e+01
   5.75550     7.20121e+01     7.42882e+01     7.58767e+01     7.22549e+01
   5.78004     7.21326e+01     7.45852e+01     7.62398e+01     7.25601e+01
   5.80458     7.23036e+01     7.47009e+01     7.65014e+01     7.26881e+01
   5.82913     7.26602e+01     7.49969e+01     7.68618e+01     7.30050e+01
   5.85367     7.28911e+01     7.53938e+01     7.70876e+01     7.33071e+01
   5.87821     7.31181e+01     7.56274e+01     7.73725e+01     7.34684e+01
   5.90276     7.31654e+01     7.57489e+01     7.78412e+01     7.36298e+01
   5.92730     7.33941e+01     7.61151e+01     7.78817e+01     7.39168e+01
   5.95185     7.34383e+01     7.63224e+01     7.82401e+01     7.40634e+01
   5.97639     7.38814e+01     7.65427e+01     7.84733e+01     7.43970e+01
   6.00093     7.41253e+01     7.67464e+01     7.88148e+01     7.46724e+01
   6.02548     7.42896e+01     7.69424e+01     7.91380e+01     7.48300e+01
   6.05002     7.45264e+01     7.71826e+01     7.94278e+01     7.51398e+01
   6.07456     7.47189e+01     7.73992e+01     7.95564e+01     7.52162e+01
   6.09911     7.49600e+01     7.76126e+01     7.97866e+01     7.54282e+01
   6.12365     7.51752e+01     7.78320e+01     8.01254e+01     7.56497e+01
   6.14819     7.50560e+01     7.78790e+01     8.02797e+01     7.58632e+01
   6.17274     7.53355e+01     7.82735e+01     8.07256e+01     7.62903e+01
   6.19728     7.55961e+01     7.85485e+01     8.08230e+01     7.62566e+01
   6.22183     7.56041e+01     7.86549e+01     8.11747e+01     7.64551e+01
   6.24637     7.57063e+01     7.89365e+01     8.13204e+01     7.65816e+01
   6.27091     7.57875e+01     7.91215e+01     8.15464e+01     7.66368e+01
