# Redshift space power spectrum in mu bins.
# Subtracting SN=    9.31244e+01.
#     k\mu         0.12500         0.37500         0.62500         0.87500
   0.03682     1.43079e+04             nan     1.72344e+04     2.91533e+04
   0.06136     7.03302e+03     8.89361e+03     1.26117e+04     1.43196e+04
   0.08590     4.79051e+03     5.58238e+03     6.81781e+03     8.02288e+03
   0.11045     3.70574e+03     4.01384e+03     4.92727e+03     5.78862e+03
   0.13499     3.18540e+03     2.62162e+03     3.49565e+03     5.75028e+03
   0.15953     1.85477e+03     2.50257e+03     2.81567e+03     3.76513e+03
   0.18408     1.70641e+03     1.63451e+03     2.30892e+03     2.70099e+03
   0.20862     1.35403e+03     1.51111e+03     2.13275e+03     2.32241e+03
   0.23317     1.18621e+03     1.37582e+03     1.56506e+03     2.30276e+03
   0.25771     9.24373e+02     1.07431e+03     1.45556e+03     1.70738e+03
   0.28225     9.31446e+02     8.95623e+02     1.17006e+03     1.42027e+03
   0.30680     7.06597e+02     8.30759e+02     9.98833e+02     1.44530e+03
   0.33134     6.60347e+02     8.07088e+02     8.98849e+02     1.38859e+03
   0.35588     5.86932e+02     6.81768e+02     7.27448e+02     1.05373e+03
   0.38043     4.82032e+02     5.30724e+02     6.82937e+02     9.44461e+02
   0.40497     4.77239e+02     5.34069e+02     6.52771e+02     9.74326e+02
   0.42951     4.20766e+02     4.95203e+02     5.58637e+02     7.77171e+02
   0.45406     3.70119e+02     4.18326e+02     4.92893e+02     6.77528e+02
   0.47860     3.15671e+02     3.70085e+02     5.08123e+02     7.26718e+02
   0.50315     3.09046e+02     3.57493e+02     4.19549e+02     6.34120e+02
   0.52769     3.00944e+02     3.04725e+02     4.17629e+02     5.93656e+02
   0.55223     2.49039e+02     3.03689e+02     4.11825e+02     4.90276e+02
   0.57678     2.64658e+02     2.71243e+02     3.32460e+02     4.53174e+02
   0.60132     2.27128e+02     2.74959e+02     3.15025e+02     4.44383e+02
   0.62586     2.15658e+02     2.39351e+02     3.14878e+02     4.26932e+02
   0.65041     1.99255e+02     2.22536e+02     2.70778e+02     3.89013e+02
   0.67495     1.63730e+02     2.02641e+02     2.63150e+02     3.63789e+02
   0.69950     1.60628e+02     2.01745e+02     2.62519e+02     3.56375e+02
   0.72404     1.58381e+02     1.76806e+02     2.21991e+02     3.15494e+02
   0.74858     1.46311e+02     1.57032e+02     2.06806e+02     3.01722e+02
   0.77313     1.44546e+02     1.55720e+02     2.08294e+02     2.84119e+02
   0.79767     1.34672e+02     1.52756e+02     1.69132e+02     2.73174e+02
   0.82221     1.26887e+02     1.30603e+02     1.75080e+02     2.46539e+02
   0.84676     1.06005e+02     1.27440e+02     1.55947e+02     2.25872e+02
   0.87130     1.01974e+02     1.19618e+02     1.49122e+02     2.05829e+02
   0.89584     9.82925e+01     1.16577e+02     1.40580e+02     2.00113e+02
   0.92039     9.23517e+01     1.08051e+02     1.32713e+02     1.97577e+02
   0.94493     8.47323e+01     1.01379e+02     1.24253e+02     1.94554e+02
   0.96948     8.32096e+01     8.95396e+01     1.16557e+02     1.84884e+02
   0.99402     8.34858e+01     8.85310e+01     1.16046e+02     1.57014e+02
   1.01856     7.39624e+01     8.75552e+01     1.08067e+02     1.53413e+02
   1.04311     7.32119e+01     8.28177e+01     9.66664e+01     1.46835e+02
   1.06765     6.68610e+01     7.56937e+01     9.94696e+01     1.39059e+02
   1.09219     6.19505e+01     7.40416e+01     8.65740e+01     1.30871e+02
   1.11674     6.52168e+01     6.74077e+01     8.29134e+01     1.24352e+02
   1.14128     5.89584e+01     6.33239e+01     7.30802e+01     1.20143e+02
   1.16583     5.92623e+01     5.36264e+01     7.34371e+01     1.09176e+02
   1.19037     4.69681e+01     5.55071e+01     6.97194e+01     1.03602e+02
   1.21491     4.62434e+01     4.85109e+01     6.23977e+01     1.03079e+02
   1.23946     4.69464e+01     4.60858e+01     5.63548e+01     8.62611e+01
   1.26400     4.18580e+01     4.35662e+01     5.60640e+01     8.62497e+01
   1.28854     3.69332e+01     4.47967e+01     5.42582e+01     8.31257e+01
   1.31309     3.39599e+01     3.67181e+01     4.88232e+01     7.67280e+01
   1.33763     3.46108e+01     3.30071e+01     4.55425e+01     7.33849e+01
   1.36217     3.54463e+01     3.50129e+01     4.24386e+01     6.78734e+01
   1.38672     3.21010e+01     3.15674e+01     3.90936e+01     6.46739e+01
   1.41126     2.83170e+01     2.86095e+01     3.74321e+01     5.95722e+01
   1.43581     2.80297e+01     2.59717e+01     3.55808e+01     5.48474e+01
   1.46035     2.31715e+01     2.39689e+01     3.34571e+01     5.38650e+01
   1.48489     2.29939e+01     2.42691e+01     2.97724e+01     4.85257e+01
   1.50944     2.22224e+01     1.92210e+01     2.51030e+01     4.22010e+01
   1.53398     2.00398e+01     1.90691e+01     2.54184e+01     4.07295e+01
   1.55852     1.95249e+01     1.70033e+01     2.08035e+01     3.99459e+01
   1.58307     1.70224e+01     1.68021e+01     2.09432e+01     3.78565e+01
   1.60761     1.61119e+01     1.46525e+01     1.69154e+01     3.32840e+01
   1.63216     1.36934e+01     1.27513e+01     1.58521e+01     3.44068e+01
   1.65670     1.17469e+01     9.74512e+00     1.27673e+01     3.05641e+01
   1.68124     1.02404e+01     9.26180e+00     1.50235e+01     2.91064e+01
   1.70579     1.01098e+01     7.94486e+00     1.34797e+01     2.42017e+01
   1.73033     6.61404e+00     9.98432e+00     1.24173e+01     2.26886e+01
   1.75487     7.96679e+00     6.57616e+00     9.64032e+00     2.07466e+01
   1.77942     6.22759e+00     3.26182e+00     7.64155e+00     1.73162e+01
   1.80396     4.57643e+00     5.12579e+00     9.11419e+00     1.63071e+01
   1.82851     2.61802e+00     1.11110e+00     3.34369e+00     1.56002e+01
   1.85305     2.68803e+00     5.99718e-01     4.41047e+00     1.52040e+01
   1.87759     2.79916e+00     1.19758e+00     3.51135e+00     1.31811e+01
   1.90214     1.29475e+00     8.33077e-01     9.97583e-01     1.18828e+01
   1.92668     1.42922e+00     2.05846e+00     1.32293e+00     1.13273e+01
   1.95122     1.88278e+00     3.85411e+00     3.51492e-01     7.73187e+00
   1.97577     1.77894e+00     4.25166e+00     1.57426e+00     9.49571e+00
   2.00031     2.96616e+00     4.62952e+00     8.58718e-01     3.78848e+00
   2.02485     2.66357e+00     4.70989e+00     3.58093e+00     3.96705e+00
   2.04940     5.55861e+00     8.62353e+00     5.85483e+00     3.07759e+00
   2.07394     5.93594e+00     8.58656e+00     4.99125e+00     6.39667e-01
   2.09849     7.39397e+00     9.86310e+00     5.43768e+00     1.52561e-01
   2.12303     7.95759e+00     9.08664e+00     6.39262e+00     6.32360e-01
   2.14757     7.65091e+00     1.01269e+01     7.30371e+00     5.07978e-01
   2.17212     8.92813e+00     9.70658e+00     8.20957e+00     1.85012e-01
   2.19666     8.91618e+00     1.03425e+01     9.09410e+00     2.40951e+00
   2.22120     1.13343e+01     1.17160e+01     8.78319e+00     4.66839e+00
   2.24575     1.14001e+01     1.43377e+01     9.55016e+00     3.99441e+00
   2.27029     1.22769e+01     1.41259e+01     1.08950e+01     6.42816e+00
   2.29484     1.31727e+01     1.52955e+01     1.25978e+01     5.96986e+00
   2.31938     1.42180e+01     1.51335e+01     1.06311e+01     7.61969e+00
   2.34392     1.41494e+01     1.51387e+01     1.50516e+01     7.63347e+00
   2.36847     1.64153e+01     1.71868e+01     1.31484e+01     9.39954e+00
   2.39301     1.56475e+01     1.68789e+01     1.49221e+01     9.08931e+00
   2.41755     1.59532e+01     1.76833e+01     1.41920e+01     1.01639e+01
   2.44210     1.60202e+01     1.91948e+01     1.58895e+01     1.08989e+01
   2.46664     1.80980e+01     1.81611e+01     1.59225e+01     1.27331e+01
   2.49118     1.86234e+01     1.85258e+01     1.77805e+01     1.34739e+01
   2.51573     2.01899e+01     2.04023e+01     1.79242e+01     1.27753e+01
   2.54027     1.93122e+01     2.03700e+01     1.88707e+01     1.48907e+01
   2.56482     1.97009e+01     2.04092e+01     1.89367e+01     1.40828e+01
   2.58936     2.04376e+01     2.13635e+01     1.82437e+01     1.55121e+01
   2.61390     2.16691e+01     2.18989e+01     2.02877e+01     1.63041e+01
   2.63845     2.16582e+01     2.31275e+01     1.95991e+01     1.65717e+01
   2.66299     2.09429e+01     2.37065e+01     2.10136e+01     1.72283e+01
   2.68753     2.18228e+01     2.31777e+01     2.13192e+01     1.81171e+01
   2.71208     2.21998e+01     2.42393e+01     2.21374e+01     1.95073e+01
   2.73662     2.39768e+01     2.43884e+01     2.32210e+01     1.86203e+01
   2.76117     2.36070e+01     2.48754e+01     2.27320e+01     1.88075e+01
   2.78571     2.42431e+01     2.49185e+01     2.37834e+01     2.01767e+01
   2.81025     2.59704e+01     2.59551e+01     2.40111e+01     2.07877e+01
   2.83480     2.62151e+01     2.60575e+01     2.40752e+01     2.24847e+01
   2.85934     2.59448e+01     2.64772e+01     2.38492e+01     2.21144e+01
   2.88388     2.62996e+01     2.73121e+01     2.64988e+01     2.28216e+01
   2.90843     2.74215e+01     2.80210e+01     2.56972e+01     2.28868e+01
   2.93297     2.77892e+01     2.89018e+01     2.72846e+01     2.36970e+01
   2.95751     2.83332e+01     2.79253e+01     2.76007e+01     2.34379e+01
   2.98206     2.88691e+01     2.94466e+01     2.74987e+01     2.44048e+01
   3.00660     2.98659e+01     2.99314e+01     2.81333e+01     2.58235e+01
   3.03115     2.92085e+01     2.97533e+01     2.88981e+01     2.63793e+01
   3.05569     3.05349e+01     3.07336e+01     2.91687e+01     2.61710e+01
   3.08023     3.04968e+01     3.05063e+01     2.92966e+01     2.73225e+01
   3.10478     3.06292e+01     3.12140e+01     2.99568e+01     2.76717e+01
   3.12932     3.08949e+01     3.17981e+01     3.02312e+01     2.71132e+01
   3.15386     3.16298e+01     3.24719e+01     3.10055e+01     2.82470e+01
   3.17841     3.23815e+01     3.30877e+01     3.09871e+01     2.93787e+01
   3.20295     3.21026e+01     3.29362e+01     3.19390e+01     2.95354e+01
   3.22750     3.29819e+01     3.32744e+01     3.28149e+01     3.01467e+01
   3.25204     3.32087e+01     3.38450e+01     3.25226e+01     3.06465e+01
   3.27658     3.42259e+01     3.34979e+01     3.35182e+01     3.06404e+01
   3.30113     3.47475e+01     3.41138e+01     3.34447e+01     3.19419e+01
   3.32567     3.49283e+01     3.52017e+01     3.41302e+01     3.23960e+01
   3.35021     3.50628e+01     3.56269e+01     3.42579e+01     3.19583e+01
   3.37476     3.56836e+01     3.60708e+01     3.43708e+01     3.34047e+01
   3.39930     3.56396e+01     3.63620e+01     3.59251e+01     3.33015e+01
   3.42385     3.66176e+01     3.71184e+01     3.64554e+01     3.45622e+01
   3.44839     3.64495e+01     3.70635e+01     3.62867e+01     3.41585e+01
   3.47293     3.71682e+01     3.74205e+01     3.63161e+01     3.57490e+01
   3.49748     3.74486e+01     3.78576e+01     3.66677e+01     3.55925e+01
   3.52202     3.78157e+01     3.77828e+01     3.72987e+01     3.62793e+01
   3.54656     3.82454e+01     3.81740e+01     3.73919e+01     3.65672e+01
   3.57111     3.87158e+01     3.92812e+01     3.73500e+01     3.73164e+01
   3.59565     3.91481e+01     3.94437e+01     3.83247e+01     3.74687e+01
   3.62019     4.00309e+01     3.94848e+01     3.90106e+01     3.76580e+01
   3.64474     4.03507e+01     4.03065e+01     3.90858e+01     3.86805e+01
   3.66928     4.05294e+01     4.10894e+01     3.93717e+01     3.91304e+01
   3.69383     4.09491e+01     4.04715e+01     3.97751e+01     3.91415e+01
   3.71837     4.11777e+01     4.11570e+01     4.04262e+01     3.97579e+01
   3.74291     4.16172e+01     4.18485e+01     4.12046e+01     4.03139e+01
   3.76746     4.22286e+01     4.20896e+01     4.13484e+01     4.08942e+01
   3.79200     4.21632e+01     4.22647e+01     4.18922e+01     4.11531e+01
   3.81654     4.27424e+01     4.31711e+01     4.21179e+01     4.16422e+01
   3.84109     4.30956e+01     4.35875e+01     4.26721e+01     4.24764e+01
   3.86563     4.38180e+01     4.33151e+01     4.27514e+01     4.27274e+01
   3.89018     4.38594e+01     4.41100e+01     4.33942e+01     4.25661e+01
   3.91472     4.42388e+01     4.44097e+01     4.37632e+01     4.29602e+01
   3.93926     4.48081e+01     4.50539e+01     4.44050e+01     4.36709e+01
   3.96381     4.53025e+01     4.58402e+01     4.42139e+01     4.41123e+01
   3.98835     4.51485e+01     4.56552e+01     4.47490e+01     4.44399e+01
   4.01289     4.58555e+01     4.65067e+01     4.54687e+01     4.50254e+01
   4.03744     4.64432e+01     4.63006e+01     4.58618e+01     4.52386e+01
   4.06198     4.68048e+01     4.69128e+01     4.63336e+01     4.53764e+01
   4.08652     4.68006e+01     4.64848e+01     4.62682e+01     4.60275e+01
   4.11107     4.72657e+01     4.75800e+01     4.70680e+01     4.64864e+01
   4.13561     4.80379e+01     4.75812e+01     4.73388e+01     4.68391e+01
   4.16016     4.80971e+01     4.82929e+01     4.78394e+01     4.71638e+01
   4.18470     4.86057e+01     4.85902e+01     4.80674e+01     4.66780e+01
   4.20924     4.89214e+01     4.91106e+01     4.85006e+01     4.79037e+01
   4.23379     4.92465e+01     4.92652e+01     4.89449e+01     4.82546e+01
   4.25833     4.96322e+01     4.96943e+01     4.93113e+01     4.88900e+01
   4.28287     4.98245e+01     4.99493e+01     4.97968e+01     4.89027e+01
   4.30742     5.02789e+01     4.99082e+01     5.00828e+01     4.96054e+01
   4.33196     5.05548e+01     5.01292e+01     5.07181e+01     4.96523e+01
   4.35651     5.10394e+01     5.08079e+01     5.07917e+01     5.01236e+01
   4.38105     5.13829e+01     5.10591e+01     5.12131e+01     5.06783e+01
   4.40559     5.19353e+01     5.14528e+01     5.13536e+01     5.09036e+01
   4.43014     5.21620e+01     5.20739e+01     5.20233e+01     5.10736e+01
   4.45468     5.24039e+01     5.24185e+01     5.23955e+01     5.10846e+01
   4.47922     5.24354e+01     5.23462e+01     5.25915e+01     5.16734e+01
   4.50377     5.27702e+01     5.29909e+01     5.29807e+01     5.21430e+01
   4.52831     5.27045e+01     5.33955e+01     5.34664e+01     5.25092e+01
   4.55285     5.35076e+01     5.35784e+01     5.39013e+01     5.32053e+01
   4.57740     5.37539e+01     5.41369e+01     5.36770e+01     5.28358e+01
   4.60194     5.40820e+01     5.44198e+01     5.44524e+01     5.34586e+01
   4.62649     5.47341e+01     5.46407e+01     5.48681e+01     5.37432e+01
   4.65103     5.47427e+01     5.52030e+01     5.53092e+01     5.41521e+01
   4.67557     5.47078e+01     5.51887e+01     5.53624e+01     5.43053e+01
   4.70012     5.51181e+01     5.57219e+01     5.57768e+01     5.46115e+01
   4.72466     5.53289e+01     5.57649e+01     5.62013e+01     5.51774e+01
   4.74920     5.56707e+01     5.60199e+01     5.63609e+01     5.58019e+01
   4.77375     5.60237e+01     5.64762e+01     5.67893e+01     5.56150e+01
   4.79829     5.65113e+01     5.69836e+01     5.74481e+01     5.59761e+01
   4.82284     5.67176e+01     5.74527e+01     5.75434e+01     5.63651e+01
   4.84738     5.69118e+01     5.76790e+01     5.81440e+01     5.66400e+01
   4.87192     5.69720e+01     5.81320e+01     5.81507e+01     5.66992e+01
   4.89647     5.76503e+01     5.83359e+01     5.85241e+01     5.72498e+01
   4.92101     5.80151e+01     5.85420e+01     5.88141e+01     5.75003e+01
   4.94555     5.80632e+01     5.86447e+01     5.91578e+01     5.78562e+01
   4.97010     5.84984e+01     5.90110e+01     5.97209e+01     5.82836e+01
   4.99464     5.87851e+01     5.91381e+01     6.01104e+01     5.85388e+01
   5.01919     5.88461e+01     5.97448e+01     6.03573e+01     5.87490e+01
   5.04373     5.91066e+01     5.98453e+01     6.06572e+01     5.90707e+01
   5.06827     5.94884e+01     6.01603e+01     6.09573e+01     5.93085e+01
   5.09282     5.94761e+01     6.06895e+01     6.11860e+01     5.96711e+01
   5.11736     6.00199e+01     6.10823e+01     6.16940e+01     5.98603e+01
   5.14190     6.03276e+01     6.11207e+01     6.18508e+01     5.98971e+01
   5.16645     6.05117e+01     6.13749e+01     6.24048e+01     6.04079e+01
   5.19099     6.05863e+01     6.18434e+01     6.26158e+01     6.08549e+01
   5.21553     6.09037e+01     6.18227e+01     6.28004e+01     6.09564e+01
   5.24008     6.12598e+01     6.21427e+01     6.30158e+01     6.12613e+01
   5.26462     6.15159e+01     6.22993e+01     6.34337e+01     6.15844e+01
   5.28917     6.18960e+01     6.27392e+01     6.35733e+01     6.21314e+01
   5.31371     6.20395e+01     6.31235e+01     6.39390e+01     6.23157e+01
   5.33825     6.23103e+01     6.32665e+01     6.42538e+01     6.25676e+01
   5.36280     6.25207e+01     6.34922e+01     6.47408e+01     6.26123e+01
   5.38734     6.29031e+01     6.36532e+01     6.50453e+01     6.28217e+01
   5.41188     6.30930e+01     6.41875e+01     6.53573e+01     6.30044e+01
   5.43643     6.34746e+01     6.42011e+01     6.55497e+01     6.33747e+01
   5.46097     6.35363e+01     6.45592e+01     6.56265e+01     6.35579e+01
   5.48552     6.37514e+01     6.48743e+01     6.59865e+01     6.35924e+01
   5.51006     6.38484e+01     6.50432e+01     6.63169e+01     6.42061e+01
   5.53460     6.42784e+01     6.52547e+01     6.66164e+01     6.42488e+01
   5.55915     6.45733e+01     6.56044e+01     6.67174e+01     6.45111e+01
   5.58369     6.44831e+01     6.59039e+01     6.69865e+01     6.47588e+01
   5.60823     6.46945e+01     6.61109e+01     6.72945e+01     6.49610e+01
   5.63278     6.50768e+01     6.63105e+01     6.75596e+01     6.52249e+01
   5.65732     6.52393e+01     6.64128e+01     6.77320e+01     6.54090e+01
   5.68186     6.52825e+01     6.66040e+01     6.79713e+01     6.55168e+01
   5.70641     6.57210e+01     6.70085e+01     6.83472e+01     6.58001e+01
   5.73095     6.58148e+01     6.71679e+01     6.84400e+01     6.57854e+01
   5.75550     6.58918e+01     6.74103e+01     6.88859e+01     6.61304e+01
   5.78004     6.60541e+01     6.76959e+01     6.90673e+01     6.63253e+01
   5.80458     6.64232e+01     6.78419e+01     6.93778e+01     6.66544e+01
   5.82913     6.66642e+01     6.81526e+01     6.97418e+01     6.66983e+01
   5.85367     6.66667e+01     6.82573e+01     6.97686e+01     6.68088e+01
   5.87821     6.69438e+01     6.83572e+01     7.01755e+01     6.71824e+01
   5.90276     6.70856e+01     6.89322e+01     7.04215e+01     6.73415e+01
   5.92730     6.72949e+01     6.87751e+01     7.07784e+01     6.73752e+01
   5.95185     6.74432e+01     6.89632e+01     7.08582e+01     6.76765e+01
   5.97639     6.74536e+01     6.93230e+01     7.09313e+01     6.77590e+01
   6.00093     6.77082e+01     6.94345e+01     7.12430e+01     6.81126e+01
   6.02548     6.77990e+01     6.96576e+01     7.14825e+01     6.82691e+01
   6.05002     6.80379e+01     6.99026e+01     7.18991e+01     6.84358e+01
   6.07456     6.81997e+01     7.00446e+01     7.19653e+01     6.85716e+01
   6.09911     6.83606e+01     7.03388e+01     7.22710e+01     6.87771e+01
   6.12365     6.84899e+01     7.03757e+01     7.24284e+01     6.89333e+01
   6.14819     6.86256e+01     7.06153e+01     7.26273e+01     6.90544e+01
   6.17274     6.88705e+01     7.07838e+01     7.27999e+01     6.91979e+01
   6.19728     6.87942e+01     7.10345e+01     7.30842e+01     6.93492e+01
   6.22183     6.90310e+01     7.11672e+01     7.31675e+01     6.95731e+01
   6.24637     6.91807e+01     7.14117e+01     7.34342e+01     6.96991e+01
   6.27091     6.91744e+01     7.14626e+01     7.35681e+01     6.97815e+01
