# Subtracting SN=    6.87944e+01.
#        k         Pk_0_HI
   0.03471     1.73135e+04
   0.04533     1.29637e+04
   0.05750     9.88949e+03
   0.07243     9.10741e+03
   0.08030     6.78924e+03
   0.09129     5.44418e+03
   0.10670     4.66468e+03
   0.11962     4.35457e+03
   0.12974     3.98407e+03
   0.14416     3.03202e+03
   0.15607     2.91508e+03
   0.16886     2.55896e+03
   0.18066     2.18076e+03
   0.19462     2.03527e+03
   0.20682     1.85210e+03
   0.21908     1.76266e+03
   0.23113     1.68541e+03
   0.24367     1.51927e+03
   0.25601     1.26807e+03
   0.26906     1.22893e+03
   0.28135     1.20501e+03
   0.29458     1.05050e+03
   0.30676     1.05806e+03
   0.31943     9.93304e+02
   0.33214     9.77361e+02
   0.34474     8.66394e+02
   0.35626     7.78088e+02
   0.36909     7.59535e+02
   0.38137     7.16295e+02
   0.39368     7.18018e+02
   0.40596     6.64018e+02
   0.41935     6.55707e+02
   0.43138     5.81982e+02
   0.44349     5.63296e+02
   0.45625     5.21925e+02
   0.46966     5.33343e+02
   0.48162     5.13052e+02
   0.49397     4.91841e+02
   0.50656     4.63494e+02
   0.51863     4.71641e+02
   0.53044     4.29503e+02
   0.54375     4.31396e+02
   0.55676     3.97422e+02
   0.56902     3.96802e+02
   0.58090     3.78019e+02
   0.59394     3.64477e+02
   0.60659     3.44624e+02
   0.61858     3.40410e+02
   0.63073     3.37593e+02
   0.64386     3.19196e+02
   0.65636     3.14498e+02
   0.66869     3.10609e+02
   0.68131     2.90299e+02
   0.69392     2.96302e+02
   0.70632     2.80402e+02
   0.71842     2.64022e+02
   0.73133     2.57426e+02
   0.74383     2.57631e+02
   0.75642     2.49494e+02
   0.76892     2.37557e+02
   0.78169     2.44918e+02
   0.79408     2.28249e+02
   0.80610     2.20975e+02
   0.81834     2.16426e+02
   0.83113     2.15501e+02
   0.84356     2.05302e+02
   0.85621     1.96156e+02
   0.86876     1.99408e+02
   0.88154     1.92996e+02
   0.89355     1.89751e+02
   0.90634     1.80715e+02
   0.91886     1.78623e+02
   0.93130     1.73457e+02
   0.94392     1.70445e+02
   0.95621     1.66388e+02
   0.96854     1.61786e+02
   0.98126     1.62681e+02
   0.99357     1.54378e+02
   1.00643     1.51694e+02
   1.01870     1.52672e+02
   1.03126     1.49497e+02
   1.04402     1.46622e+02
   1.05654     1.43250e+02
   1.06869     1.40916e+02
   1.08129     1.27736e+02
   1.09371     1.26456e+02
   1.10646     1.24559e+02
   1.11883     1.27231e+02
   1.13137     1.24606e+02
   1.14381     1.18221e+02
   1.15611     1.18246e+02
   1.16847     1.15129e+02
   1.18123     1.14373e+02
   1.19379     1.09647e+02
   1.20615     1.05776e+02
   1.21876     1.03623e+02
   1.23169     1.01243e+02
   1.24362     9.86583e+01
   1.25596     9.73223e+01
   1.26862     9.58532e+01
   1.28125     9.31958e+01
   1.29378     9.23615e+01
   1.30632     8.95953e+01
   1.31873     8.61100e+01
   1.33129     8.64857e+01
   1.34365     8.70978e+01
   1.35617     8.40778e+01
   1.36877     8.09377e+01
   1.38124     8.04408e+01
   1.39384     7.57611e+01
   1.40620     7.68062e+01
   1.41870     7.58825e+01
   1.43133     7.28750e+01
   1.44395     6.99859e+01
   1.45629     6.97935e+01
   1.46888     6.71871e+01
   1.48123     6.63151e+01
   1.49385     6.25757e+01
   1.50637     6.66326e+01
   1.51879     6.10337e+01
   1.53118     5.91490e+01
   1.54377     6.02308e+01
   1.55620     5.92181e+01
   1.56872     5.77333e+01
   1.58120     5.31720e+01
   1.59371     5.40592e+01
   1.60599     5.28894e+01
   1.61865     5.25891e+01
   1.63133     5.01993e+01
   1.64389     4.83454e+01
   1.65620     4.83638e+01
   1.66875     4.68217e+01
   1.68124     4.48247e+01
   1.69373     4.42207e+01
   1.70613     4.44178e+01
   1.71876     4.26399e+01
   1.73122     4.19501e+01
   1.74388     3.89780e+01
   1.75630     3.91607e+01
   1.76889     3.83943e+01
   1.78135     3.66497e+01
   1.79367     3.63672e+01
   1.80623     3.66705e+01
   1.81883     3.47779e+01
   1.83105     3.44965e+01
   1.84372     3.18338e+01
   1.85626     3.27693e+01
   1.86877     3.19158e+01
   1.88126     3.15054e+01
   1.89376     3.17048e+01
   1.90612     2.95430e+01
   1.91872     2.92482e+01
   1.93133     2.77721e+01
   1.94390     2.61588e+01
   1.95627     2.53928e+01
   1.96884     2.57527e+01
   1.98128     2.43913e+01
   1.99360     2.31854e+01
   2.00601     2.28451e+01
   2.01865     2.15452e+01
   2.03129     2.20892e+01
   2.04372     2.06391e+01
   2.05627     1.94550e+01
   2.06890     1.97601e+01
   2.08129     1.95157e+01
   2.09355     1.78780e+01
   2.10609     1.67736e+01
   2.11865     1.70866e+01
   2.13110     1.54853e+01
   2.14358     1.56673e+01
   2.15632     1.44997e+01
   2.16888     1.41916e+01
   2.18136     1.40183e+01
   2.19375     1.37133e+01
   2.20648     1.31157e+01
   2.21891     1.12854e+01
   2.23127     1.09654e+01
   2.24362     1.02236e+01
   2.25610     9.75678e+00
   2.26860     8.64083e+00
   2.28134     9.38300e+00
   2.29396     9.06555e+00
   2.30651     7.57073e+00
   2.31883     7.49360e+00
   2.33131     6.64310e+00
   2.34379     6.28249e+00
   2.35620     5.91865e+00
   2.36856     5.41036e+00
   2.38127     4.59024e+00
   2.39387     3.51269e+00
   2.40629     3.28673e+00
   2.41869     2.40507e+00
   2.43124     3.07390e+00
   2.44369     2.59962e+00
   2.45637     1.87267e+00
   2.46879     2.33477e+00
   2.48121     7.35764e-02
   2.49370     1.18503e+00
   2.50623    -4.43577e-01
   2.51865    -7.63840e-02
   2.53107    -4.77019e-01
   2.54368    -1.32192e-01
   2.55639    -1.50659e+00
   2.56875    -2.08721e+00
   2.58134    -2.26030e+00
   2.59382    -2.88475e+00
   2.60628    -2.69968e+00
   2.61873    -3.86604e+00
   2.63125    -3.97964e+00
   2.64375    -4.08863e+00
   2.65626    -4.45590e+00
   2.66870    -5.35090e+00
   2.68122    -5.55886e+00
   2.69374    -5.23492e+00
   2.70638    -6.11643e+00
   2.71888    -6.76648e+00
   2.73125    -6.74617e+00
   2.74389    -7.32556e+00
   2.75628    -7.45999e+00
   2.76868    -8.15388e+00
   2.78115    -7.87818e+00
   2.79379    -8.53924e+00
   2.80639    -8.88399e+00
   2.81871    -8.74540e+00
   2.83124    -9.85456e+00
   2.84389    -9.73649e+00
   2.85622    -9.82547e+00
   2.86878    -1.02503e+01
   2.88116    -1.07959e+01
   2.89358    -1.13574e+01
   2.90611    -1.12949e+01
   2.91881    -1.20494e+01
   2.93135    -1.21355e+01
   2.94381    -1.25450e+01
   2.95620    -1.27395e+01
   2.96870    -1.31732e+01
   2.98120    -1.32134e+01
   2.99376    -1.35563e+01
   3.00626    -1.44084e+01
   3.01885    -1.39838e+01
   3.03130    -1.45632e+01
   3.04377    -1.47679e+01
   3.05623    -1.43758e+01
   3.06869    -1.51191e+01
   3.08114    -1.55793e+01
   3.09378    -1.58294e+01
   3.10624    -1.59966e+01
   3.11878    -1.62166e+01
   3.13134    -1.65122e+01
   3.14383    -1.70551e+01
   3.15628    -1.72298e+01
   3.16884    -1.76920e+01
   3.18136    -1.77852e+01
   3.19383    -1.80886e+01
   3.20620    -1.85821e+01
   3.21875    -1.83079e+01
   3.23127    -1.84832e+01
   3.24385    -1.91846e+01
   3.25632    -1.92446e+01
   3.26882    -1.94536e+01
   3.28133    -1.99527e+01
   3.29378    -1.99125e+01
   3.30621    -2.02920e+01
   3.31875    -2.05489e+01
   3.33129    -2.07373e+01
   3.34376    -2.09877e+01
   3.35620    -2.12176e+01
   3.36875    -2.14985e+01
   3.38131    -2.17711e+01
   3.39380    -2.21171e+01
   3.40627    -2.18283e+01
   3.41876    -2.22644e+01
   3.43124    -2.25373e+01
   3.44372    -2.28108e+01
   3.45640    -2.31960e+01
   3.46891    -2.34705e+01
   3.48134    -2.33853e+01
   3.49375    -2.39990e+01
   3.50630    -2.36694e+01
   3.51882    -2.42453e+01
   3.53127    -2.43887e+01
   3.54369    -2.42960e+01
   3.55628    -2.45377e+01
   3.56869    -2.44365e+01
   3.58119    -2.52473e+01
   3.59375    -2.56390e+01
   3.60629    -2.57434e+01
   3.61878    -2.56799e+01
   3.63126    -2.63571e+01
   3.64371    -2.64167e+01
   3.65630    -2.64272e+01
   3.66876    -2.66651e+01
   3.68123    -2.66983e+01
   3.69375    -2.68655e+01
   3.70626    -2.68605e+01
   3.71877    -2.73168e+01
   3.73139    -2.76948e+01
   3.74372    -2.78951e+01
   3.75625    -2.79094e+01
   3.76880    -2.81139e+01
   3.78124    -2.85428e+01
   3.79373    -2.83405e+01
   3.80635    -2.86832e+01
   3.81877    -2.86508e+01
   3.83124    -2.92914e+01
   3.84376    -2.93166e+01
   3.85635    -2.96330e+01
   3.86882    -2.98834e+01
   3.88122    -2.99436e+01
   3.89365    -3.01174e+01
   3.90632    -3.03002e+01
   3.91889    -3.03024e+01
   3.93133    -3.05986e+01
   3.94373    -3.07976e+01
   3.95623    -3.08649e+01
   3.96866    -3.11280e+01
   3.98123    -3.13386e+01
   3.99373    -3.14743e+01
   4.00625    -3.16368e+01
   4.01870    -3.18361e+01
   4.03118    -3.18782e+01
   4.04374    -3.23974e+01
   4.05624    -3.25539e+01
   4.06881    -3.26411e+01
   4.08134    -3.28515e+01
   4.09380    -3.29088e+01
   4.10620    -3.31176e+01
   4.11874    -3.33579e+01
   4.13120    -3.35073e+01
   4.14377    -3.36381e+01
   4.15631    -3.39006e+01
   4.16881    -3.38376e+01
   4.18137    -3.38665e+01
   4.19383    -3.41705e+01
   4.20619    -3.42473e+01
   4.21870    -3.46422e+01
   4.23112    -3.46903e+01
   4.24368    -3.49521e+01
   4.25627    -3.50867e+01
   4.26880    -3.52310e+01
   4.28128    -3.52604e+01
   4.29387    -3.56671e+01
   4.30632    -3.57581e+01
   4.31885    -3.58581e+01
   4.33130    -3.58962e+01
   4.34381    -3.60887e+01
   4.35632    -3.63009e+01
   4.36880    -3.63145e+01
   4.38125    -3.64898e+01
   4.39378    -3.67370e+01
   4.40625    -3.67265e+01
   4.41877    -3.71509e+01
   4.43122    -3.70206e+01
   4.44377    -3.73148e+01
   4.45625    -3.74032e+01
   4.46877    -3.76508e+01
   4.48129    -3.78668e+01
   4.49376    -3.77587e+01
   4.50616    -3.78493e+01
   4.51874    -3.80238e+01
   4.53127    -3.84156e+01
   4.54376    -3.84521e+01
   4.55621    -3.85333e+01
   4.56875    -3.86656e+01
   4.58125    -3.88211e+01
   4.59379    -3.89484e+01
   4.60625    -3.90264e+01
   4.61876    -3.90741e+01
   4.63127    -3.93724e+01
   4.64379    -3.92745e+01
   4.65623    -3.95261e+01
   4.66878    -3.96946e+01
   4.68132    -3.97345e+01
   4.69382    -4.00217e+01
   4.70628    -4.02395e+01
   4.71875    -4.02971e+01
   4.73126    -4.03575e+01
   4.74373    -4.04490e+01
   4.75631    -4.05196e+01
   4.76881    -4.07608e+01
   4.78124    -4.10586e+01
   4.79372    -4.10696e+01
   4.80627    -4.11271e+01
   4.81874    -4.12634e+01
   4.83126    -4.13684e+01
   4.84373    -4.14399e+01
   4.85623    -4.16030e+01
   4.86871    -4.15779e+01
   4.88131    -4.17695e+01
   4.89379    -4.19397e+01
   4.90628    -4.19780e+01
   4.91878    -4.23083e+01
   4.93134    -4.24157e+01
   4.94382    -4.24179e+01
   4.95620    -4.26973e+01
   4.96868    -4.27354e+01
   4.98126    -4.27617e+01
   4.99376    -4.29297e+01
   5.00628    -4.30855e+01
   5.01875    -4.32442e+01
   5.03130    -4.32536e+01
   5.04371    -4.34279e+01
   5.05622    -4.36545e+01
   5.06881    -4.35898e+01
   5.08135    -4.37781e+01
   5.09373    -4.39179e+01
   5.10623    -4.40816e+01
   5.11881    -4.42716e+01
   5.13131    -4.43151e+01
   5.14374    -4.43899e+01
   5.15625    -4.45428e+01
   5.16877    -4.45339e+01
   5.18129    -4.47017e+01
   5.19371    -4.49298e+01
   5.20625    -4.47987e+01
   5.21875    -4.49776e+01
   5.23123    -4.52000e+01
   5.24379    -4.52749e+01
   5.25634    -4.53645e+01
   5.26874    -4.54612e+01
   5.28131    -4.57005e+01
   5.29381    -4.57201e+01
   5.30624    -4.57606e+01
   5.31872    -4.59604e+01
   5.33129    -4.59533e+01
   5.34379    -4.61169e+01
   5.35625    -4.62042e+01
   5.36870    -4.62298e+01
   5.38124    -4.62496e+01
   5.39374    -4.64167e+01
   5.40623    -4.65650e+01
   5.41876    -4.65817e+01
   5.43126    -4.66540e+01
   5.44380    -4.67891e+01
   5.45628    -4.68616e+01
   5.46874    -4.70844e+01
   5.48120    -4.71419e+01
   5.49374    -4.71835e+01
   5.50624    -4.73246e+01
   5.51876    -4.73875e+01
   5.53124    -4.74982e+01
   5.54372    -4.75666e+01
   5.55619    -4.76926e+01
   5.56876    -4.78424e+01
   5.58121    -4.77920e+01
   5.59376    -4.79196e+01
   5.60632    -4.80081e+01
   5.61877    -4.80635e+01
   5.63124    -4.82692e+01
   5.64374    -4.83491e+01
   5.65626    -4.83804e+01
   5.66881    -4.84362e+01
   5.68122    -4.85469e+01
   5.69378    -4.86406e+01
   5.70630    -4.88125e+01
   5.71878    -4.88403e+01
   5.73124    -4.88974e+01
   5.74378    -4.90136e+01
   5.75626    -4.90802e+01
   5.76874    -4.91114e+01
   5.78126    -4.91304e+01
   5.79374    -4.92172e+01
   5.80619    -4.93989e+01
   5.81877    -4.94820e+01
   5.83124    -4.95085e+01
   5.84375    -4.95776e+01
   5.85626    -4.97237e+01
   5.86877    -4.96919e+01
   5.88125    -4.97925e+01
   5.89380    -4.99249e+01
   5.90629    -4.99319e+01
   5.91878    -5.00743e+01
   5.93125    -5.01108e+01
   5.94374    -5.02334e+01
   5.95623    -5.02873e+01
   5.96873    -5.03607e+01
   5.98119    -5.04334e+01
   5.99368    -5.04441e+01
   6.00617    -5.06201e+01
   6.01869    -5.05586e+01
   6.03121    -5.07379e+01
   6.04379    -5.07784e+01
   6.05632    -5.08572e+01
   6.06875    -5.08385e+01
   6.08125    -5.09847e+01
   6.09380    -5.10362e+01
   6.10622    -5.10959e+01
   6.11866    -5.12320e+01
   6.13125    -5.11855e+01
   6.14376    -5.12849e+01
   6.15627    -5.13929e+01
   6.16872    -5.13609e+01
   6.18128    -5.14782e+01
   6.19379    -5.14908e+01
   6.20622    -5.16142e+01
   6.21867    -5.16030e+01
   6.23124    -5.17302e+01
   6.24376    -5.16896e+01
   6.25623    -5.18596e+01
   6.26873    -5.18943e+01
   6.28132    -5.19561e+01
