# Subtracting SN=    9.38402e+00.
#        k         Pk_0_HI
   0.03471     1.01297e+04
   0.04533     7.60287e+03
   0.05750     5.93113e+03
   0.07243     5.27864e+03
   0.08030     4.13631e+03
   0.09129     3.32242e+03
   0.10670     2.77479e+03
   0.11962     2.57928e+03
   0.12974     2.32312e+03
   0.14416     1.81837e+03
   0.15607     1.70095e+03
   0.16886     1.48658e+03
   0.18066     1.27741e+03
   0.19462     1.19979e+03
   0.20682     1.08556e+03
   0.21908     1.00823e+03
   0.23113     9.48004e+02
   0.24367     8.62236e+02
   0.25601     7.19395e+02
   0.26906     6.91788e+02
   0.28135     6.74698e+02
   0.29458     5.95717e+02
   0.30676     5.92103e+02
   0.31943     5.53253e+02
   0.33214     5.31405e+02
   0.34474     4.72806e+02
   0.35626     4.30506e+02
   0.36909     4.21171e+02
   0.38137     3.90659e+02
   0.39368     3.96737e+02
   0.40596     3.55236e+02
   0.41935     3.57592e+02
   0.43138     3.15067e+02
   0.44349     3.04978e+02
   0.45625     2.88685e+02
   0.46966     2.82777e+02
   0.48162     2.74575e+02
   0.49397     2.62558e+02
   0.50656     2.46517e+02
   0.51863     2.55140e+02
   0.53044     2.32396e+02
   0.54375     2.27012e+02
   0.55676     2.12729e+02
   0.56902     2.20106e+02
   0.58090     2.02514e+02
   0.59394     1.92248e+02
   0.60659     1.86015e+02
   0.61858     1.79591e+02
   0.63073     1.80193e+02
   0.64386     1.70450e+02
   0.65636     1.67801e+02
   0.66869     1.69862e+02
   0.68131     1.54492e+02
   0.69392     1.58403e+02
   0.70632     1.49620e+02
   0.71842     1.45301e+02
   0.73133     1.35780e+02
   0.74383     1.37802e+02
   0.75642     1.36097e+02
   0.76892     1.27674e+02
   0.78169     1.29952e+02
   0.79408     1.21304e+02
   0.80610     1.17703e+02
   0.81834     1.18340e+02
   0.83113     1.14687e+02
   0.84356     1.12088e+02
   0.85621     1.05538e+02
   0.86876     1.06115e+02
   0.88154     1.06701e+02
   0.89355     9.92106e+01
   0.90634     9.91114e+01
   0.91886     9.67491e+01
   0.93130     9.54248e+01
   0.94392     9.23190e+01
   0.95621     8.90049e+01
   0.96854     8.97919e+01
   0.98126     8.71783e+01
   0.99357     8.61712e+01
   1.00643     8.44396e+01
   1.01870     8.30427e+01
   1.03126     8.03054e+01
   1.04402     8.07060e+01
   1.05654     7.81475e+01
   1.06869     7.64093e+01
   1.08129     7.38967e+01
   1.09371     7.15533e+01
   1.10646     6.95132e+01
   1.11883     7.08737e+01
   1.13137     7.11240e+01
   1.14381     6.72075e+01
   1.15611     6.63499e+01
   1.16847     6.46797e+01
   1.18123     6.39371e+01
   1.19379     6.26797e+01
   1.20615     6.17364e+01
   1.21876     6.05031e+01
   1.23169     5.89647e+01
   1.24362     5.79536e+01
   1.25596     5.69514e+01
   1.26862     5.62510e+01
   1.28125     5.50293e+01
   1.29378     5.37323e+01
   1.30632     5.35712e+01
   1.31873     5.16702e+01
   1.33129     5.09742e+01
   1.34365     5.14806e+01
   1.35617     5.03208e+01
   1.36877     4.96466e+01
   1.38124     4.84930e+01
   1.39384     4.72737e+01
   1.40620     4.75403e+01
   1.41870     4.68528e+01
   1.43133     4.47841e+01
   1.44395     4.38792e+01
   1.45629     4.39479e+01
   1.46888     4.25438e+01
   1.48123     4.29858e+01
   1.49385     4.04099e+01
   1.50637     4.08574e+01
   1.51879     4.05003e+01
   1.53118     3.98656e+01
   1.54377     3.97432e+01
   1.55620     3.82888e+01
   1.56872     3.91605e+01
   1.58120     3.65905e+01
   1.59371     3.69453e+01
   1.60599     3.58682e+01
   1.61865     3.56062e+01
   1.63133     3.50497e+01
   1.64389     3.44328e+01
   1.65620     3.43396e+01
   1.66875     3.39674e+01
   1.68124     3.26978e+01
   1.69373     3.22739e+01
   1.70613     3.19104e+01
   1.71876     3.12987e+01
   1.73122     3.10815e+01
   1.74388     3.03762e+01
   1.75630     3.01989e+01
   1.76889     2.95422e+01
   1.78135     2.96039e+01
   1.79367     2.92101e+01
   1.80623     2.86076e+01
   1.81883     2.87114e+01
   1.83105     2.81444e+01
   1.84372     2.73449e+01
   1.85626     2.73509e+01
   1.86877     2.68527e+01
   1.88126     2.63303e+01
   1.89376     2.61297e+01
   1.90612     2.57265e+01
   1.91872     2.51653e+01
   1.93133     2.43830e+01
   1.94390     2.43422e+01
   1.95627     2.40912e+01
   1.96884     2.39836e+01
   1.98128     2.33828e+01
   1.99360     2.33557e+01
   2.00601     2.26839e+01
   2.01865     2.25265e+01
   2.03129     2.19222e+01
   2.04372     2.17730e+01
   2.05627     2.14171e+01
   2.06890     2.10522e+01
   2.08129     2.08879e+01
   2.09355     2.03746e+01
   2.10609     1.99001e+01
   2.11865     1.99587e+01
   2.13110     1.94587e+01
   2.14358     1.90016e+01
   2.15632     1.90705e+01
   2.16888     1.88022e+01
   2.18136     1.86402e+01
   2.19375     1.83582e+01
   2.20648     1.79286e+01
   2.21891     1.75937e+01
   2.23127     1.74034e+01
   2.24362     1.68161e+01
   2.25610     1.67998e+01
   2.26860     1.67755e+01
   2.28134     1.63282e+01
   2.29396     1.63063e+01
   2.30651     1.58833e+01
   2.31883     1.55311e+01
   2.33131     1.54562e+01
   2.34379     1.51784e+01
   2.35620     1.48488e+01
   2.36856     1.48859e+01
   2.38127     1.44076e+01
   2.39387     1.42571e+01
   2.40629     1.38450e+01
   2.41869     1.39603e+01
   2.43124     1.34761e+01
   2.44369     1.32184e+01
   2.45637     1.31284e+01
   2.46879     1.28983e+01
   2.48121     1.27489e+01
   2.49370     1.27914e+01
   2.50623     1.22609e+01
   2.51865     1.22986e+01
   2.53107     1.22329e+01
   2.54368     1.19810e+01
   2.55639     1.14954e+01
   2.56875     1.15633e+01
   2.58134     1.14126e+01
   2.59382     1.10195e+01
   2.60628     1.09823e+01
   2.61873     1.08475e+01
   2.63125     1.06660e+01
   2.64375     1.04956e+01
   2.65626     1.02277e+01
   2.66870     1.01577e+01
   2.68122     9.93303e+00
   2.69374     9.59433e+00
   2.70638     9.65538e+00
   2.71888     9.33912e+00
   2.73125     9.16177e+00
   2.74389     9.22960e+00
   2.75628     8.93262e+00
   2.76868     8.71863e+00
   2.78115     8.49903e+00
   2.79379     8.47398e+00
   2.80639     8.17094e+00
   2.81871     8.18156e+00
   2.83124     7.94107e+00
   2.84389     7.96564e+00
   2.85622     7.61678e+00
   2.86878     7.58961e+00
   2.88116     7.46998e+00
   2.89358     7.26626e+00
   2.90611     7.26292e+00
   2.91881     7.05663e+00
   2.93135     7.07043e+00
   2.94381     6.70468e+00
   2.95620     6.65788e+00
   2.96870     6.54299e+00
   2.98120     6.37413e+00
   2.99376     6.19483e+00
   3.00626     6.15467e+00
   3.01885     5.94834e+00
   3.03130     6.06336e+00
   3.04377     5.73290e+00
   3.05623     5.55915e+00
   3.06869     5.55496e+00
   3.08114     5.42351e+00
   3.09378     5.26497e+00
   3.10624     5.07540e+00
   3.11878     5.01444e+00
   3.13134     4.84712e+00
   3.14383     4.78483e+00
   3.15628     4.65408e+00
   3.16884     4.48139e+00
   3.18136     4.45325e+00
   3.19383     4.30927e+00
   3.20620     4.38486e+00
   3.21875     4.13663e+00
   3.23127     4.08196e+00
   3.24385     3.91901e+00
   3.25632     3.83207e+00
   3.26882     3.75628e+00
   3.28133     3.64834e+00
   3.29378     3.56482e+00
   3.30621     3.42315e+00
   3.31875     3.20384e+00
   3.33129     3.26688e+00
   3.34376     3.21856e+00
   3.35620     2.90211e+00
   3.36875     2.98202e+00
   3.38131     2.88489e+00
   3.39380     2.72480e+00
   3.40627     2.67163e+00
   3.41876     2.52856e+00
   3.43124     2.45973e+00
   3.44372     2.46912e+00
   3.45640     2.22903e+00
   3.46891     2.20706e+00
   3.48134     1.99046e+00
   3.49375     1.99986e+00
   3.50630     1.89122e+00
   3.51882     1.93473e+00
   3.53127     1.80163e+00
   3.54369     1.69957e+00
   3.55628     1.55376e+00
   3.56869     1.54939e+00
   3.58119     1.43828e+00
   3.59375     1.26396e+00
   3.60629     1.20382e+00
   3.61878     1.23091e+00
   3.63126     1.04394e+00
   3.64371     1.10950e+00
   3.65630     9.77857e-01
   3.66876     8.60950e-01
   3.68123     7.69827e-01
   3.69375     7.03514e-01
   3.70626     6.36707e-01
   3.71877     4.84902e-01
   3.73139     4.89460e-01
   3.74372     4.59540e-01
   3.75625     3.12917e-01
   3.76880     2.92900e-01
   3.78124     2.11023e-01
   3.79373     1.20402e-01
   3.80635     7.14231e-02
   3.81877    -1.70023e-02
   3.83124    -5.74303e-02
   3.84376    -1.31208e-01
   3.85635    -2.29536e-01
   3.86882    -2.90334e-01
   3.88122    -4.56478e-01
   3.89365    -5.07790e-01
   3.90632    -4.94067e-01
   3.91889    -5.48158e-01
   3.93133    -6.44016e-01
   3.94373    -7.07800e-01
   3.95623    -7.34085e-01
   3.96866    -8.58081e-01
   3.98123    -8.76044e-01
   3.99373    -9.52425e-01
   4.00625    -9.63503e-01
   4.01870    -1.06958e+00
   4.03118    -1.11861e+00
   4.04374    -1.15963e+00
   4.05624    -1.21472e+00
   4.06881    -1.27815e+00
   4.08134    -1.37200e+00
   4.09380    -1.43500e+00
   4.10620    -1.46980e+00
   4.11874    -1.51530e+00
   4.13120    -1.53907e+00
   4.14377    -1.59265e+00
   4.15631    -1.70166e+00
   4.16881    -1.73078e+00
   4.18137    -1.78493e+00
   4.19383    -1.84416e+00
   4.20619    -1.95247e+00
   4.21870    -1.95881e+00
   4.23112    -2.01217e+00
   4.24368    -2.04371e+00
   4.25627    -2.07813e+00
   4.26880    -2.14370e+00
   4.28128    -2.18544e+00
   4.29387    -2.27369e+00
   4.30632    -2.31781e+00
   4.31885    -2.37821e+00
   4.33130    -2.44081e+00
   4.34381    -2.46857e+00
   4.35632    -2.51350e+00
   4.36880    -2.59193e+00
   4.38125    -2.62643e+00
   4.39378    -2.67460e+00
   4.40625    -2.71676e+00
   4.41877    -2.76366e+00
   4.43122    -2.79210e+00
   4.44377    -2.84470e+00
   4.45625    -2.90517e+00
   4.46877    -2.91949e+00
   4.48129    -2.95344e+00
   4.49376    -3.01634e+00
   4.50616    -3.09088e+00
   4.51874    -3.13890e+00
   4.53127    -3.14559e+00
   4.54376    -3.19685e+00
   4.55621    -3.20102e+00
   4.56875    -3.25731e+00
   4.58125    -3.32485e+00
   4.59379    -3.35202e+00
   4.60625    -3.41208e+00
   4.61876    -3.42410e+00
   4.63127    -3.47201e+00
   4.64379    -3.53917e+00
   4.65623    -3.57532e+00
   4.66878    -3.57504e+00
   4.68132    -3.62493e+00
   4.69382    -3.68590e+00
   4.70628    -3.72009e+00
   4.71875    -3.74589e+00
   4.73126    -3.82934e+00
   4.74373    -3.79219e+00
   4.75631    -3.91395e+00
   4.76881    -3.92082e+00
   4.78124    -3.93552e+00
   4.79372    -3.98003e+00
   4.80627    -4.03484e+00
   4.81874    -4.07748e+00
   4.83126    -4.07823e+00
   4.84373    -4.12304e+00
   4.85623    -4.16166e+00
   4.86871    -4.21093e+00
   4.88131    -4.23458e+00
   4.89379    -4.27525e+00
   4.90628    -4.31951e+00
   4.91878    -4.32751e+00
   4.93134    -4.36484e+00
   4.94382    -4.39294e+00
   4.95620    -4.45268e+00
   4.96868    -4.46055e+00
   4.98126    -4.50513e+00
   4.99376    -4.54871e+00
   5.00628    -4.55323e+00
   5.01875    -4.61618e+00
   5.03130    -4.63458e+00
   5.04371    -4.65329e+00
   5.05622    -4.67824e+00
   5.06881    -4.74324e+00
   5.08135    -4.75077e+00
   5.09373    -4.79676e+00
   5.10623    -4.80673e+00
   5.11881    -4.85885e+00
   5.13131    -4.90460e+00
   5.14374    -4.92546e+00
   5.15625    -4.94241e+00
   5.16877    -4.98342e+00
   5.18129    -5.00891e+00
   5.19371    -5.02499e+00
   5.20625    -5.05488e+00
   5.21875    -5.05752e+00
   5.23123    -5.09193e+00
   5.24379    -5.12571e+00
   5.25634    -5.15985e+00
   5.26874    -5.19554e+00
   5.28131    -5.22079e+00
   5.29381    -5.23578e+00
   5.30624    -5.26252e+00
   5.31872    -5.29390e+00
   5.33129    -5.30911e+00
   5.34379    -5.32270e+00
   5.35625    -5.37177e+00
   5.36870    -5.39192e+00
   5.38124    -5.40945e+00
   5.39374    -5.42900e+00
   5.40623    -5.45744e+00
   5.41876    -5.47831e+00
   5.43126    -5.51802e+00
   5.44380    -5.51295e+00
   5.45628    -5.53882e+00
   5.46874    -5.58464e+00
   5.48120    -5.60876e+00
   5.49374    -5.61008e+00
   5.50624    -5.64065e+00
   5.51876    -5.66593e+00
   5.53124    -5.67084e+00
   5.54372    -5.70343e+00
   5.55619    -5.72328e+00
   5.56876    -5.74213e+00
   5.58121    -5.76735e+00
   5.59376    -5.79820e+00
   5.60632    -5.81312e+00
   5.61877    -5.83239e+00
   5.63124    -5.85575e+00
   5.64374    -5.87135e+00
   5.65626    -5.88316e+00
   5.66881    -5.91550e+00
   5.68122    -5.92585e+00
   5.69378    -5.95907e+00
   5.70630    -5.97248e+00
   5.71878    -5.99422e+00
   5.73124    -6.01530e+00
   5.74378    -6.02425e+00
   5.75626    -6.05197e+00
   5.76874    -6.06148e+00
   5.78126    -6.09166e+00
   5.79374    -6.09966e+00
   5.80619    -6.12106e+00
   5.81877    -6.15300e+00
   5.83124    -6.13460e+00
   5.84375    -6.15926e+00
   5.85626    -6.19866e+00
   5.86877    -6.20507e+00
   5.88125    -6.21965e+00
   5.89380    -6.23062e+00
   5.90629    -6.24905e+00
   5.91878    -6.27241e+00
   5.93125    -6.27653e+00
   5.94374    -6.29721e+00
   5.95623    -6.31400e+00
   5.96873    -6.33011e+00
   5.98119    -6.35253e+00
   5.99368    -6.36666e+00
   6.00617    -6.38311e+00
   6.01869    -6.39551e+00
   6.03121    -6.41560e+00
   6.04379    -6.43060e+00
   6.05632    -6.44619e+00
   6.06875    -6.45358e+00
   6.08125    -6.46830e+00
   6.09380    -6.47173e+00
   6.10622    -6.50242e+00
   6.11866    -6.50756e+00
   6.13125    -6.52849e+00
   6.14376    -6.52032e+00
   6.15627    -6.54987e+00
   6.16872    -6.56137e+00
   6.18128    -6.59160e+00
   6.19379    -6.58586e+00
   6.20622    -6.60735e+00
   6.21867    -6.61258e+00
   6.23124    -6.62612e+00
   6.24376    -6.63285e+00
   6.25623    -6.65682e+00
   6.26873    -6.65868e+00
   6.28132    -6.67227e+00
