# k, P(k), Nmodes
0.000000000000000000e+00 0.000000000000000000e+00 1.000000000000000000e+00
8.691056022563805813e-03 4.264304621043360385e+03 2.600000000000000000e+01
1.503254434404273886e-02 5.037262906610777463e+03 7.200000000000000000e+01
2.104537904654678673e-02 4.895429768052114923e+03 1.520000000000000000e+02
2.718418752217394846e-02 4.355980089901870087e+03 2.340000000000000000e+02
3.359305548768203725e-02 3.719619228341723101e+03 4.160000000000000000e+02
3.967812110980351720e-02 3.153699589933215520e+03 4.800000000000000000e+02
4.573133090443888549e-02 2.760320345222417473e+03 7.220000000000000000e+02
5.186912300623527233e-02 2.477518217288502910e+03 8.740000000000000000e+02
5.807971256735403043e-02 2.306241866676550217e+03 1.162000000000000000e+03
6.422094742881356844e-02 2.131655535670354311e+03 1.358000000000000000e+03
7.029194303550849454e-02 1.997559527164177553e+03 1.632000000000000000e+03
7.656976085866129544e-02 1.806809469391190532e+03 2.036000000000000000e+03
8.283279975513359317e-02 1.613209771456967246e+03 2.310000000000000000e+03
8.886264192081894109e-02 1.416889466336294618e+03 2.528000000000000000e+03
9.493524398572131262e-02 1.246212881735395968e+03 3.068000000000000000e+03
1.010510809291368245e-01 1.124862880818320036e+03 3.306000000000000000e+03
1.071918355362574127e-01 1.026091828354871950e+03 3.934000000000000000e+03
1.133640700251744293e-01 9.631592486337976879e+02 4.266000000000000000e+03
1.195184611122857843e-01 9.144002627325974117e+02 4.794000000000000000e+03
1.256657517103361710e-01 8.839928611935461049e+02 5.270000000000000000e+03
1.317871926578333408e-01 8.405306376981842504e+02 5.754000000000000000e+03
1.378887696062481294e-01 7.794148853910461412e+02 6.344000000000000000e+03
1.440612672229828750e-01 7.224264196448208395e+02 7.014000000000000000e+03
1.501845201433902877e-01 6.576581093807147909e+02 7.364000000000000000e+03
1.563418093457785985e-01 6.008929511560584160e+02 8.402000000000000000e+03
1.625438955957596576e-01 5.545162099152881865e+02 8.738000000000000000e+03
1.686940235306336466e-01 5.251381573461648031e+02 9.670000000000000000e+03
1.747987378343396903e-01 4.948629475616946820e+02 9.880000000000000000e+03
1.809057159377772395e-01 4.735915167909965930e+02 1.113000000000000000e+04
1.870079494254630881e-01 4.595964065602483402e+02 1.140000000000000000e+04
1.931644028143169878e-01 4.451936969215144018e+02 1.272200000000000000e+04
1.993257601852206906e-01 4.186985342844214983e+02 1.317000000000000000e+04
2.054762598507901550e-01 3.940255159216746392e+02 1.418600000000000000e+04
2.116257382464896697e-01 3.727857137670904990e+02 1.495800000000000000e+04
2.177578654451892970e-01 3.496864926257521233e+02 1.580200000000000000e+04
2.238991135097555263e-01 3.252106875610658108e+02 1.674600000000000000e+04
2.300081978121491233e-01 3.129256518635108932e+02 1.753400000000000000e+04
2.361454707693454169e-01 2.989416187616476464e+02 1.869000000000000000e+04
2.422857100963227428e-01 2.854209088682667925e+02 1.958600000000000000e+04
2.484099584913142256e-01 2.785877551781535999e+02 2.052400000000000000e+04
2.545441957051269855e-01 2.685139070859605681e+02 2.165200000000000000e+04
2.606917133414053955e-01 2.573308537014140711e+02 2.276000000000000000e+04
2.668580198415695381e-01 2.461148319506264954e+02 2.389200000000000000e+04
2.730019564931540632e-01 2.362521075950673435e+02 2.485400000000000000e+04
2.791389873202678173e-01 2.254600127361083253e+02 2.604000000000000000e+04
2.852424996643880273e-01 2.163472846981558746e+02 2.680400000000000000e+04
2.913531997893986092e-01 2.055568282586868349e+02 2.850000000000000000e+04
2.975143171497069416e-01 1.974271117520415544e+02 2.956400000000000000e+04
3.036544665973567314e-01 1.905762178809607406e+02 3.083400000000000000e+04
3.097883787544665757e-01 1.847825999969753639e+02 3.189000000000000000e+04
3.159486680635095190e-01 1.787350261437696872e+02 3.376600000000000000e+04
3.221066234444813769e-01 1.736639794337992555e+02 3.446400000000000000e+04
3.282572612915165555e-01 1.669437362321358478e+02 3.622000000000000000e+04
3.343544383171894174e-01 1.616128296382720180e+02 3.667000000000000000e+04
3.404813620364756654e-01 1.552944039500058295e+02 3.911400000000000000e+04
3.466259536752008263e-01 1.503740227140665127e+02 3.989800000000000000e+04
3.527314914776840671e-01 1.442117574616871423e+02 4.126400000000000000e+04
3.588700951741782830e-01 1.400555245883599582e+02 4.332000000000000000e+04
3.650083489029407047e-01 1.357572574201297186e+02 4.418400000000000000e+04
3.711704037116136945e-01 1.329349648876181220e+02 4.654800000000000000e+04
3.773137312255384068e-01 1.283952228617866638e+02 4.719800000000000000e+04
3.834202365329835160e-01 1.229962331092080206e+02 4.880200000000000000e+04
3.895813105051545988e-01 1.202454013263966601e+02 5.141800000000000000e+04
3.957247046642990429e-01 1.177604577998049535e+02 5.158800000000000000e+04
4.018641006880244171e-01 1.135093261086981187e+02 5.464400000000000000e+04
4.079986652309439688e-01 1.110476576824284791e+02 5.484200000000000000e+04
4.141066506702003602e-01 1.063336729077261253e+02 5.733800000000000000e+04
4.202576909860619159e-01 1.043422781886547739e+02 5.921400000000000000e+04
4.264066946730206698e-01 1.006454633907172678e+02 6.064200000000000000e+04
4.325254831734640648e-01 9.688851230323471952e+01 6.220200000000000000e+04
4.386395650806790836e-01 9.586702601263824874e+01 6.399000000000000000e+04
4.447681454847935978e-01 9.303717069381603721e+01 6.596200000000000000e+04
4.509437495939586094e-01 9.075885359901816685e+01 6.893000000000000000e+04
4.571038061189046653e-01 8.805246518140641854e+01 6.921800000000000000e+04
4.632394462505528554e-01 8.621884346425886747e+01 7.208600000000000000e+04
4.693790757792539181e-01 8.461052629484461818e+01 7.321600000000000000e+04
4.755007986458400504e-01 8.183735711253278566e+01 7.536400000000000000e+04
4.816148015649592273e-01 7.957823195122944071e+01 7.714200000000000000e+04
4.877448110253904678e-01 7.802247625689463462e+01 7.932200000000000000e+04
4.938644425720450370e-01 7.603542058837743411e+01 8.112200000000000000e+04
4.999990772533337013e-01 7.372176617757497752e+01 8.374000000000000000e+04
5.061739783630568867e-01 7.256155520113344437e+01 8.622800000000000000e+04
5.123176238977423802e-01 7.016318047497981070e+01 8.724200000000000000e+04
5.184419198367248294e-01 6.890421155076360549e+01 8.950400000000000000e+04
5.245811071337125320e-01 6.742989445189174091e+01 9.236600000000000000e+04
5.307339722686617023e-01 6.599305197400832412e+01 9.390800000000000000e+04
5.368662932732624071e-01 6.422399600820162391e+01 9.622600000000000000e+04
5.429628466927283181e-01 6.291935089238499756e+01 9.717200000000000000e+04
5.491073400914713298e-01 6.161764625273756479e+01 1.019960000000000000e+05
5.552762609626447077e-01 6.010478874634947744e+01 1.028340000000000000e+05
5.614082796802024600e-01 5.905583073916572800e+01 1.049360000000000000e+05
5.675371533509153688e-01 5.732342874660737664e+01 1.076640000000000000e+05
5.736740022558224350e-01 5.632860623778817910e+01 1.097300000000000000e+05
5.798103603643611770e-01 5.511264997278099287e+01 1.122420000000000000e+05
5.859425366486809006e-01 5.391987858795774002e+01 1.145480000000000000e+05
5.920586774162177601e-01 5.316221141091919122e+01 1.162040000000000000e+05
5.981941542880485629e-01 5.194182489628731503e+01 1.202100000000000000e+05
6.043590774859866066e-01 5.125002294348111320e+01 1.222240000000000000e+05
6.104910230252050818e-01 4.974874734034920465e+01 1.240000000000000000e+05
6.166050503334797872e-01 4.916332712973891717e+01 1.264900000000000000e+05
6.227565424953059869e-01 4.773572382570461059e+01 1.302980000000000000e+05
6.288977757446623240e-01 4.682896767099174440e+01 1.315160000000000000e+05
6.350332706002194127e-01 4.615555792570383176e+01 1.350280000000000000e+05
6.411743038514937654e-01 4.527823890848252830e+01 1.370340000000000000e+05
6.473071136295037720e-01 4.444915097973602514e+01 1.399400000000000000e+05
6.534392957951101755e-01 4.347529176666390072e+01 1.420440000000000000e+05
6.595783755518781488e-01 4.273091888013856021e+01 1.460980000000000000e+05
6.657085753353266799e-01 4.189043840417532749e+01 1.466160000000000000e+05
6.718369711955728407e-01 4.103010831213404686e+01 1.516080000000000000e+05
6.779675665423466890e-01 4.046912874970421115e+01 1.521540000000000000e+05
6.841025602423458363e-01 3.970819909831278238e+01 1.573620000000000000e+05
6.902473351098605825e-01 3.891334443049721870e+01 1.585880000000000000e+05
6.963896182979992799e-01 3.829193853270693637e+01 1.622680000000000000e+05
7.025354447064345864e-01 3.751516179637915371e+01 1.650500000000000000e+05
7.086795257259553837e-01 3.685148026620166206e+01 1.677360000000000000e+05
7.148105300560909647e-01 3.612482760639648660e+01 1.702080000000000000e+05
7.209489185367295994e-01 3.578123813380116047e+01 1.739060000000000000e+05
7.270775917581103753e-01 3.503266479292621227e+01 1.755300000000000000e+05
7.331906622449658739e-01 3.433997442007154888e+01 1.792520000000000000e+05
7.393386679216931157e-01 3.387117704142339392e+01 1.830680000000000000e+05
7.454822748005143218e-01 3.332872979653954104e+01 1.854820000000000000e+05
7.516118807450163919e-01 3.293964726405252463e+01 1.880620000000000000e+05
7.577553313207755492e-01 3.220752136531280740e+01 1.926420000000000000e+05
7.639042897236033580e-01 3.159645937971740537e+01 1.947140000000000000e+05
7.700556058884338029e-01 3.103348103787273971e+01 1.988180000000000000e+05
7.761646078124272430e-01 3.064059016053482054e+01 1.985880000000000000e+05
7.822760392858680856e-01 3.028434382354891952e+01 2.049720000000000000e+05
7.884165269731352454e-01 2.978109499314412290e+01 2.070900000000000000e+05
7.945591276009631443e-01 2.910625636258077975e+01 2.116040000000000000e+05
8.007019309919388705e-01 2.868096299669660354e+01 2.135000000000000000e+05
8.068322471611056868e-01 2.826074503781833158e+01 2.174580000000000000e+05
8.129795759107908415e-01 2.788713993106222233e+01 2.211220000000000000e+05
8.191384193203445907e-01 2.747598194716215758e+01 2.251740000000000000e+05
8.252636533623828319e-01 2.704818610739103946e+01 2.254580000000000000e+05
8.313801266770000087e-01 2.653406862012551670e+01 2.307780000000000000e+05
8.375206517277707929e-01 2.615346648493505199e+01 2.346620000000000000e+05
8.436596178727920892e-01 2.578298141051731207e+01 2.370900000000000000e+05
8.497926552975230141e-01 2.532376714992448541e+01 2.414900000000000000e+05
8.559261024612236923e-01 2.491639505341565908e+01 2.436700000000000000e+05
8.620635216668264267e-01 2.467659054388479589e+01 2.489620000000000000e+05
8.681991121454618598e-01 2.433393593090430329e+01 2.509540000000000000e+05
8.743258064632770665e-01 2.389410484040976712e+01 2.546820000000000000e+05
8.804649962982444844e-01 2.360429716281814194e+01 2.597660000000000000e+05
8.866060715851544760e-01 2.316011108552131859e+01 2.614900000000000000e+05
8.927497452568226022e-01 2.285380349759837415e+01 2.677620000000000000e+05
8.989002179133253057e-01 2.253430016766492727e+01 2.692540000000000000e+05
9.050334286265421246e-01 2.215186005762132737e+01 2.734020000000000000e+05
9.111662727418216035e-01 2.196286661260346307e+01 2.769780000000000000e+05
9.173141852908638372e-01 2.166270584368180252e+01 2.819300000000000000e+05
9.234386234055659282e-01 2.123966389310475478e+01 2.827260000000000000e+05
9.295586914769259357e-01 2.101935693243595438e+01 2.886340000000000000e+05
9.356866131768992734e-01 2.069185079332944710e+01 2.911940000000000000e+05
9.418341995598693561e-01 2.043931288564527549e+01 2.983160000000000000e+05
9.479856668247271800e-01 2.010493428669717986e+01 2.991160000000000000e+05
9.541104538204613350e-01 1.988313464847191980e+01 3.037460000000000000e+05
9.602408593380125090e-01 1.960474084401393213e+01 3.071300000000000000e+05
9.663673603621276698e-01 1.939333147997314200e+01 3.114540000000000000e+05
9.725109363121978712e-01 1.908525105572102021e+01 3.167940000000000000e+05
9.786539223807257937e-01 1.883745132206019335e+01 3.191300000000000000e+05
9.847742802912333726e-01 1.852588363246941938e+01 3.227560000000000000e+05
9.909163226000885505e-01 1.835017600638554214e+01 3.289800000000000000e+05
9.970641613013051519e-01 1.807377586325036134e+01 3.321680000000000000e+05
1.003199363263552968e+00 1.778693943129402655e+01 3.354620000000000000e+05
1.009337884460522083e+00 1.757772401979097765e+01 3.405560000000000000e+05
1.015478646350256975e+00 1.735819051804536173e+01 3.444740000000000000e+05
1.021609453879374962e+00 1.715155857267196993e+01 3.471860000000000000e+05
1.027737761654253790e+00 1.695154627507334766e+01 3.532380000000000000e+05
1.033868183565701315e+00 1.676332647243402718e+01 3.551620000000000000e+05
1.040006632801374398e+00 1.653272348589447205e+01 3.627840000000000000e+05
1.046156808389768100e+00 1.633808060198347079e+01 3.655020000000000000e+05
1.052295850575665437e+00 1.609258704404887652e+01 3.694900000000000000e+05
1.058425977651756611e+00 1.587081142370192666e+01 3.736360000000000000e+05
1.064562605041261323e+00 1.566338307620126002e+01 3.781540000000000000e+05
1.070698774491387617e+00 1.541602614193522847e+01 3.831980000000000000e+05
1.076840726399151738e+00 1.526883781659733330e+01 3.872260000000000000e+05
1.082972309238944275e+00 1.505894442111463327e+01 3.904320000000000000e+05
1.089087945679088287e+00 1.487180842669573799e+01 3.945740000000000000e+05
1.095217492047269259e+00 1.473132337670418401e+01 4.005240000000000000e+05
1.101360503814608816e+00 1.454121568333465042e+01 4.060180000000000000e+05
1.107509538678442151e+00 1.439653619450225008e+01 4.097500000000000000e+05
1.113637274621421813e+00 1.422740041813375989e+01 4.124740000000000000e+05
1.119766029293861820e+00 1.406215237379172578e+01 4.191220000000000000e+05
1.125921199838792353e+00 1.381128283813410285e+01 4.249840000000000000e+05
1.132060593734519616e+00 1.368147754575266539e+01 4.265520000000000000e+05
1.138193835500512563e+00 1.349558206933177473e+01 4.331060000000000000e+05
1.144331290643838761e+00 1.333382879649388464e+01 4.364900000000000000e+05
1.150477416657047947e+00 1.315107850499450848e+01 4.441020000000000000e+05
1.156613064375511923e+00 1.305528297953204309e+01 4.438580000000000000e+05
1.162735018537596643e+00 1.287538649173779426e+01 4.520580000000000000e+05
1.168863107201693285e+00 1.274793664742236032e+01 4.539040000000000000e+05
1.175003119642887395e+00 1.257749726995686856e+01 4.635820000000000000e+05
1.181141063188670737e+00 1.244654675368977514e+01 4.632040000000000000e+05
1.187270909488056914e+00 1.223793637856110195e+01 4.718580000000000000e+05
1.193410238621095854e+00 1.212355907948976963e+01 4.748060000000000000e+05
1.199554515593299175e+00 1.200460087434397316e+01 4.816500000000000000e+05
1.205699244952225024e+00 1.189385941490137277e+01 4.857140000000000000e+05
1.211823614414484052e+00 1.167789878577289286e+01 4.876640000000000000e+05
1.217948190684038368e+00 1.164357286521796020e+01 4.956720000000000000e+05
1.224088465910863066e+00 1.149147359115494815e+01 5.003700000000000000e+05
1.230226458808759915e+00 1.132683022051135069e+01 5.050500000000000000e+05
1.236361550594031522e+00 1.120300363320813730e+01 5.106220000000000000e+05
1.242496792651986093e+00 1.110077883788243902e+01 5.141780000000000000e+05
1.248637470443478836e+00 1.099719346938817210e+01 5.225060000000000000e+05
1.254772466883479876e+00 1.083437367942793905e+01 5.232700000000000000e+05
1.260914491442226115e+00 1.072463699785230240e+01 5.339440000000000000e+05
1.267057912247927520e+00 1.057935784560784498e+01 5.340280000000000000e+05
1.273186365191749214e+00 1.051224070899660212e+01 5.411300000000000000e+05
1.279317993167675471e+00 1.038116528962902407e+01 5.458780000000000000e+05
1.285454867222016517e+00 1.027124284255290121e+01 5.518420000000000000e+05
1.291590440177868837e+00 1.017946448745191468e+01 5.564660000000000000e+05
1.297722286883003173e+00 1.001242540895632338e+01 5.615640000000000000e+05
1.303853449480362636e+00 9.942275841302270933e+00 5.671560000000000000e+05
1.310000794114592582e+00 9.802444577374190615e+00 5.754260000000000000e+05
1.316143719180109750e+00 9.704790944176897582e+00 5.765060000000000000e+05
1.322267763843804511e+00 9.619976786373316102e+00 5.830460000000000000e+05
1.328401901823275777e+00 9.523470334634192014e+00 5.894500000000000000e+05
1.334537614144214679e+00 9.382131540959713689e+00 5.935600000000000000e+05
1.340678552423816727e+00 9.329828507642757174e+00 6.020300000000000000e+05
1.346815149096061148e+00 9.209905359265309954e+00 6.033000000000000000e+05
1.352940200955950356e+00 9.099801113546217124e+00 6.110420000000000000e+05
1.359082410299650379e+00 8.988790152401914924e+00 6.176620000000000000e+05
1.365220173749337018e+00 8.910915535644718943e+00 6.211540000000000000e+05
1.371355627496639196e+00 8.839975488342139087e+00 6.289540000000000000e+05
1.377497312851453160e+00 8.707178505844691330e+00 6.326800000000000000e+05
1.383633079758801232e+00 8.624386917559242249e+00 6.401020000000000000e+05
1.389766479619330530e+00 8.543103910572716231e+00 6.427140000000000000e+05
1.395898899779254521e+00 8.454420166481039445e+00 6.517560000000000000e+05
1.402038197914537321e+00 8.379417178809983824e+00 6.554220000000000000e+05
1.408181749899602986e+00 8.257520214684952009e+00 6.638420000000000000e+05
1.414313666006327352e+00 8.198483168671195642e+00 6.653300000000000000e+05
1.420444380108462745e+00 8.118752009954608440e+00 6.742080000000000000e+05
1.426582768631972087e+00 8.035517299890654996e+00 6.793420000000000000e+05
1.432726168338077644e+00 7.931190757984947659e+00 6.863560000000000000e+05
1.438861657952483553e+00 7.855337795864348216e+00 6.898180000000000000e+05
1.444991779317132963e+00 7.797734566763181441e+00 6.971500000000000000e+05
1.451129573505090198e+00 7.697848346874981651e+00 7.025380000000000000e+05
1.457259699941714226e+00 7.609791283501095016e+00 7.080580000000000000e+05
1.463381498859491758e+00 7.541579127995934329e+00 7.122620000000000000e+05
1.469517533590522174e+00 7.473349551444498751e+00 7.233120000000000000e+05
1.475660550406120208e+00 7.383229264574913131e+00 7.258600000000000000e+05
1.481800492405727532e+00 7.322460754776005665e+00 7.345140000000000000e+05
1.487943725053375577e+00 7.252568567567530877e+00 7.394460000000000000e+05
1.494084839802395370e+00 7.151139625962781743e+00 7.457380000000000000e+05
1.500230994160872244e+00 7.102453995529139696e+00 7.530420000000000000e+05
1.506363835328208056e+00 7.033955717813975106e+00 7.548300000000000000e+05
1.512486114839888929e+00 6.966701184213738962e+00 7.625200000000000000e+05
1.518627690030334820e+00 6.897205094439480710e+00 7.725880000000000000e+05
1.524765346634578744e+00 6.808092724152990272e+00 7.732740000000000000e+05
1.530890949051883609e+00 6.769188093045392485e+00 7.823660000000000000e+05
1.537028126588163568e+00 6.693564201805677349e+00 7.888500000000000000e+05
1.543169805434377873e+00 6.614818991990242480e+00 7.957300000000000000e+05
1.549306732909000672e+00 6.537209553093249248e+00 8.008600000000000000e+05
1.555434294201658130e+00 6.479320596908874741e+00 8.052260000000000000e+05
1.561571446339652391e+00 6.412379344561712990e+00 8.169480000000000000e+05
1.567719175442112256e+00 6.355847687185876005e+00 8.200340000000000000e+05
1.573850578540632927e+00 6.291198413371866138e+00 8.261820000000000000e+05
1.579981624465093271e+00 6.238928822555195097e+00 8.325060000000000000e+05
1.586117152796983731e+00 6.175446029828167482e+00 8.397940000000000000e+05
1.592251667404352977e+00 6.122829039902962123e+00 8.461800000000000000e+05
1.598391082936378327e+00 6.049180660499748896e+00 8.533380000000000000e+05
1.604524888897814305e+00 5.997159595919290709e+00 8.586520000000000000e+05
1.610653935392362124e+00 5.939787104217193914e+00 8.640460000000000000e+05
1.616791313571987354e+00 5.863788803471881472e+00 8.749700000000000000e+05
1.622930516872028717e+00 5.812247052795012969e+00 8.776260000000000000e+05
1.629072756710933767e+00 5.775307493170277695e+00 8.888580000000000000e+05
1.635206712107782234e+00 5.711778256605709814e+00 8.891340000000000000e+05
1.641332450557534406e+00 5.647784962645215678e+00 8.991780000000000000e+05
1.647476526455434964e+00 5.616163162096625250e+00 9.086500000000000000e+05
1.653624971246317354e+00 5.552932061326759872e+00 9.136860000000000000e+05
1.659749460045753189e+00 5.489713886972894308e+00 9.147060000000000000e+05
1.665882609668988712e+00 5.448883968117257837e+00 9.304340000000000000e+05
1.672026070498636940e+00 5.394535330848536425e+00 9.311140000000000000e+05
1.678163046888720755e+00 5.336943022992843844e+00 9.425020000000000000e+05
1.684298829118553664e+00 5.285944063549040450e+00 9.442660000000000000e+05
1.690427668814839635e+00 5.244415795247659773e+00 9.537940000000000000e+05
1.696570856301545804e+00 5.184296392873782189e+00 9.635180000000000000e+05
1.702705323372739166e+00 5.144279399185123225e+00 9.639300000000000000e+05
1.708835458549901487e+00 5.109957918284868228e+00 9.769060000000000000e+05
1.714975225249185220e+00 5.036731497650075440e+00 9.806300000000000000e+05
1.721108179093111534e+00 4.993864097569902682e+00 9.884240000000000000e+05
1.727243809866963575e+00 4.952068258461916450e+00 9.964520000000000000e+05
1.733378764674750938e+00 4.899375199840909190e+00 1.001330000000000000e+06
1.739517383820835983e+00 4.849753606389181293e+00 1.012798000000000000e+06
1.745654122929962249e+00 4.800690661737375464e+00 1.014106000000000000e+06
1.751791416343087882e+00 4.760113468538573755e+00 1.028098000000000000e+06
1.757926485810765493e+00 4.718356548956115226e+00 1.027550000000000000e+06
1.764058071799011307e+00 4.672095544513655163e+00 1.040514000000000000e+06
1.770189729323980998e+00 4.631695849763084460e+00 1.043090000000000000e+06
1.776325559465732340e+00 4.586320926928994623e+00 1.055434000000000000e+06
1.782465932766922556e+00 4.545502631921261916e+00 1.060254000000000000e+06
1.788601524197432235e+00 4.513607101847198599e+00 1.067634000000000000e+06
1.794738604867500475e+00 4.467494109349094522e+00 1.075338000000000000e+06
1.800883099103459672e+00 4.426214533048488775e+00 1.085598000000000000e+06
1.807019934883168588e+00 4.392413486038431181e+00 1.087216000000000000e+06
1.813151561985820504e+00 4.348128798344676582e+00 1.098236000000000000e+06
1.819285967717886310e+00 4.307327904250478845e+00 1.102954000000000000e+06
1.825420496494855049e+00 4.267615938826144095e+00 1.113718000000000000e+06
1.831562044563034508e+00 4.224320690426167424e+00 1.120514000000000000e+06
1.837698068657018347e+00 4.184576168556823461e+00 1.125890000000000000e+06
1.843828620762528958e+00 4.143976509968525512e+00 1.134052000000000000e+06
1.849956619567177496e+00 4.119049139164199680e+00 1.140116000000000000e+06
1.856099484251994225e+00 4.064839747751229915e+00 1.154826000000000000e+06
1.862242457888296343e+00 4.041693884807762593e+00 1.155078000000000000e+06
1.868367962353731038e+00 4.003626220945159631e+00 1.163314000000000000e+06
1.874504240172072622e+00 3.973139205703390520e+00 1.175290000000000000e+06
1.880642007427152373e+00 3.922021880329085164e+00 1.178290000000000000e+06
1.886782336020498052e+00 3.889658449435623222e+00 1.192380000000000000e+06
1.892914585516437986e+00 3.852787408286949322e+00 1.190202000000000000e+06
1.899042765606501204e+00 3.827174566267000255e+00 1.206244000000000000e+06
1.905183085066037618e+00 3.785131856496366076e+00 1.211190000000000000e+06
1.911324222205221357e+00 3.750249813703828483e+00 1.221130000000000000e+06
1.917461111844493526e+00 3.721698885600461360e+00 1.226234000000000000e+06
1.923595210349106743e+00 3.684572038076448397e+00 1.234778000000000000e+06
1.929735848089336070e+00 3.643431602753013809e+00 1.245350000000000000e+06
1.935877267586955330e+00 3.625358694059183762e+00 1.250602000000000000e+06
1.942009963668424488e+00 3.581840225848183401e+00 1.257602000000000000e+06
1.948142965082060751e+00 3.548623106112363867e+00 1.267158000000000000e+06
1.954279252938452727e+00 3.517141517869981637e+00 1.273850000000000000e+06
1.960410884287222322e+00 3.485649286021724524e+00 1.282434000000000000e+06
1.966542013919925891e+00 3.458466830895188693e+00 1.288902000000000000e+06
1.972675597984424600e+00 3.428543953809431333e+00 1.299696000000000000e+06
1.978820074307326982e+00 3.400640208351498828e+00 1.309644000000000000e+06
1.984962060325404565e+00 3.366960620886100930e+00 1.315034000000000000e+06
1.991088519666428525e+00 3.331794416901508793e+00 1.319526000000000000e+06
1.997221658539706457e+00 3.302507968292750284e+00 1.333544000000000000e+06
2.003364951808915162e+00 3.282585039403521421e+00 1.340506000000000000e+06
2.009503468739715526e+00 3.250895219011325388e+00 1.348350000000000000e+06
2.015639169983700185e+00 3.218790198508960199e+00 1.355332000000000000e+06
2.021777826909511688e+00 3.193547597655556292e+00 1.366354000000000000e+06
2.027920344587200940e+00 3.161075073177255668e+00 1.373130000000000000e+06
2.034048927939124063e+00 3.131934161386876525e+00 1.377382000000000000e+06
2.040171866290584113e+00 3.106285401129639911e+00 1.387258000000000000e+06
2.046313874271335376e+00 3.077378882645556146e+00 1.401802000000000000e+06
2.052448517325268007e+00 3.051556264776723371e+00 1.401614000000000000e+06
2.058580698669291831e+00 3.025038827996794133e+00 1.416858000000000000e+06
2.064718757447014941e+00 2.999890957981194539e+00 1.422138000000000000e+06
2.070852524234804815e+00 2.971327866935530970e+00 1.430634000000000000e+06
2.076990486458365925e+00 2.948531263216516596e+00 1.441214000000000000e+06
2.083128720234920017e+00 2.915136683805685802e+00 1.448752000000000000e+06
2.089269859683697828e+00 2.891854516520469431e+00 1.458412000000000000e+06
2.095408768674568822e+00 2.865782115764233584e+00 1.466044000000000000e+06
2.101538222075882256e+00 2.841431143771915746e+00 1.469892000000000000e+06
2.107676211136748190e+00 2.820836644390814385e+00 1.488256000000000000e+06
2.113815672236325938e+00 2.792414391606218071e+00 1.487680000000000000e+06
2.119953804781640638e+00 2.763691821973993878e+00 1.504322000000000000e+06
2.126089130118720583e+00 2.743153849910908271e+00 1.504690000000000000e+06
2.132215609835382608e+00 2.722050997814061457e+00 1.516170000000000000e+06
2.138350625473082189e+00 2.693858764537343742e+00 1.527750000000000000e+06
2.144493514828501368e+00 2.670856715537632375e+00 1.536538000000000000e+06
2.150631190063275522e+00 2.647239163872119327e+00 1.542986000000000000e+06
2.156762165252020136e+00 2.620824644567341988e+00 1.550950000000000000e+06
2.162896664448224815e+00 2.605959251136552801e+00 1.562120000000000000e+06
2.169037349367366030e+00 2.578870272207754777e+00 1.572370000000000000e+06
2.175170078658939854e+00 2.561928563334331166e+00 1.575386000000000000e+06
2.181306916133408880e+00 2.532410813064198241e+00 1.592318000000000000e+06
2.187445281223796112e+00 2.511472486887793565e+00 1.594284000000000000e+06
2.193578869952625521e+00 2.491841835618898937e+00 1.607394000000000000e+06
2.199713500802712662e+00 2.471601841973738889e+00 1.613430000000000000e+06
2.205843315404407701e+00 2.450179114917567791e+00 1.621986000000000000e+06
2.211981653840972672e+00 2.428213626197297970e+00 1.636466000000000000e+06
2.218115749455018548e+00 2.404868587804315894e+00 1.638262000000000000e+06
2.224253394449617005e+00 2.382860050477816571e+00 1.655554000000000000e+06
2.230394475034700452e+00 2.362619802316804130e+00 1.659354000000000000e+06
2.236527486724025682e+00 2.347094959998567099e+00 1.668346000000000000e+06
2.242668115027510733e+00 2.325729965463417148e+00 1.683278000000000000e+06
2.248802178656232442e+00 2.309433237995445864e+00 1.681944000000000000e+06
2.254934371799744763e+00 2.282658768138195349e+00 1.701178000000000000e+06
2.261073606041869244e+00 2.264245711247692583e+00 1.704294000000000000e+06
2.267215275432380661e+00 2.246099078460708665e+00 1.720484000000000000e+06
2.273352959253353234e+00 2.230121541770036853e+00 1.721954000000000000e+06
2.279480162911264873e+00 2.209303947611517938e+00 1.731642000000000000e+06
2.285613562787311537e+00 2.187041397134444676e+00 1.745270000000000000e+06
2.291755320230514759e+00 2.168983126255153771e+00 1.754618000000000000e+06
2.297895760600043857e+00 2.154200601814557192e+00 1.763210000000000000e+06
2.304031358756954972e+00 2.126176545322587152e+00 1.771374000000000000e+06
2.310161424867521962e+00 2.114238301379374185e+00 1.777658000000000000e+06
2.316297978757182019e+00 2.093523548465241024e+00 1.795410000000000000e+06
2.322436317381534554e+00 2.077363218462884298e+00 1.796694000000000000e+06
2.328569333475320136e+00 2.064876444699493163e+00 1.811810000000000000e+06
2.334705947664326597e+00 2.043456957095995730e+00 1.818024000000000000e+06
2.340836381319525650e+00 2.022842257111161945e+00 1.826074000000000000e+06
2.346969592145329297e+00 2.009155335500972583e+00 1.840326000000000000e+06
2.353111353042913745e+00 1.991124668398617237e+00 1.849818000000000000e+06
2.359250472361396955e+00 1.974992120749684998e+00 1.857988000000000000e+06
2.365392372652085129e+00 1.956583529743272321e+00 1.870950000000000000e+06
2.371526317157957475e+00 1.943391302184899638e+00 1.872210000000000000e+06
2.377656093482844124e+00 1.926853821918372622e+00 1.888706000000000000e+06
2.383791837043190753e+00 1.910002939467083216e+00 1.894242000000000000e+06
2.389932547086535575e+00 1.893039538122292420e+00 1.911622000000000000e+06
2.396067071658701586e+00 1.875260241483860613e+00 1.910826000000000000e+06
2.402200402384513378e+00 1.861285083318020561e+00 1.929258000000000000e+06
2.408341193848630102e+00 1.845345050261052222e+00 1.936430000000000000e+06
2.414476934265398445e+00 1.828231166833115484e+00 1.944146000000000000e+06
2.420605355418538274e+00 1.813336764338070450e+00 1.953240000000000000e+06
2.426740659922558940e+00 1.801098557074712669e+00 1.967690000000000000e+06
2.432881039345170304e+00 1.784278585939278461e+00 1.976144000000000000e+06
2.439012602858177559e+00 1.768377380519024600e+00 1.982370000000000000e+06
2.445150210392110335e+00 1.756214197154594592e+00 1.999088000000000000e+06
2.451288854292454022e+00 1.738833352353439610e+00 2.004904000000000000e+06
2.457424250758790674e+00 1.727108525495796076e+00 2.015074000000000000e+06
2.463564817045048372e+00 1.713282089577641276e+00 2.029642000000000000e+06
2.469700047730502224e+00 1.696116554791611053e+00 2.031414000000000000e+06
2.475832780499056085e+00 1.684163118918740709e+00 2.048226000000000000e+06
2.481970511063669171e+00 1.668700426852168128e+00 2.055170000000000000e+06
2.488108687706466426e+00 1.654858260485366550e+00 2.068266000000000000e+06
2.494239285613428336e+00 1.642281698984817684e+00 2.071406000000000000e+06
2.500368357182769952e+00 1.628019857893523659e+00 2.086658000000000000e+06
2.506512664393816259e+00 1.615525650217594089e+00 2.103000000000000000e+06
2.512652740121724015e+00 1.600496335393775338e+00 2.104120000000000000e+06
2.518783353036091910e+00 1.590739346406162324e+00 2.116722000000000000e+06
2.524922642355731828e+00 1.575574444260283480e+00 2.131224000000000000e+06
2.531060673812723483e+00 1.562483678832425671e+00 2.136036000000000000e+06
2.537192347566814998e+00 1.549278671001216079e+00 2.148102000000000000e+06
2.543321096198151388e+00 1.534908076189559933e+00 2.154818000000000000e+06
2.549460494225066487e+00 1.524337798070649175e+00 2.175186000000000000e+06
2.555599099877817082e+00 1.511993522498306097e+00 2.176766000000000000e+06
2.561727104143974643e+00 1.497689202356046412e+00 2.187562000000000000e+06
2.567864194824001967e+00 1.489386567275976514e+00 2.204802000000000000e+06
2.574002942759865409e+00 1.474790662206776792e+00 2.209126000000000000e+06
2.580138358004716359e+00 1.461891778198427083e+00 2.223546000000000000e+06
2.586274078433772772e+00 1.452787671507515865e+00 2.231962000000000000e+06
2.592414558086459930e+00 1.439105634693832014e+00 2.245920000000000000e+06
2.598554258700748854e+00 1.428653987346979015e+00 2.254302000000000000e+06
2.604687212253104622e+00 1.417453186782144048e+00 2.261250000000000000e+06
2.610825522257030684e+00 1.407528162436072039e+00 2.280740000000000000e+06
2.616966808842488668e+00 1.392866684868914406e+00 2.284350000000000000e+06
2.623104270467115473e+00 1.382448470856445732e+00 2.298202000000000000e+06
2.629237483160341338e+00 1.373737749990262103e+00 2.304698000000000000e+06
2.635369657694711876e+00 1.362316382425569516e+00 2.317338000000000000e+06
2.641499727968988687e+00 1.346640870655910982e+00 2.325798000000000000e+06
2.647632768226896527e+00 1.338466501024510702e+00 2.339938000000000000e+06
2.653770534295234018e+00 1.328011574198212363e+00 2.351874000000000000e+06
2.659909164671664605e+00 1.316927921604383211e+00 2.362846000000000000e+06
2.666054374117809100e+00 1.309957880564676103e+00 2.377538000000000000e+06
2.672186673284417946e+00 1.297461246186186967e+00 2.375848000000000000e+06
2.678312528652142088e+00 1.289089439483577015e+00 2.393516000000000000e+06
2.684453749728012095e+00 1.277588304230834249e+00 2.410428000000000000e+06
2.690591377737787671e+00 1.265115615729431209e+00 2.412546000000000000e+06
2.696726952642713560e+00 1.256958702065027911e+00 2.430260000000000000e+06
2.702866110225143448e+00 1.247155751210825336e+00 2.438550000000000000e+06
2.709002338288592604e+00 1.237229808652891450e+00 2.449114000000000000e+06
2.715135780543764810e+00 1.229387255128325362e+00 2.459034000000000000e+06
2.721267436131594497e+00 1.217697086847261190e+00 2.470150000000000000e+06
2.727401015142188356e+00 1.209082348783022010e+00 2.481514000000000000e+06
2.733539335677399595e+00 1.201839837634122832e+00 2.498234000000000000e+06
2.739679502125022204e+00 1.191456310037980471e+00 2.503746000000000000e+06
2.745817155774809226e+00 1.181287143438575216e+00 2.520166000000000000e+06
2.751943099353292954e+00 1.173832321057805217e+00 2.515546000000000000e+06
2.758076357730228523e+00 1.164566216252660213e+00 2.548256000000000000e+06
2.764223098794695410e+00 1.156339199447465216e+00 2.551110000000000000e+06
2.770360964805264725e+00 1.146354600232915466e+00 2.561602000000000000e+06
2.776495678064977657e+00 1.137859888158556210e+00 2.573090000000000000e+06
2.782632841907622723e+00 1.127601504215656858e+00 2.584266000000000000e+06
2.788767970688140085e+00 1.119006976835411393e+00 2.595808000000000000e+06
2.794901511144343154e+00 1.112707822401845625e+00 2.605834000000000000e+06
2.801038782212097455e+00 1.104322574218019160e+00 2.620114000000000000e+06
2.807176319890059446e+00 1.094960501108136919e+00 2.631062000000000000e+06
2.813311830642204470e+00 1.087512890679157573e+00 2.639842000000000000e+06
2.819446930747391278e+00 1.079059236226357577e+00 2.655378000000000000e+06
2.825580897323283214e+00 1.073441155084179588e+00 2.660326000000000000e+06
2.831713271913113505e+00 1.065192243047802911e+00 2.677426000000000000e+06
2.837846345622741850e+00 1.057162741735408806e+00 2.685162000000000000e+06
2.843985590462598800e+00 1.048142784448405918e+00 2.704760000000000000e+06
2.850123436079797568e+00 1.041665706382630230e+00 2.708496000000000000e+06
2.856259466837814287e+00 1.032187661792881572e+00 2.725248000000000000e+06
2.862398885036955942e+00 1.024875716350422961e+00 2.736020000000000000e+06
2.868533615008694415e+00 1.018582051097556951e+00 2.744030000000000000e+06
2.874669347604553948e+00 1.010149795380447912e+00 2.760146000000000000e+06
2.880808804211496987e+00 1.003084786015707497e+00 2.771578000000000000e+06
2.886941815293988078e+00 9.959458787894817089e-01 2.777034000000000000e+06
2.893077102347914487e+00 9.901659707646258690e-01 2.798278000000000000e+06
2.899215689977627353e+00 9.825858334100074920e-01 2.803594000000000000e+06
2.905349614149792981e+00 9.752164995534365888e-01 2.816642000000000000e+06
2.911484395663807234e+00 9.689634304832435152e-01 2.829646000000000000e+06
2.917623870298519329e+00 9.625642732450893080e-01 2.843514000000000000e+06
2.923759010894857902e+00 9.566029792584169744e-01 2.851082000000000000e+06
2.929889100592979911e+00 9.489193015423812438e-01 2.861654000000000000e+06
2.936021938209480986e+00 9.421100527796288926e-01 2.877178000000000000e+06
2.942158275655325728e+00 9.358076746183034977e-01 2.890432000000000000e+06
2.948295394311441608e+00 9.296579739105700346e-01 2.900266000000000000e+06
2.954432425033341580e+00 9.227486461531800854e-01 2.916768000000000000e+06
2.960571128117052808e+00 9.161966020142088274e-01 2.923330000000000000e+06
2.966709357851962103e+00 9.114154848606522696e-01 2.942818000000000000e+06
2.972847381510149045e+00 9.053141256602721398e-01 2.947038000000000000e+06
2.978981248413536953e+00 9.002949524653612867e-01 2.962122000000000000e+06
2.985113362632154654e+00 8.918274129606700296e-01 2.970874000000000000e+06
2.991250826136111485e+00 8.861587921025897430e-01 2.990330000000000000e+06
2.997387592483181873e+00 8.802578234541065250e-01 2.996886000000000000e+06
3.003528386879907863e+00 8.752933336870157843e-01 3.017202000000000000e+06
3.009664205426715089e+00 8.689690311124129707e-01 3.016754000000000000e+06
3.015796465997510722e+00 8.632064144504196790e-01 3.039078000000000000e+06
3.021932414202445294e+00 8.596698159548944451e-01 3.044178000000000000e+06
3.028070738935859207e+00 8.524153845633384297e-01 3.067032000000000000e+06
3.034208569138587386e+00 8.468523330836283947e-01 3.067826000000000000e+06
3.040342223476008243e+00 8.415586684310848442e-01 3.088064000000000000e+06
3.046476421080876129e+00 8.370231732854632734e-01 3.093602000000000000e+06
3.052612959636699319e+00 8.311605622720192876e-01 3.114690000000000000e+06
3.058750231468988279e+00 8.261021964379304805e-01 3.119758000000000000e+06
3.064882704630693233e+00 8.211271058655774668e-01 3.134506000000000000e+06
3.071021226748086086e+00 8.164531160680796873e-01 3.151738000000000000e+06
3.077154342678021681e+00 8.111690851226595056e-01 3.153718000000000000e+06
3.083285412300488915e+00 8.064914626456459734e-01 3.174282000000000000e+06
3.089423337311991702e+00 8.010481087667056244e-01 3.187258000000000000e+06
3.095558878539140135e+00 7.969015859577097682e-01 3.195346000000000000e+06
3.101698563582312662e+00 7.919273568931278762e-01 3.218684000000000000e+06
3.107834128583444322e+00 7.870166767836116462e-01 3.215772000000000000e+06
3.113967832080322573e+00 7.826380647404752589e-01 3.242200000000000000e+06
3.120108124816106887e+00 7.781092356249194042e-01 3.248392000000000000e+06
3.126246092256358189e+00 7.736675065819386132e-01 3.264266000000000000e+06
3.132375051323107673e+00 7.697844819988097775e-01 3.266914000000000000e+06
3.138511081734877806e+00 7.651714525312118820e-01 3.294282000000000000e+06
