# k, P(k), Nmodes
0.000000000000000000e+00 0.000000000000000000e+00 1.000000000000000000e+00
8.691056022563805813e-03 3.530117137031357743e+03 2.600000000000000000e+01
1.503254434404273886e-02 4.286523052794940668e+03 7.200000000000000000e+01
2.104537904654678673e-02 4.090141059784258232e+03 1.520000000000000000e+02
2.718418752217394846e-02 3.647996800754558080e+03 2.340000000000000000e+02
3.359305548768203725e-02 3.098064402992431951e+03 4.160000000000000000e+02
3.967812110980351720e-02 2.630141072442830591e+03 4.800000000000000000e+02
4.573133090443888549e-02 2.314685119925250092e+03 7.220000000000000000e+02
5.186912300623527233e-02 2.057547657652586622e+03 8.740000000000000000e+02
5.807971256735403043e-02 1.920340836581294525e+03 1.162000000000000000e+03
6.422094742881356844e-02 1.780022132655860105e+03 1.358000000000000000e+03
7.029194303550849454e-02 1.678463564499054883e+03 1.632000000000000000e+03
7.656976085866129544e-02 1.503431247741791367e+03 2.036000000000000000e+03
8.283279975513359317e-02 1.348023622415507589e+03 2.310000000000000000e+03
8.886264192081894109e-02 1.176959673560317697e+03 2.528000000000000000e+03
9.493524398572131262e-02 1.042853719582243230e+03 3.068000000000000000e+03
1.010510809291368245e-01 9.342836595525000121e+02 3.306000000000000000e+03
1.071918355362574127e-01 8.571844747824735578e+02 3.934000000000000000e+03
1.133640700251744293e-01 8.007057898748621483e+02 4.266000000000000000e+03
1.195184611122857843e-01 7.613992711876750263e+02 4.794000000000000000e+03
1.256657517103361710e-01 7.349004915401576454e+02 5.270000000000000000e+03
1.317871926578333408e-01 6.921978278165948950e+02 5.754000000000000000e+03
1.378887696062481294e-01 6.449386923858497767e+02 6.344000000000000000e+03
1.440612672229828750e-01 5.993285581109915938e+02 7.014000000000000000e+03
1.501845201433902877e-01 5.446727226405537294e+02 7.364000000000000000e+03
1.563418093457785985e-01 5.008369002679845607e+02 8.402000000000000000e+03
1.625438955957596576e-01 4.618252280624030846e+02 8.738000000000000000e+03
1.686940235306336466e-01 4.380605507819924469e+02 9.670000000000000000e+03
1.747987378343396903e-01 4.120569571709424395e+02 9.880000000000000000e+03
1.809057159377772395e-01 3.948711630296122621e+02 1.113000000000000000e+04
1.870079494254630881e-01 3.802167509442093660e+02 1.140000000000000000e+04
1.931644028143169878e-01 3.701413355230761226e+02 1.272200000000000000e+04
1.993257601852206906e-01 3.476066047860768435e+02 1.317000000000000000e+04
2.054762598507901550e-01 3.254822390152435787e+02 1.418600000000000000e+04
2.116257382464896697e-01 3.093864555126887694e+02 1.495800000000000000e+04
2.177578654451892970e-01 2.908377473717572457e+02 1.580200000000000000e+04
2.238991135097555263e-01 2.684150043149271028e+02 1.674600000000000000e+04
2.300081978121491233e-01 2.602417209590071252e+02 1.753400000000000000e+04
2.361454707693454169e-01 2.486000498398435354e+02 1.869000000000000000e+04
2.422857100963227428e-01 2.363720959651731448e+02 1.958600000000000000e+04
2.484099584913142256e-01 2.312500945178261702e+02 2.052400000000000000e+04
2.545441957051269855e-01 2.231910427645335346e+02 2.165200000000000000e+04
2.606917133414053955e-01 2.127732129086630266e+02 2.276000000000000000e+04
2.668580198415695381e-01 2.034598620960193216e+02 2.389200000000000000e+04
2.730019564931540632e-01 1.947840162233408989e+02 2.485400000000000000e+04
2.791389873202678173e-01 1.869926720495269876e+02 2.604000000000000000e+04
2.852424996643880273e-01 1.801151019368768686e+02 2.680400000000000000e+04
2.913531997893986092e-01 1.702391592776285449e+02 2.850000000000000000e+04
2.975143171497069416e-01 1.636442485789796422e+02 2.956400000000000000e+04
3.036544665973567314e-01 1.579128896011482084e+02 3.083400000000000000e+04
3.097883787544665757e-01 1.533026579355657475e+02 3.189000000000000000e+04
3.159486680635095190e-01 1.483318836825523874e+02 3.376600000000000000e+04
3.221066234444813769e-01 1.437071035779449915e+02 3.446400000000000000e+04
3.282572612915165555e-01 1.386288151143678817e+02 3.622000000000000000e+04
3.343544383171894174e-01 1.331577614279429724e+02 3.667000000000000000e+04
3.404813620364756654e-01 1.285425833638773270e+02 3.911400000000000000e+04
3.466259536752008263e-01 1.244794583139104844e+02 3.989800000000000000e+04
3.527314914776840671e-01 1.192869099681937968e+02 4.126400000000000000e+04
3.588700951741782830e-01 1.157751968313470741e+02 4.332000000000000000e+04
3.650083489029407047e-01 1.121109436893669624e+02 4.418400000000000000e+04
3.711704037116136945e-01 1.105975024684863115e+02 4.654800000000000000e+04
3.773137312255384068e-01 1.060970186134144200e+02 4.719800000000000000e+04
3.834202365329835160e-01 1.013867502979691864e+02 4.880200000000000000e+04
3.895813105051545988e-01 9.911162727957423613e+01 5.141800000000000000e+04
3.957247046642990429e-01 9.722826524429342498e+01 5.158800000000000000e+04
4.018641006880244171e-01 9.408825412282327250e+01 5.464400000000000000e+04
4.079986652309439688e-01 9.190155469534302313e+01 5.484200000000000000e+04
4.141066506702003602e-01 8.828716952999579348e+01 5.733800000000000000e+04
4.202576909860619159e-01 8.615749367227473954e+01 5.921400000000000000e+04
4.264066946730206698e-01 8.309231365635889688e+01 6.064200000000000000e+04
4.325254831734640648e-01 7.991375608248515050e+01 6.220200000000000000e+04
4.386395650806790836e-01 7.915706046743679281e+01 6.399000000000000000e+04
4.447681454847935978e-01 7.690147558011217654e+01 6.596200000000000000e+04
4.509437495939586094e-01 7.505965810341345446e+01 6.893000000000000000e+04
4.571038061189046653e-01 7.291758157744072832e+01 6.921800000000000000e+04
4.632394462505528554e-01 7.152488656145787616e+01 7.208600000000000000e+04
4.693790757792539181e-01 6.977807993760083605e+01 7.321600000000000000e+04
4.755007986458400504e-01 6.785406643372057545e+01 7.536400000000000000e+04
4.816148015649592273e-01 6.597541481143018416e+01 7.714200000000000000e+04
4.877448110253904678e-01 6.455818400900844267e+01 7.932200000000000000e+04
4.938644425720450370e-01 6.300015033599407133e+01 8.112200000000000000e+04
4.999990772533337013e-01 6.096772856782122574e+01 8.374000000000000000e+04
5.061739783630568867e-01 5.997960424565469140e+01 8.622800000000000000e+04
5.123176238977423802e-01 5.780578998380278932e+01 8.724200000000000000e+04
5.184419198367248294e-01 5.682471118652907194e+01 8.950400000000000000e+04
5.245811071337125320e-01 5.595476218080494846e+01 9.236600000000000000e+04
5.307339722686617023e-01 5.452727828839876878e+01 9.390800000000000000e+04
5.368662932732624071e-01 5.328246690267102537e+01 9.622600000000000000e+04
5.429628466927283181e-01 5.218436698493010084e+01 9.717200000000000000e+04
5.491073400914713298e-01 5.098338018216264089e+01 1.019960000000000000e+05
5.552762609626447077e-01 4.962386738684083554e+01 1.028340000000000000e+05
5.614082796802024600e-01 4.880408142060332466e+01 1.049360000000000000e+05
5.675371533509153688e-01 4.743948981230492734e+01 1.076640000000000000e+05
5.736740022558224350e-01 4.649459564459030503e+01 1.097300000000000000e+05
5.798103603643611770e-01 4.585949667599699353e+01 1.122420000000000000e+05
5.859425366486809006e-01 4.483988602749985830e+01 1.145480000000000000e+05
5.920586774162177601e-01 4.387892989644597463e+01 1.162040000000000000e+05
5.981941542880485629e-01 4.294270600158525042e+01 1.202100000000000000e+05
6.043590774859866066e-01 4.235542093011520848e+01 1.222240000000000000e+05
6.104910230252050818e-01 4.127245508786904082e+01 1.240000000000000000e+05
6.166050503334797872e-01 4.068159994016102132e+01 1.264900000000000000e+05
6.227565424953059869e-01 3.971615299952233613e+01 1.302980000000000000e+05
6.288977757446623240e-01 3.878814900634701246e+01 1.315160000000000000e+05
6.350332706002194127e-01 3.815214629603720908e+01 1.350280000000000000e+05
6.411743038514937654e-01 3.746785679952520098e+01 1.370340000000000000e+05
6.473071136295037720e-01 3.675804103119960331e+01 1.399400000000000000e+05
6.534392957951101755e-01 3.582899374510512303e+01 1.420440000000000000e+05
6.595783755518781488e-01 3.542536909307252557e+01 1.460980000000000000e+05
6.657085753353266799e-01 3.461801228941536124e+01 1.466160000000000000e+05
6.718369711955728407e-01 3.400451086011089075e+01 1.516080000000000000e+05
6.779675665423466890e-01 3.342740022377931552e+01 1.521540000000000000e+05
6.841025602423458363e-01 3.282875676650475327e+01 1.573620000000000000e+05
6.902473351098605825e-01 3.207221940974305596e+01 1.585880000000000000e+05
6.963896182979992799e-01 3.168165625464752111e+01 1.622680000000000000e+05
7.025354447064345864e-01 3.104457654409304723e+01 1.650500000000000000e+05
7.086795257259553837e-01 3.048690300969570899e+01 1.677360000000000000e+05
7.148105300560909647e-01 2.996006827918133197e+01 1.702080000000000000e+05
7.209489185367295994e-01 2.962847462338564952e+01 1.739060000000000000e+05
7.270775917581103753e-01 2.902025334096148868e+01 1.755300000000000000e+05
7.331906622449658739e-01 2.836558789399111546e+01 1.792520000000000000e+05
7.393386679216931157e-01 2.789186650290065472e+01 1.830680000000000000e+05
7.454822748005143218e-01 2.756835198179950197e+01 1.854820000000000000e+05
7.516118807450163919e-01 2.722996418908275373e+01 1.880620000000000000e+05
7.577553313207755492e-01 2.669019421814270743e+01 1.926420000000000000e+05
7.639042897236033580e-01 2.612112437199141013e+01 1.947140000000000000e+05
7.700556058884338029e-01 2.577624779663857169e+01 1.988180000000000000e+05
7.761646078124272430e-01 2.537765386984759530e+01 1.985880000000000000e+05
7.822760392858680856e-01 2.512446849706152108e+01 2.049720000000000000e+05
7.884165269731352454e-01 2.460630329642591363e+01 2.070900000000000000e+05
7.945591276009631443e-01 2.406235472397091968e+01 2.116040000000000000e+05
8.007019309919388705e-01 2.388775965057083539e+01 2.135000000000000000e+05
8.068322471611056868e-01 2.335667766818157887e+01 2.174580000000000000e+05
8.129795759107908415e-01 2.305710301655983230e+01 2.211220000000000000e+05
8.191384193203445907e-01 2.269008021528540198e+01 2.251740000000000000e+05
8.252636533623828319e-01 2.240006827813558132e+01 2.254580000000000000e+05
8.313801266770000087e-01 2.199151162880870558e+01 2.307780000000000000e+05
8.375206517277707929e-01 2.169859582951302812e+01 2.346620000000000000e+05
8.436596178727920892e-01 2.131189204702430473e+01 2.370900000000000000e+05
8.497926552975230141e-01 2.099833707101694458e+01 2.414900000000000000e+05
8.559261024612236923e-01 2.062515243905814799e+01 2.436700000000000000e+05
8.620635216668264267e-01 2.040421638247044100e+01 2.489620000000000000e+05
8.681991121454618598e-01 2.014365588989079825e+01 2.509540000000000000e+05
8.743258064632770665e-01 1.977617911449619115e+01 2.546820000000000000e+05
8.804649962982444844e-01 1.956301786763418349e+01 2.597660000000000000e+05
8.866060715851544760e-01 1.919099358925616272e+01 2.614900000000000000e+05
8.927497452568226022e-01 1.895483571143825330e+01 2.677620000000000000e+05
8.989002179133253057e-01 1.869719105389938463e+01 2.692540000000000000e+05
9.050334286265421246e-01 1.837699125190327010e+01 2.734020000000000000e+05
9.111662727418216035e-01 1.820227841114421352e+01 2.769780000000000000e+05
9.173141852908638372e-01 1.791649754810447348e+01 2.819300000000000000e+05
9.234386234055659282e-01 1.759545524133383410e+01 2.827260000000000000e+05
9.295586914769259357e-01 1.739172252429213827e+01 2.886340000000000000e+05
9.356866131768992734e-01 1.715357182346875575e+01 2.911940000000000000e+05
9.418341995598693561e-01 1.699757056832373792e+01 2.983160000000000000e+05
9.479856668247271800e-01 1.667314465551571701e+01 2.991160000000000000e+05
9.541104538204613350e-01 1.642507917200486389e+01 3.037460000000000000e+05
9.602408593380125090e-01 1.619253893867541905e+01 3.071300000000000000e+05
9.663673603621276698e-01 1.606025274796314051e+01 3.114540000000000000e+05
9.725109363121978712e-01 1.577115876027101926e+01 3.167940000000000000e+05
9.786539223807257937e-01 1.561295057278462295e+01 3.191300000000000000e+05
9.847742802912333726e-01 1.538196688856055516e+01 3.227560000000000000e+05
9.909163226000885505e-01 1.523558031542190783e+01 3.289800000000000000e+05
9.970641613013051519e-01 1.497055838546059725e+01 3.321680000000000000e+05
1.003199363263552968e+00 1.474884046369331969e+01 3.354620000000000000e+05
1.009337884460522083e+00 1.458862903798735289e+01 3.405560000000000000e+05
1.015478646350256975e+00 1.431471673169332881e+01 3.444740000000000000e+05
1.021609453879374962e+00 1.417040939505706021e+01 3.471860000000000000e+05
1.027737761654253790e+00 1.399156759323215127e+01 3.532380000000000000e+05
1.033868183565701315e+00 1.388142778322005633e+01 3.551620000000000000e+05
1.040006632801374398e+00 1.367698762326297235e+01 3.627840000000000000e+05
1.046156808389768100e+00 1.348461504023481439e+01 3.655020000000000000e+05
1.052295850575665437e+00 1.335080069207236342e+01 3.694900000000000000e+05
1.058425977651756611e+00 1.312954653173880182e+01 3.736360000000000000e+05
1.064562605041261323e+00 1.297671060037320245e+01 3.781540000000000000e+05
1.070698774491387617e+00 1.278635039905269544e+01 3.831980000000000000e+05
1.076840726399151738e+00 1.261892040117165870e+01 3.872260000000000000e+05
1.082972309238944275e+00 1.254939116290796974e+01 3.904320000000000000e+05
1.089087945679088287e+00 1.233019632200715066e+01 3.945740000000000000e+05
1.095217492047269259e+00 1.222551224092677025e+01 4.005240000000000000e+05
1.101360503814608816e+00 1.205437525942233989e+01 4.060180000000000000e+05
1.107509538678442151e+00 1.190008990851273651e+01 4.097500000000000000e+05
1.113637274621421813e+00 1.176642171273658732e+01 4.124740000000000000e+05
1.119766029293861820e+00 1.161366792789106128e+01 4.191220000000000000e+05
1.125921199838792353e+00 1.146202185891939429e+01 4.249840000000000000e+05
1.132060593734519616e+00 1.134083477805072881e+01 4.265520000000000000e+05
1.138193835500512563e+00 1.120187564922800760e+01 4.331060000000000000e+05
1.144331290643838761e+00 1.103404625133563322e+01 4.364900000000000000e+05
1.150477416657047947e+00 1.093390461967645066e+01 4.441020000000000000e+05
1.156613064375511923e+00 1.081072487291721629e+01 4.438580000000000000e+05
1.162735018537596643e+00 1.065879719727718644e+01 4.520580000000000000e+05
1.168863107201693285e+00 1.054097285565923769e+01 4.539040000000000000e+05
1.175003119642887395e+00 1.041516561013201603e+01 4.635820000000000000e+05
1.181141063188670737e+00 1.031854977555163444e+01 4.632040000000000000e+05
1.187270909488056914e+00 1.015894040279507493e+01 4.718580000000000000e+05
1.193410238621095854e+00 1.007053724425691321e+01 4.748060000000000000e+05
1.199554515593299175e+00 9.907485578608127952e+00 4.816500000000000000e+05
1.205699244952225024e+00 9.830963241603138059e+00 4.857140000000000000e+05
1.211823614414484052e+00 9.683270373343422222e+00 4.876640000000000000e+05
1.217948190684038368e+00 9.615973089784263905e+00 4.956720000000000000e+05
1.224088465910863066e+00 9.516144681287807217e+00 5.003700000000000000e+05
1.230226458808759915e+00 9.400535737185084173e+00 5.050500000000000000e+05
1.236361550594031522e+00 9.269639779305942184e+00 5.106220000000000000e+05
1.242496792651986093e+00 9.200828711450942166e+00 5.141780000000000000e+05
1.248637470443478836e+00 9.093256602977580982e+00 5.225060000000000000e+05
1.254772466883479876e+00 8.971234646354634634e+00 5.232700000000000000e+05
1.260914491442226115e+00 8.853756571430334787e+00 5.339440000000000000e+05
1.267057912247927520e+00 8.743509132301158004e+00 5.340280000000000000e+05
1.273186365191749214e+00 8.689745145167538709e+00 5.411300000000000000e+05
1.279317993167675471e+00 8.567934263608142587e+00 5.458780000000000000e+05
1.285454867222016517e+00 8.485182567749712135e+00 5.518420000000000000e+05
1.291590440177868837e+00 8.392466392196999081e+00 5.564660000000000000e+05
1.297722286883003173e+00 8.303996032455584597e+00 5.615640000000000000e+05
1.303853449480362636e+00 8.217344907759041917e+00 5.671560000000000000e+05
1.310000794114592582e+00 8.125346019867421887e+00 5.754260000000000000e+05
1.316143719180109750e+00 8.020089423825737640e+00 5.765060000000000000e+05
1.322267763843804511e+00 7.936531796425079222e+00 5.830460000000000000e+05
1.328401901823275777e+00 7.838745851550297239e+00 5.894500000000000000e+05
1.334537614144214679e+00 7.780080607488778277e+00 5.935600000000000000e+05
1.340678552423816727e+00 7.707573903466045984e+00 6.020300000000000000e+05
1.346815149096061148e+00 7.606922693604726504e+00 6.033000000000000000e+05
1.352940200955950356e+00 7.523792812598956381e+00 6.110420000000000000e+05
1.359082410299650379e+00 7.442279397177895106e+00 6.176620000000000000e+05
1.365220173749337018e+00 7.376967505753519561e+00 6.211540000000000000e+05
1.371355627496639196e+00 7.278834743386480177e+00 6.289540000000000000e+05
1.377497312851453160e+00 7.203697498273196942e+00 6.326800000000000000e+05
1.383633079758801232e+00 7.143232833685163818e+00 6.401020000000000000e+05
1.389766479619330530e+00 7.051974817571727172e+00 6.427140000000000000e+05
1.395898899779254521e+00 7.014746150191644603e+00 6.517560000000000000e+05
1.402038197914537321e+00 6.911699268286361608e+00 6.554220000000000000e+05
1.408181749899602986e+00 6.818961966446871692e+00 6.638420000000000000e+05
1.414313666006327352e+00 6.753218873804203604e+00 6.653300000000000000e+05
1.420444380108462745e+00 6.694941559420942490e+00 6.742080000000000000e+05
1.426582768631972087e+00 6.646095538516899381e+00 6.793420000000000000e+05
1.432726168338077644e+00 6.578462577657619548e+00 6.863560000000000000e+05
1.438861657952483553e+00 6.497454423218338881e+00 6.898180000000000000e+05
1.444991779317132963e+00 6.428351505950233857e+00 6.971500000000000000e+05
1.451129573505090198e+00 6.343067681476948216e+00 7.025380000000000000e+05
1.457259699941714226e+00 6.305206761586968689e+00 7.080580000000000000e+05
1.463381498859491758e+00 6.233798154989715457e+00 7.122620000000000000e+05
1.469517533590522174e+00 6.168218163102141105e+00 7.233120000000000000e+05
1.475660550406120208e+00 6.096458757278559126e+00 7.258600000000000000e+05
1.481800492405727532e+00 6.041597146189530143e+00 7.345140000000000000e+05
1.487943725053375577e+00 5.997102539087221906e+00 7.394460000000000000e+05
1.494084839802395370e+00 5.908898515274596974e+00 7.457380000000000000e+05
1.500230994160872244e+00 5.861998087196609752e+00 7.530420000000000000e+05
1.506363835328208056e+00 5.797558717925166860e+00 7.548300000000000000e+05
1.512486114839888929e+00 5.741140631703243180e+00 7.625200000000000000e+05
1.518627690030334820e+00 5.682717082823553589e+00 7.725880000000000000e+05
1.524765346634578744e+00 5.634524362419117693e+00 7.732740000000000000e+05
1.530890949051883609e+00 5.576188626414714022e+00 7.823660000000000000e+05
1.537028126588163568e+00 5.519884097775688225e+00 7.888500000000000000e+05
1.543169805434377873e+00 5.462386415557172192e+00 7.957300000000000000e+05
1.549306732909000672e+00 5.416706906629137563e+00 8.008600000000000000e+05
1.555434294201658130e+00 5.343050577349286456e+00 8.052260000000000000e+05
1.561571446339652391e+00 5.304920377443600898e+00 8.169480000000000000e+05
1.567719175442112256e+00 5.251042273190987153e+00 8.200340000000000000e+05
1.573850578540632927e+00 5.187725375912797254e+00 8.261820000000000000e+05
1.579981624465093271e+00 5.159081745743331560e+00 8.325060000000000000e+05
1.586117152796983731e+00 5.084116976658514808e+00 8.397940000000000000e+05
1.592251667404352977e+00 5.034664852901327592e+00 8.461800000000000000e+05
1.598391082936378327e+00 4.992830494898353955e+00 8.533380000000000000e+05
1.604524888897814305e+00 4.946416625068507322e+00 8.586520000000000000e+05
1.610653935392362124e+00 4.896314877490252293e+00 8.640460000000000000e+05
1.616791313571987354e+00 4.858440961880994280e+00 8.749700000000000000e+05
1.622930516872028717e+00 4.785242509051129467e+00 8.776260000000000000e+05
1.629072756710933767e+00 4.754594759308861107e+00 8.888580000000000000e+05
1.635206712107782234e+00 4.703780671256811097e+00 8.891340000000000000e+05
1.641332450557534406e+00 4.684180248063736229e+00 8.991780000000000000e+05
1.647476526455434964e+00 4.618651616175529995e+00 9.086500000000000000e+05
1.653624971246317354e+00 4.574758143479513706e+00 9.136860000000000000e+05
1.659749460045753189e+00 4.529672535014339196e+00 9.147060000000000000e+05
1.665882609668988712e+00 4.481724033178590361e+00 9.304340000000000000e+05
1.672026070498636940e+00 4.448346042298259029e+00 9.311140000000000000e+05
1.678163046888720755e+00 4.402096838452715488e+00 9.425020000000000000e+05
1.684298829118553664e+00 4.362990379620513615e+00 9.442660000000000000e+05
1.690427668814839635e+00 4.326837973663734793e+00 9.537940000000000000e+05
1.696570856301545804e+00 4.268811019713476540e+00 9.635180000000000000e+05
1.702705323372739166e+00 4.230099188477938199e+00 9.639300000000000000e+05
1.708835458549901487e+00 4.193644167976345649e+00 9.769060000000000000e+05
1.714975225249185220e+00 4.146510965425816764e+00 9.806300000000000000e+05
1.721108179093111534e+00 4.118408599004418136e+00 9.884240000000000000e+05
1.727243809866963575e+00 4.075014148487070109e+00 9.964520000000000000e+05
1.733378764674750938e+00 4.037517508967564339e+00 1.001330000000000000e+06
1.739517383820835983e+00 4.007212362332862376e+00 1.012798000000000000e+06
1.745654122929962249e+00 3.950639686622281932e+00 1.014106000000000000e+06
1.751791416343087882e+00 3.921385275008972826e+00 1.028098000000000000e+06
1.757926485810765493e+00 3.885623175718845079e+00 1.027550000000000000e+06
1.764058071799011307e+00 3.850726614896458955e+00 1.040514000000000000e+06
1.770189729323980998e+00 3.816062427734265405e+00 1.043090000000000000e+06
1.776325559465732340e+00 3.776380440630379809e+00 1.055434000000000000e+06
1.782465932766922556e+00 3.743871222864725290e+00 1.060254000000000000e+06
1.788601524197432235e+00 3.697706622664324705e+00 1.067634000000000000e+06
1.794738604867500475e+00 3.674335572030482222e+00 1.075338000000000000e+06
1.800883099103459672e+00 3.637053840714119968e+00 1.085598000000000000e+06
1.807019934883168588e+00 3.604006972517365792e+00 1.087216000000000000e+06
1.813151561985820504e+00 3.569771403781971220e+00 1.098236000000000000e+06
1.819285967717886310e+00 3.539447287945390208e+00 1.102954000000000000e+06
1.825420496494855049e+00 3.503996889323746977e+00 1.113718000000000000e+06
1.831562044563034508e+00 3.467358591839234894e+00 1.120514000000000000e+06
1.837698068657018347e+00 3.432814895838406599e+00 1.125890000000000000e+06
1.843828620762528958e+00 3.406727178634925579e+00 1.134052000000000000e+06
1.849956619567177496e+00 3.375277597039411770e+00 1.140116000000000000e+06
1.856099484251994225e+00 3.344498628119796813e+00 1.154826000000000000e+06
1.862242457888296343e+00 3.311564469754429751e+00 1.155078000000000000e+06
1.868367962353731038e+00 3.289681181594557913e+00 1.163314000000000000e+06
1.874504240172072622e+00 3.254202358215885216e+00 1.175290000000000000e+06
1.880642007427152373e+00 3.223136470569384127e+00 1.178290000000000000e+06
1.886782336020498052e+00 3.197854348802664948e+00 1.192380000000000000e+06
1.892914585516437986e+00 3.162384708593978022e+00 1.190202000000000000e+06
1.899042765606501204e+00 3.138129457925884491e+00 1.206244000000000000e+06
1.905183085066037618e+00 3.101442800807847178e+00 1.211190000000000000e+06
1.911324222205221357e+00 3.071524265479850690e+00 1.221130000000000000e+06
1.917461111844493526e+00 3.043388493465010836e+00 1.226234000000000000e+06
1.923595210349106743e+00 3.020677400437996152e+00 1.234778000000000000e+06
1.929735848089336070e+00 2.990971686232143156e+00 1.245350000000000000e+06
1.935877267586955330e+00 2.966702897521507065e+00 1.250602000000000000e+06
1.942009963668424488e+00 2.938838897952619433e+00 1.257602000000000000e+06
1.948142965082060751e+00 2.920271088634428747e+00 1.267158000000000000e+06
1.954279252938452727e+00 2.883513673249631371e+00 1.273850000000000000e+06
1.960410884287222322e+00 2.859428300868607220e+00 1.282434000000000000e+06
1.966542013919925891e+00 2.838023302573987827e+00 1.288902000000000000e+06
1.972675597984424600e+00 2.806329318300322839e+00 1.299696000000000000e+06
1.978820074307326982e+00 2.777791052465637733e+00 1.309644000000000000e+06
1.984962060325404565e+00 2.763852814428248816e+00 1.315034000000000000e+06
1.991088519666428525e+00 2.732891445975830447e+00 1.319526000000000000e+06
1.997221658539706457e+00 2.706271705693373164e+00 1.333544000000000000e+06
2.003364951808915162e+00 2.684484862214111978e+00 1.340506000000000000e+06
2.009503468739715526e+00 2.663661248144911120e+00 1.348350000000000000e+06
2.015639169983700185e+00 2.632099700481435267e+00 1.355332000000000000e+06
2.021777826909511688e+00 2.608948131619547528e+00 1.366354000000000000e+06
2.027920344587200940e+00 2.586486697863665363e+00 1.373130000000000000e+06
2.034048927939124063e+00 2.569217019735397844e+00 1.377382000000000000e+06
2.040171866290584113e+00 2.540162198018623307e+00 1.387258000000000000e+06
2.046313874271335376e+00 2.523162758317571530e+00 1.401802000000000000e+06
2.052448517325268007e+00 2.496033147664274754e+00 1.401614000000000000e+06
2.058580698669291831e+00 2.476884459098098734e+00 1.416858000000000000e+06
2.064718757447014941e+00 2.456041908020039077e+00 1.422138000000000000e+06
2.070852524234804815e+00 2.431956797839287088e+00 1.430634000000000000e+06
2.076990486458365925e+00 2.412887171172451328e+00 1.441214000000000000e+06
2.083128720234920017e+00 2.391430968672475288e+00 1.448752000000000000e+06
2.089269859683697828e+00 2.364545384932165373e+00 1.458412000000000000e+06
2.095408768674568822e+00 2.341043759523372625e+00 1.466044000000000000e+06
2.101538222075882256e+00 2.329660786966542663e+00 1.469892000000000000e+06
2.107676211136748190e+00 2.299745152637223455e+00 1.488256000000000000e+06
2.113815672236325938e+00 2.284217489413370217e+00 1.487680000000000000e+06
2.119953804781640638e+00 2.260225072308955863e+00 1.504322000000000000e+06
2.126089130118720583e+00 2.244695880566527357e+00 1.504690000000000000e+06
2.132215609835382608e+00 2.224584387280652553e+00 1.516170000000000000e+06
2.138350625473082189e+00 2.203883161226267706e+00 1.527750000000000000e+06
2.144493514828501368e+00 2.180695280114854473e+00 1.536538000000000000e+06
2.150631190063275522e+00 2.164597304615570650e+00 1.542986000000000000e+06
2.156762165252020136e+00 2.144804580596324950e+00 1.550950000000000000e+06
2.162896664448224815e+00 2.125484536308858363e+00 1.562120000000000000e+06
2.169037349367366030e+00 2.106184659157145145e+00 1.572370000000000000e+06
2.175170078658939854e+00 2.087875175174088493e+00 1.575386000000000000e+06
2.181306916133408880e+00 2.069447325441015728e+00 1.592318000000000000e+06
2.187445281223796112e+00 2.050466737013395768e+00 1.594284000000000000e+06
2.193578869952625521e+00 2.035657393582491093e+00 1.607394000000000000e+06
2.199713500802712662e+00 2.017208733431614665e+00 1.613430000000000000e+06
2.205843315404407701e+00 2.001571299116654323e+00 1.621986000000000000e+06
2.211981653840972672e+00 1.979997144073562421e+00 1.636466000000000000e+06
2.218115749455018548e+00 1.965810618002923338e+00 1.638262000000000000e+06
2.224253394449617005e+00 1.945968245621805925e+00 1.655554000000000000e+06
2.230394475034700452e+00 1.928269002990031344e+00 1.659354000000000000e+06
2.236527486724025682e+00 1.913888925255419649e+00 1.668346000000000000e+06
2.242668115027510733e+00 1.891151840820462837e+00 1.683278000000000000e+06
2.248802178656232442e+00 1.877352373495786653e+00 1.681944000000000000e+06
2.254934371799744763e+00 1.861556966628226784e+00 1.701178000000000000e+06
2.261073606041869244e+00 1.843337020309665064e+00 1.704294000000000000e+06
2.267215275432380661e+00 1.829655993359003974e+00 1.720484000000000000e+06
2.273352959253353234e+00 1.814514864261631555e+00 1.721954000000000000e+06
2.279480162911264873e+00 1.797496523641223698e+00 1.731642000000000000e+06
2.285613562787311537e+00 1.779172943881336177e+00 1.745270000000000000e+06
2.291755320230514759e+00 1.764742066841556101e+00 1.754618000000000000e+06
2.297895760600043857e+00 1.751792143726192741e+00 1.763210000000000000e+06
2.304031358756954972e+00 1.736471184419346114e+00 1.771374000000000000e+06
2.310161424867521962e+00 1.722109262986935008e+00 1.777658000000000000e+06
2.316297978757182019e+00 1.706775383132958401e+00 1.795410000000000000e+06
2.322436317381534554e+00 1.691718586378576195e+00 1.796694000000000000e+06
2.328569333475320136e+00 1.677621667179635789e+00 1.811810000000000000e+06
2.334705947664326597e+00 1.659583722323397570e+00 1.818024000000000000e+06
2.340836381319525650e+00 1.648338194369878495e+00 1.826074000000000000e+06
2.346969592145329297e+00 1.635878946727090444e+00 1.840326000000000000e+06
2.353111353042913745e+00 1.619879304327008107e+00 1.849818000000000000e+06
2.359250472361396955e+00 1.609732882935078990e+00 1.857988000000000000e+06
2.365392372652085129e+00 1.590742814358891977e+00 1.870950000000000000e+06
2.371526317157957475e+00 1.576342307844374124e+00 1.872210000000000000e+06
2.377656093482844124e+00 1.563539663609513797e+00 1.888706000000000000e+06
2.383791837043190753e+00 1.553052034741018161e+00 1.894242000000000000e+06
2.389932547086535575e+00 1.538710277639720347e+00 1.911622000000000000e+06
2.396067071658701586e+00 1.524446759834968690e+00 1.910826000000000000e+06
2.402200402384513378e+00 1.509757399951207724e+00 1.929258000000000000e+06
2.408341193848630102e+00 1.502475116177619530e+00 1.936430000000000000e+06
2.414476934265398445e+00 1.483594042707076177e+00 1.944146000000000000e+06
2.420605355418538274e+00 1.470157542613214297e+00 1.953240000000000000e+06
2.426740659922558940e+00 1.461312569457459354e+00 1.967690000000000000e+06
2.432881039345170304e+00 1.447136335990586886e+00 1.976144000000000000e+06
2.439012602858177559e+00 1.434693374105806996e+00 1.982370000000000000e+06
2.445150210392110335e+00 1.422210545962365957e+00 1.999088000000000000e+06
2.451288854292454022e+00 1.412860975755732218e+00 2.004904000000000000e+06
2.457424250758790674e+00 1.397829920367672063e+00 2.015074000000000000e+06
2.463564817045048372e+00 1.388818965989035314e+00 2.029642000000000000e+06
2.469700047730502224e+00 1.373614127234349169e+00 2.031414000000000000e+06
2.475832780499056085e+00 1.364634706204904235e+00 2.048226000000000000e+06
2.481970511063669171e+00 1.351975177161645725e+00 2.055170000000000000e+06
2.488108687706466426e+00 1.339504385622776850e+00 2.068266000000000000e+06
2.494239285613428336e+00 1.330836998784733050e+00 2.071406000000000000e+06
2.500368357182769952e+00 1.317090642996452843e+00 2.086658000000000000e+06
2.506512664393816259e+00 1.309252970949241313e+00 2.103000000000000000e+06
2.512652740121724015e+00 1.298165346448423962e+00 2.104120000000000000e+06
2.518783353036091910e+00 1.287668011408419577e+00 2.116722000000000000e+06
2.524922642355731828e+00 1.272696595973300981e+00 2.131224000000000000e+06
2.531060673812723483e+00 1.264752006938971718e+00 2.136036000000000000e+06
2.537192347566814998e+00 1.253085400414732931e+00 2.148102000000000000e+06
2.543321096198151388e+00 1.243506400251991328e+00 2.154818000000000000e+06
2.549460494225066487e+00 1.233214642099317304e+00 2.175186000000000000e+06
2.555599099877817082e+00 1.225179378016588272e+00 2.176766000000000000e+06
2.561727104143974643e+00 1.212562109914958608e+00 2.187562000000000000e+06
2.567864194824001967e+00 1.201543129436695834e+00 2.204802000000000000e+06
2.574002942759865409e+00 1.191879675644963443e+00 2.209126000000000000e+06
2.580138358004716359e+00 1.183634430313676544e+00 2.223546000000000000e+06
2.586274078433772772e+00 1.173050613492228278e+00 2.231962000000000000e+06
2.592414558086459930e+00 1.164668259113504689e+00 2.245920000000000000e+06
2.598554258700748854e+00 1.152667044855068657e+00 2.254302000000000000e+06
2.604687212253104622e+00 1.144352817947269951e+00 2.261250000000000000e+06
2.610825522257030684e+00 1.134270568606666973e+00 2.280740000000000000e+06
2.616966808842488668e+00 1.126922225312628312e+00 2.284350000000000000e+06
2.623104270467115473e+00 1.117569731687495516e+00 2.298202000000000000e+06
2.629237483160341338e+00 1.107495487709107662e+00 2.304698000000000000e+06
2.635369657694711876e+00 1.099884530111268521e+00 2.317338000000000000e+06
2.641499727968988687e+00 1.089430611380700853e+00 2.325798000000000000e+06
2.647632768226896527e+00 1.080880851123100950e+00 2.339938000000000000e+06
2.653770534295234018e+00 1.072040799551135182e+00 2.351874000000000000e+06
2.659909164671664605e+00 1.062278886222554730e+00 2.362846000000000000e+06
2.666054374117809100e+00 1.053307190310437402e+00 2.377538000000000000e+06
2.672186673284417946e+00 1.046373258909813364e+00 2.375848000000000000e+06
2.678312528652142088e+00 1.036618543501378831e+00 2.393516000000000000e+06
2.684453749728012095e+00 1.029401624801599802e+00 2.410428000000000000e+06
2.690591377737787671e+00 1.019485622419839865e+00 2.412546000000000000e+06
2.696726952642713560e+00 1.011245407800796858e+00 2.430260000000000000e+06
2.702866110225143448e+00 1.007074595227896552e+00 2.438550000000000000e+06
2.709002338288592604e+00 9.969339735006996772e-01 2.449114000000000000e+06
2.715135780543764810e+00 9.903364503229225013e-01 2.459034000000000000e+06
2.721267436131594497e+00 9.813463622897429239e-01 2.470150000000000000e+06
2.727401015142188356e+00 9.734395213592886842e-01 2.481514000000000000e+06
2.733539335677399595e+00 9.643334950999443711e-01 2.498234000000000000e+06
2.739679502125022204e+00 9.575818954987577181e-01 2.503746000000000000e+06
2.745817155774809226e+00 9.504513568120664946e-01 2.520166000000000000e+06
2.751943099353292954e+00 9.429299803904604982e-01 2.515546000000000000e+06
2.758076357730228523e+00 9.364844144556885297e-01 2.548256000000000000e+06
2.764223098794695410e+00 9.287120069773957542e-01 2.551110000000000000e+06
2.770360964805264725e+00 9.221414626533653847e-01 2.561602000000000000e+06
2.776495678064977657e+00 9.158433973711734843e-01 2.573090000000000000e+06
2.782632841907622723e+00 9.063716953973314228e-01 2.584266000000000000e+06
2.788767970688140085e+00 9.009762246272235986e-01 2.595808000000000000e+06
2.794901511144343154e+00 8.934650378220965194e-01 2.605834000000000000e+06
2.801038782212097455e+00 8.863810566768896004e-01 2.620114000000000000e+06
2.807176319890059446e+00 8.810775679984440556e-01 2.631062000000000000e+06
2.813311830642204470e+00 8.739517291980029023e-01 2.639842000000000000e+06
2.819446930747391278e+00 8.671086021415863598e-01 2.655378000000000000e+06
2.825580897323283214e+00 8.599349308272014047e-01 2.660326000000000000e+06
2.831713271913113505e+00 8.535372086892418775e-01 2.677426000000000000e+06
2.837846345622741850e+00 8.484879110966132565e-01 2.685162000000000000e+06
2.843985590462598800e+00 8.397317825315852025e-01 2.704760000000000000e+06
2.850123436079797568e+00 8.338785689987291416e-01 2.708496000000000000e+06
2.856259466837814287e+00 8.278647971770649594e-01 2.725248000000000000e+06
2.862398885036955942e+00 8.223205258130431572e-01 2.736020000000000000e+06
2.868533615008694415e+00 8.168281004015266467e-01 2.744030000000000000e+06
2.874669347604553948e+00 8.098221503763665119e-01 2.760146000000000000e+06
2.880808804211496987e+00 8.040710759302751587e-01 2.771578000000000000e+06
2.886941815293988078e+00 7.988417997013803618e-01 2.777034000000000000e+06
2.893077102347914487e+00 7.929089703913287934e-01 2.798278000000000000e+06
2.899215689977627353e+00 7.868659242778592855e-01 2.803594000000000000e+06
2.905349614149792981e+00 7.810268184310714679e-01 2.816642000000000000e+06
2.911484395663807234e+00 7.747897787426748506e-01 2.829646000000000000e+06
2.917623870298519329e+00 7.712350435602519649e-01 2.843514000000000000e+06
2.923759010894857902e+00 7.654129988524498440e-01 2.851082000000000000e+06
2.929889100592979911e+00 7.595606807555130846e-01 2.861654000000000000e+06
2.936021938209480986e+00 7.540627335800446085e-01 2.877178000000000000e+06
2.942158275655325728e+00 7.478030679015117421e-01 2.890432000000000000e+06
2.948295394311441608e+00 7.425839065062376232e-01 2.900266000000000000e+06
2.954432425033341580e+00 7.394954178677813905e-01 2.916768000000000000e+06
2.960571128117052808e+00 7.325310102819908575e-01 2.923330000000000000e+06
2.966709357851962103e+00 7.274451616539434617e-01 2.942818000000000000e+06
2.972847381510149045e+00 7.230094456801761105e-01 2.947038000000000000e+06
2.978981248413536953e+00 7.175663233573031929e-01 2.962122000000000000e+06
2.985113362632154654e+00 7.125531672291659513e-01 2.970874000000000000e+06
2.991250826136111485e+00 7.090992052004126966e-01 2.990330000000000000e+06
2.997387592483181873e+00 7.037343820489855295e-01 2.996886000000000000e+06
3.003528386879907863e+00 6.990013323091849307e-01 3.017202000000000000e+06
3.009664205426715089e+00 6.943520561529578083e-01 3.016754000000000000e+06
3.015796465997510722e+00 6.907622123302089578e-01 3.039078000000000000e+06
3.021932414202445294e+00 6.855889405715663854e-01 3.044178000000000000e+06
3.028070738935859207e+00 6.801747521751275727e-01 3.067032000000000000e+06
3.034208569138587386e+00 6.763533126130947259e-01 3.067826000000000000e+06
3.040342223476008243e+00 6.710336048780696228e-01 3.088064000000000000e+06
3.046476421080876129e+00 6.675408428469832289e-01 3.093602000000000000e+06
3.052612959636699319e+00 6.626968686265948261e-01 3.114690000000000000e+06
3.058750231468988279e+00 6.583911323894066081e-01 3.119758000000000000e+06
3.064882704630693233e+00 6.557017911686583433e-01 3.134506000000000000e+06
3.071021226748086086e+00 6.498771422253857288e-01 3.151738000000000000e+06
3.077154342678021681e+00 6.466618336462834904e-01 3.153718000000000000e+06
3.083285412300488915e+00 6.429087990269137798e-01 3.174282000000000000e+06
3.089423337311991702e+00 6.384801954995937834e-01 3.187258000000000000e+06
3.095558878539140135e+00 6.342282040470779148e-01 3.195346000000000000e+06
3.101698563582312662e+00 6.312075223780871935e-01 3.218684000000000000e+06
3.107834128583444322e+00 6.277771942493434176e-01 3.215772000000000000e+06
3.113967832080322573e+00 6.233185051011135291e-01 3.242200000000000000e+06
3.120108124816106887e+00 6.191942453127700086e-01 3.248392000000000000e+06
3.126246092256358189e+00 6.160282936130535569e-01 3.264266000000000000e+06
3.132375051323107673e+00 6.128825092281117159e-01 3.266914000000000000e+06
3.138511081734877806e+00 6.087353124268841675e-01 3.294282000000000000e+06
