# k, P(k), Nmodes
0.000000000000000000e+00 0.000000000000000000e+00 1.000000000000000000e+00
8.691056022563805813e-03 4.568532755249112597e+03 2.600000000000000000e+01
1.503254434404273886e-02 5.403912009116013905e+03 7.200000000000000000e+01
2.104537904654678673e-02 5.249603100714572975e+03 1.520000000000000000e+02
2.718418752217394846e-02 4.692435659827233394e+03 2.340000000000000000e+02
3.359305548768203725e-02 4.003908291230839950e+03 4.160000000000000000e+02
3.967812110980351720e-02 3.395336751799375634e+03 4.800000000000000000e+02
4.573133090443888549e-02 2.966893737345633326e+03 7.220000000000000000e+02
5.186912300623527233e-02 2.668501855787111253e+03 8.740000000000000000e+02
5.807971256735403043e-02 2.483144466808288598e+03 1.162000000000000000e+03
6.422094742881356844e-02 2.292040334003416774e+03 1.358000000000000000e+03
7.029194303550849454e-02 2.147612319694509097e+03 1.632000000000000000e+03
7.656976085866129544e-02 1.944549639025763327e+03 2.036000000000000000e+03
8.283279975513359317e-02 1.733591503601843669e+03 2.310000000000000000e+03
8.886264192081894109e-02 1.524332571791530427e+03 2.528000000000000000e+03
9.493524398572131262e-02 1.339833602302880763e+03 3.068000000000000000e+03
1.010510809291368245e-01 1.211436254856848109e+03 3.306000000000000000e+03
1.071918355362574127e-01 1.102848761353518057e+03 3.934000000000000000e+03
1.133640700251744293e-01 1.036035863521410420e+03 4.266000000000000000e+03
1.195184611122857843e-01 9.849929627459661106e+02 4.794000000000000000e+03
1.256657517103361710e-01 9.518195000895968860e+02 5.270000000000000000e+03
1.317871926578333408e-01 9.061636792630033597e+02 5.754000000000000000e+03
1.378887696062481294e-01 8.400894558113283210e+02 6.344000000000000000e+03
1.440612672229828750e-01 7.784718030564808942e+02 7.014000000000000000e+03
1.501845201433902877e-01 7.091012286643235711e+02 7.364000000000000000e+03
1.563418093457785985e-01 6.471850759201183791e+02 8.402000000000000000e+03
1.625438955957596576e-01 5.978318048288325599e+02 8.738000000000000000e+03
1.686940235306336466e-01 5.658471960978290554e+02 9.670000000000000000e+03
1.747987378343396903e-01 5.335872235340449379e+02 9.880000000000000000e+03
1.809057159377772395e-01 5.098357358982023584e+02 1.113000000000000000e+04
1.870079494254630881e-01 4.955195742993746535e+02 1.140000000000000000e+04
1.931644028143169878e-01 4.798336011484981327e+02 1.272200000000000000e+04
1.993257601852206906e-01 4.511424602393457235e+02 1.317000000000000000e+04
2.054762598507901550e-01 4.255209869474923607e+02 1.418600000000000000e+04
2.116257382464896697e-01 4.021400706209514055e+02 1.495800000000000000e+04
2.177578654451892970e-01 3.773238370892057105e+02 1.580200000000000000e+04
2.238991135097555263e-01 3.512409551751312620e+02 1.674600000000000000e+04
2.300081978121491233e-01 3.375995150671229794e+02 1.753400000000000000e+04
2.361454707693454169e-01 3.227104390773707223e+02 1.869000000000000000e+04
2.422857100963227428e-01 3.078197057738020703e+02 1.958600000000000000e+04
2.484099584913142256e-01 3.006488492395001799e+02 2.052400000000000000e+04
2.545441957051269855e-01 2.896429736956720262e+02 2.165200000000000000e+04
2.606917133414053955e-01 2.781982831667278901e+02 2.276000000000000000e+04
2.668580198415695381e-01 2.656807155834984542e+02 2.389200000000000000e+04
2.730019564931540632e-01 2.553094997041517047e+02 2.485400000000000000e+04
2.791389873202678173e-01 2.435155535364560251e+02 2.604000000000000000e+04
2.852424996643880273e-01 2.339233460112403691e+02 2.680400000000000000e+04
2.913531997893986092e-01 2.222621873753445811e+02 2.850000000000000000e+04
2.975143171497069416e-01 2.134272988193125400e+02 2.956400000000000000e+04
3.036544665973567314e-01 2.063257377739937226e+02 3.083400000000000000e+04
3.097883787544665757e-01 1.997833667734294636e+02 3.189000000000000000e+04
3.159486680635095190e-01 1.932783882647717633e+02 3.376600000000000000e+04
3.221066234444813769e-01 1.878290011344284380e+02 3.446400000000000000e+04
3.282572612915165555e-01 1.804182774329729853e+02 3.622000000000000000e+04
3.343544383171894174e-01 1.749045323097877542e+02 3.667000000000000000e+04
3.404813620364756654e-01 1.681777593554690782e+02 3.911400000000000000e+04
3.466259536752008263e-01 1.627488742104952166e+02 3.989800000000000000e+04
3.527314914776840671e-01 1.561991409044437944e+02 4.126400000000000000e+04
3.588700951741782830e-01 1.516767796947833347e+02 4.332000000000000000e+04
3.650083489029407047e-01 1.470107957193750110e+02 4.418400000000000000e+04
3.711704037116136945e-01 1.438547375898942278e+02 4.654800000000000000e+04
3.773137312255384068e-01 1.391626409285414070e+02 4.719800000000000000e+04
3.834202365329835160e-01 1.333696904363204681e+02 4.880200000000000000e+04
3.895813105051545988e-01 1.303593044222725439e+02 5.141800000000000000e+04
3.957247046642990429e-01 1.276745804946457810e+02 5.158800000000000000e+04
4.018641006880244171e-01 1.230461766039128690e+02 5.464400000000000000e+04
4.079986652309439688e-01 1.203226171707283498e+02 5.484200000000000000e+04
4.141066506702003602e-01 1.153130557145541957e+02 5.733800000000000000e+04
4.202576909860619159e-01 1.131997035401156069e+02 5.921400000000000000e+04
4.264066946730206698e-01 1.093565761428915835e+02 6.064200000000000000e+04
4.325254831734640648e-01 1.050479376856201696e+02 6.220200000000000000e+04
4.386395650806790836e-01 1.038618784467174123e+02 6.399000000000000000e+04
4.447681454847935978e-01 1.009040316909504327e+02 6.596200000000000000e+04
4.509437495939586094e-01 9.846788366699320250e+01 6.893000000000000000e+04
4.571038061189046653e-01 9.546979420945037020e+01 6.921800000000000000e+04
4.632394462505528554e-01 9.346754466237749170e+01 7.208600000000000000e+04
4.693790757792539181e-01 9.178821824638063731e+01 7.321600000000000000e+04
4.755007986458400504e-01 8.885527610453948455e+01 7.536400000000000000e+04
4.816148015649592273e-01 8.633903436173578427e+01 7.714200000000000000e+04
4.877448110253904678e-01 8.466139052693640110e+01 7.932200000000000000e+04
4.938644425720450370e-01 8.253257845995747743e+01 8.112200000000000000e+04
4.999990772533337013e-01 8.002236623416459338e+01 8.374000000000000000e+04
5.061739783630568867e-01 7.883948811646352794e+01 8.622800000000000000e+04
5.123176238977423802e-01 7.628407087895763539e+01 8.724200000000000000e+04
5.184419198367248294e-01 7.487770328597216007e+01 8.950400000000000000e+04
5.245811071337125320e-01 7.327029473645130508e+01 9.236600000000000000e+04
5.307339722686617023e-01 7.167233092533771810e+01 9.390800000000000000e+04
5.368662932732624071e-01 6.979739659549210273e+01 9.622600000000000000e+04
5.429628466927283181e-01 6.835908751694580587e+01 9.717200000000000000e+04
5.491073400914713298e-01 6.693406114429249953e+01 1.019960000000000000e+05
5.552762609626447077e-01 6.533591717709082047e+01 1.028340000000000000e+05
5.614082796802024600e-01 6.419720121471955565e+01 1.049360000000000000e+05
5.675371533509153688e-01 6.229865417445567033e+01 1.076640000000000000e+05
5.736740022558224350e-01 6.128979273893205004e+01 1.097300000000000000e+05
5.798103603643611770e-01 5.985778532705597144e+01 1.122420000000000000e+05
5.859425366486809006e-01 5.857048563656405804e+01 1.145480000000000000e+05
5.920586774162177601e-01 5.789069339218850985e+01 1.162040000000000000e+05
5.981941542880485629e-01 5.651399054072410166e+01 1.202100000000000000e+05
6.043590774859866066e-01 5.573744816094639276e+01 1.222240000000000000e+05
6.104910230252050818e-01 5.412195931747082511e+01 1.240000000000000000e+05
6.166050503334797872e-01 5.349861852119999384e+01 1.264900000000000000e+05
6.227565424953059869e-01 5.193628504823320924e+01 1.302980000000000000e+05
6.288977757446623240e-01 5.097420381655638977e+01 1.315160000000000000e+05
6.350332706002194127e-01 5.024473678772887553e+01 1.350280000000000000e+05
6.411743038514937654e-01 4.928813703748385677e+01 1.370340000000000000e+05
6.473071136295037720e-01 4.839874452515650916e+01 1.399400000000000000e+05
6.534392957951101755e-01 4.733991382612459375e+01 1.420440000000000000e+05
6.595783755518781488e-01 4.648892627145786349e+01 1.460980000000000000e+05
6.657085753353266799e-01 4.561676718548005738e+01 1.466160000000000000e+05
6.718369711955728407e-01 4.469393791582828612e+01 1.516080000000000000e+05
6.779675665423466890e-01 4.410970935927888092e+01 1.521540000000000000e+05
6.841025602423458363e-01 4.324999327297459928e+01 1.573620000000000000e+05
6.902473351098605825e-01 4.241349197291725659e+01 1.585880000000000000e+05
6.963896182979992799e-01 4.172435327926821458e+01 1.622680000000000000e+05
7.025354447064345864e-01 4.088114872327552263e+01 1.650500000000000000e+05
7.086795257259553837e-01 4.016243420779560580e+01 1.677360000000000000e+05
7.148105300560909647e-01 3.937901999145248766e+01 1.702080000000000000e+05
7.209489185367295994e-01 3.899724682721470259e+01 1.739060000000000000e+05
7.270775917581103753e-01 3.820139659990924486e+01 1.755300000000000000e+05
7.331906622449658739e-01 3.743864530798625623e+01 1.792520000000000000e+05
7.393386679216931157e-01 3.693117130194013242e+01 1.830680000000000000e+05
7.454822748005143218e-01 3.635763427167857742e+01 1.854820000000000000e+05
7.516118807450163919e-01 3.590599756782500407e+01 1.880620000000000000e+05
7.577553313207755492e-01 3.513519940724971491e+01 1.926420000000000000e+05
7.639042897236033580e-01 3.446333624327732537e+01 1.947140000000000000e+05
7.700556058884338029e-01 3.384506775587396277e+01 1.988180000000000000e+05
7.761646078124272430e-01 3.344201471097370160e+01 1.985880000000000000e+05
7.822760392858680856e-01 3.304182572391547978e+01 2.049720000000000000e+05
7.884165269731352454e-01 3.250408331421633079e+01 2.070900000000000000e+05
7.945591276009631443e-01 3.174617820824011005e+01 2.116040000000000000e+05
8.007019309919388705e-01 3.129009426891076018e+01 2.135000000000000000e+05
8.068322471611056868e-01 3.083202554407354157e+01 2.174580000000000000e+05
8.129795759107908415e-01 3.046779397498189113e+01 2.211220000000000000e+05
8.191384193203445907e-01 3.000497302994219595e+01 2.251740000000000000e+05
8.252636533623828319e-01 2.950727184689213800e+01 2.254580000000000000e+05
8.313801266770000087e-01 2.897742676376623194e+01 2.307780000000000000e+05
8.375206517277707929e-01 2.855622008084128538e+01 2.346620000000000000e+05
8.436596178727920892e-01 2.816754717862494317e+01 2.370900000000000000e+05
8.497926552975230141e-01 2.765906206348488539e+01 2.414900000000000000e+05
8.559261024612236923e-01 2.724247271194301234e+01 2.436700000000000000e+05
8.620635216668264267e-01 2.698206833958615292e+01 2.489620000000000000e+05
8.681991121454618598e-01 2.659957149720841940e+01 2.509540000000000000e+05
8.743258064632770665e-01 2.612407576588580227e+01 2.546820000000000000e+05
8.804649962982444844e-01 2.582234532449120934e+01 2.597660000000000000e+05
8.866060715851544760e-01 2.529860406580073473e+01 2.614900000000000000e+05
8.927497452568226022e-01 2.496821499070006567e+01 2.677620000000000000e+05
8.989002179133253057e-01 2.461348217284895767e+01 2.692540000000000000e+05
9.050334286265421246e-01 2.421591215748713211e+01 2.734020000000000000e+05
9.111662727418216035e-01 2.398853357858236990e+01 2.769780000000000000e+05
9.173141852908638372e-01 2.368666060243970151e+01 2.819300000000000000e+05
9.234386234055659282e-01 2.321205364359903456e+01 2.827260000000000000e+05
9.295586914769259357e-01 2.300204056467008584e+01 2.886340000000000000e+05
9.356866131768992734e-01 2.263209166386059934e+01 2.911940000000000000e+05
9.418341995598693561e-01 2.234652290151234766e+01 2.983160000000000000e+05
9.479856668247271800e-01 2.199025994995258770e+01 2.991160000000000000e+05
9.541104538204613350e-01 2.174365546421745776e+01 3.037460000000000000e+05
9.602408593380125090e-01 2.146039506348305892e+01 3.071300000000000000e+05
9.663673603621276698e-01 2.121162769695995820e+01 3.114540000000000000e+05
9.725109363121978712e-01 2.089998170690451573e+01 3.167940000000000000e+05
9.786539223807257937e-01 2.063045684986714789e+01 3.191300000000000000e+05
9.847742802912333726e-01 2.026718145598460552e+01 3.227560000000000000e+05
9.909163226000885505e-01 2.009694507499080274e+01 3.289800000000000000e+05
9.970641613013051519e-01 1.979059246570428598e+01 3.321680000000000000e+05
1.003199363263552968e+00 1.947936338806349710e+01 3.354620000000000000e+05
1.009337884460522083e+00 1.924150688748705917e+01 3.405560000000000000e+05
1.015478646350256975e+00 1.903150444404229091e+01 3.444740000000000000e+05
1.021609453879374962e+00 1.879535975858523145e+01 3.471860000000000000e+05
1.027737761654253790e+00 1.856323616389668985e+01 3.532380000000000000e+05
1.033868183565701315e+00 1.834307620003696826e+01 3.551620000000000000e+05
1.040006632801374398e+00 1.810212058219853404e+01 3.627840000000000000e+05
1.046156808389768100e+00 1.790879952819865295e+01 3.655020000000000000e+05
1.052295850575665437e+00 1.761252329568847586e+01 3.694900000000000000e+05
1.058425977651756611e+00 1.739086832641017821e+01 3.736360000000000000e+05
1.064562605041261323e+00 1.716322839804668021e+01 3.781540000000000000e+05
1.070698774491387617e+00 1.689543881523356816e+01 3.831980000000000000e+05
1.076840726399151738e+00 1.671914140798531889e+01 3.872260000000000000e+05
1.082972309238944275e+00 1.651410139920365339e+01 3.904320000000000000e+05
1.089087945679088287e+00 1.629980415065797317e+01 3.945740000000000000e+05
1.095217492047269259e+00 1.616282462893285654e+01 4.005240000000000000e+05
1.101360503814608816e+00 1.594969424415437231e+01 4.060180000000000000e+05
1.107509538678442151e+00 1.579214999909102524e+01 4.097500000000000000e+05
1.113637274621421813e+00 1.560609767620844579e+01 4.124740000000000000e+05
1.119766029293861820e+00 1.541993562700722364e+01 4.191220000000000000e+05
1.125921199838792353e+00 1.515289255053730066e+01 4.249840000000000000e+05
1.132060593734519616e+00 1.500321336912005599e+01 4.265520000000000000e+05
1.138193835500512563e+00 1.479255048004372597e+01 4.331060000000000000e+05
1.144331290643838761e+00 1.462534754304352624e+01 4.364900000000000000e+05
1.150477416657047947e+00 1.443067048501708705e+01 4.441020000000000000e+05
1.156613064375511923e+00 1.432737983107003643e+01 4.438580000000000000e+05
1.162735018537596643e+00 1.412789948287708697e+01 4.520580000000000000e+05
1.168863107201693285e+00 1.398394612926360914e+01 4.539040000000000000e+05
1.175003119642887395e+00 1.381623920439966646e+01 4.635820000000000000e+05
1.181141063188670737e+00 1.365492271392986900e+01 4.632040000000000000e+05
1.187270909488056914e+00 1.342995081145961045e+01 4.718580000000000000e+05
1.193410238621095854e+00 1.331891566307319863e+01 4.748060000000000000e+05
1.199554515593299175e+00 1.318367512660846685e+01 4.816500000000000000e+05
1.205699244952225024e+00 1.305056300631607691e+01 4.857140000000000000e+05
1.211823614414484052e+00 1.282099738870076955e+01 4.876640000000000000e+05
1.217948190684038368e+00 1.279218109442908968e+01 4.956720000000000000e+05
1.224088465910863066e+00 1.261411334317482869e+01 5.003700000000000000e+05
1.230226458808759915e+00 1.242854465820511578e+01 5.050500000000000000e+05
1.236361550594031522e+00 1.230338227866496226e+01 5.106220000000000000e+05
1.242496792651986093e+00 1.220393104994629319e+01 5.141780000000000000e+05
1.248637470443478836e+00 1.208022609235856315e+01 5.225060000000000000e+05
1.254772466883479876e+00 1.188510853113032439e+01 5.232700000000000000e+05
1.260914491442226115e+00 1.177963188812208095e+01 5.339440000000000000e+05
1.267057912247927520e+00 1.162436023255859396e+01 5.340280000000000000e+05
1.273186365191749214e+00 1.155115756556356388e+01 5.411300000000000000e+05
1.279317993167675471e+00 1.139895896286102150e+01 5.458780000000000000e+05
1.285454867222016517e+00 1.128330963802875253e+01 5.518420000000000000e+05
1.291590440177868837e+00 1.119079669211592432e+01 5.564660000000000000e+05
1.297722286883003173e+00 1.099878323799539537e+01 5.615640000000000000e+05
1.303853449480362636e+00 1.092820354561077956e+01 5.671560000000000000e+05
1.310000794114592582e+00 1.077325988802855683e+01 5.754260000000000000e+05
1.316143719180109750e+00 1.066587863583552576e+01 5.765060000000000000e+05
1.322267763843804511e+00 1.056831335933402727e+01 5.830460000000000000e+05
1.328401901823275777e+00 1.047810187761649914e+01 5.894500000000000000e+05
1.334537614144214679e+00 1.031721784950740783e+01 5.935600000000000000e+05
1.340678552423816727e+00 1.026344296366000464e+01 6.020300000000000000e+05
1.346815149096061148e+00 1.013605014174773977e+01 6.033000000000000000e+05
1.352940200955950356e+00 1.000691215710730297e+01 6.110420000000000000e+05
1.359082410299650379e+00 9.884723363099382709e+00 6.176620000000000000e+05
1.365220173749337018e+00 9.794963091037040215e+00 6.211540000000000000e+05
1.371355627496639196e+00 9.719182417131092322e+00 6.289540000000000000e+05
1.377497312851453160e+00 9.578249200394543195e+00 6.326800000000000000e+05
1.383633079758801232e+00 9.483813458098445892e+00 6.401020000000000000e+05
1.389766479619330530e+00 9.396743413287607538e+00 6.427140000000000000e+05
1.395898899779254521e+00 9.296717389284291144e+00 6.517560000000000000e+05
1.402038197914537321e+00 9.218245007257280577e+00 6.554220000000000000e+05
1.408181749899602986e+00 9.089479959509670692e+00 6.638420000000000000e+05
1.414313666006327352e+00 9.025197430399671816e+00 6.653300000000000000e+05
1.420444380108462745e+00 8.924404924483440027e+00 6.742080000000000000e+05
1.426582768631972087e+00 8.840639171404731655e+00 6.793420000000000000e+05
1.432726168338077644e+00 8.723499944976648379e+00 6.863560000000000000e+05
1.438861657952483553e+00 8.644639353306807550e+00 6.898180000000000000e+05
1.444991779317132963e+00 8.584428236919618982e+00 6.971500000000000000e+05
1.451129573505090198e+00 8.480919584885908691e+00 7.025380000000000000e+05
1.457259699941714226e+00 8.378475215132151988e+00 7.080580000000000000e+05
1.463381498859491758e+00 8.310053458224379241e+00 7.122620000000000000e+05
1.469517533590522174e+00 8.225758568813491323e+00 7.233120000000000000e+05
1.475660550406120208e+00 8.131059407702469599e+00 7.258600000000000000e+05
1.481800492405727532e+00 8.061988364144449193e+00 7.345140000000000000e+05
1.487943725053375577e+00 7.988766953259952786e+00 7.394460000000000000e+05
1.494084839802395370e+00 7.877307463097277918e+00 7.457380000000000000e+05
1.500230994160872244e+00 7.827330828672418583e+00 7.530420000000000000e+05
1.506363835328208056e+00 7.751879589539231397e+00 7.548300000000000000e+05
1.512486114839888929e+00 7.673980781252303096e+00 7.625200000000000000e+05
1.518627690030334820e+00 7.595133966671351544e+00 7.725880000000000000e+05
1.524765346634578744e+00 7.502533993501820042e+00 7.732740000000000000e+05
1.530890949051883609e+00 7.456891464262181302e+00 7.823660000000000000e+05
1.537028126588163568e+00 7.369385841416604244e+00 7.888500000000000000e+05
1.543169805434377873e+00 7.290839547898263717e+00 7.957300000000000000e+05
1.549306732909000672e+00 7.205585429520552587e+00 8.008600000000000000e+05
1.555434294201658130e+00 7.142892290142742517e+00 8.052260000000000000e+05
1.561571446339652391e+00 7.063318287901803494e+00 8.169480000000000000e+05
1.567719175442112256e+00 7.008671277201017347e+00 8.200340000000000000e+05
1.573850578540632927e+00 6.931757819042450919e+00 8.261820000000000000e+05
1.579981624465093271e+00 6.874790788705630540e+00 8.325060000000000000e+05
1.586117152796983731e+00 6.800025619648020658e+00 8.397940000000000000e+05
1.592251667404352977e+00 6.749116639735345480e+00 8.461800000000000000e+05
1.598391082936378327e+00 6.674063006699578082e+00 8.533380000000000000e+05
1.604524888897814305e+00 6.616768300387882107e+00 8.586520000000000000e+05
1.610653935392362124e+00 6.555752238710032209e+00 8.640460000000000000e+05
1.616791313571987354e+00 6.467199699771499333e+00 8.749700000000000000e+05
1.622930516872028717e+00 6.410932561465504165e+00 8.776260000000000000e+05
1.629072756710933767e+00 6.373024839896580751e+00 8.888580000000000000e+05
1.635206712107782234e+00 6.300675124417795203e+00 8.891340000000000000e+05
1.641332450557534406e+00 6.229369885509852267e+00 8.991780000000000000e+05
1.647476526455434964e+00 6.193394857842655199e+00 9.086500000000000000e+05
1.653624971246317354e+00 6.124292314847165741e+00 9.136860000000000000e+05
1.659749460045753189e+00 6.057607805684013691e+00 9.147060000000000000e+05
1.665882609668988712e+00 6.003094315561281924e+00 9.304340000000000000e+05
1.672026070498636940e+00 5.954626317485213427e+00 9.311140000000000000e+05
1.678163046888720755e+00 5.889009146433334507e+00 9.425020000000000000e+05
1.684298829118553664e+00 5.829249368256051334e+00 9.442660000000000000e+05
1.690427668814839635e+00 5.792789576311927924e+00 9.537940000000000000e+05
1.696570856301545804e+00 5.720061127748667040e+00 9.635180000000000000e+05
1.702705323372739166e+00 5.672931283269769587e+00 9.639300000000000000e+05
1.708835458549901487e+00 5.636067121827128545e+00 9.769060000000000000e+05
1.714975225249185220e+00 5.559905884711452195e+00 9.806300000000000000e+05
1.721108179093111534e+00 5.514171467054094222e+00 9.884240000000000000e+05
1.727243809866963575e+00 5.471286777184989347e+00 9.964520000000000000e+05
1.733378764674750938e+00 5.407025600167060020e+00 1.001330000000000000e+06
1.739517383820835983e+00 5.353060083136901959e+00 1.012798000000000000e+06
1.745654122929962249e+00 5.299414902103852576e+00 1.014106000000000000e+06
1.751791416343087882e+00 5.259062386492906249e+00 1.028098000000000000e+06
1.757926485810765493e+00 5.212700131611163634e+00 1.027550000000000000e+06
1.764058071799011307e+00 5.159767973512999539e+00 1.040514000000000000e+06
1.770189729323980998e+00 5.116452676746241046e+00 1.043090000000000000e+06
1.776325559465732340e+00 5.065304507632718334e+00 1.055434000000000000e+06
1.782465932766922556e+00 5.020124793944098052e+00 1.060254000000000000e+06
1.788601524197432235e+00 4.980824630329768077e+00 1.067634000000000000e+06
1.794738604867500475e+00 4.939018857463320700e+00 1.075338000000000000e+06
1.800883099103459672e+00 4.890303021491998692e+00 1.085598000000000000e+06
1.807019934883168588e+00 4.853187551058178784e+00 1.087216000000000000e+06
1.813151561985820504e+00 4.800471370001750060e+00 1.098236000000000000e+06
1.819285967717886310e+00 4.759030500544425557e+00 1.102954000000000000e+06
1.825420496494855049e+00 4.709550730422391140e+00 1.113718000000000000e+06
1.831562044563034508e+00 4.663864657923364909e+00 1.120514000000000000e+06
1.837698068657018347e+00 4.625824781567034805e+00 1.125890000000000000e+06
1.843828620762528958e+00 4.575593755550426245e+00 1.134052000000000000e+06
1.849956619567177496e+00 4.551295437835245039e+00 1.140116000000000000e+06
1.856099484251994225e+00 4.491244980594287561e+00 1.154826000000000000e+06
1.862242457888296343e+00 4.468042383313157728e+00 1.155078000000000000e+06
1.868367962353731038e+00 4.427487379707955917e+00 1.163314000000000000e+06
1.874504240172072622e+00 4.393749212735612808e+00 1.175290000000000000e+06
1.880642007427152373e+00 4.334014248341727438e+00 1.178290000000000000e+06
1.886782336020498052e+00 4.301146510719950022e+00 1.192380000000000000e+06
1.892914585516437986e+00 4.257604735448663469e+00 1.190202000000000000e+06
1.899042765606501204e+00 4.228986128272230971e+00 1.206244000000000000e+06
1.905183085066037618e+00 4.184890629416600838e+00 1.211190000000000000e+06
1.911324222205221357e+00 4.150808598838711561e+00 1.221130000000000000e+06
1.917461111844493526e+00 4.115295984292425047e+00 1.226234000000000000e+06
1.923595210349106743e+00 4.071402861271166351e+00 1.234778000000000000e+06
1.929735848089336070e+00 4.029902100904577900e+00 1.245350000000000000e+06
1.935877267586955330e+00 4.009268552528060248e+00 1.250602000000000000e+06
1.942009963668424488e+00 3.961557139734918742e+00 1.257602000000000000e+06
1.948142965082060751e+00 3.927226204530416709e+00 1.267158000000000000e+06
1.954279252938452727e+00 3.888525558712189856e+00 1.273850000000000000e+06
1.960410884287222322e+00 3.855428012114466174e+00 1.282434000000000000e+06
1.966542013919925891e+00 3.822226495707970351e+00 1.288902000000000000e+06
1.972675597984424600e+00 3.789863662568067948e+00 1.299696000000000000e+06
1.978820074307326982e+00 3.764876311914208351e+00 1.309644000000000000e+06
1.984962060325404565e+00 3.721475786223551463e+00 1.315034000000000000e+06
1.991088519666428525e+00 3.688622628007617532e+00 1.319526000000000000e+06
1.997221658539706457e+00 3.651881007511495802e+00 1.333544000000000000e+06
2.003364951808915162e+00 3.629270304305097561e+00 1.340506000000000000e+06
2.009503468739715526e+00 3.596955394534459227e+00 1.348350000000000000e+06
2.015639169983700185e+00 3.559973269167668875e+00 1.355332000000000000e+06
2.021777826909511688e+00 3.536626784222726805e+00 1.366354000000000000e+06
2.027920344587200940e+00 3.498090395193528934e+00 1.373130000000000000e+06
2.034048927939124063e+00 3.466499248696849111e+00 1.377382000000000000e+06
2.040171866290584113e+00 3.436435764921234703e+00 1.387258000000000000e+06
2.046313874271335376e+00 3.402838397083328914e+00 1.401802000000000000e+06
2.052448517325268007e+00 3.378587398021458021e+00 1.401614000000000000e+06
2.058580698669291831e+00 3.348384332476208591e+00 1.416858000000000000e+06
2.064718757447014941e+00 3.318974620046371449e+00 1.422138000000000000e+06
2.070852524234804815e+00 3.291074585680715092e+00 1.430634000000000000e+06
2.076990486458365925e+00 3.264651019368142837e+00 1.441214000000000000e+06
2.083128720234920017e+00 3.224632702225925573e+00 1.448752000000000000e+06
2.089269859683697828e+00 3.199037558615854149e+00 1.458412000000000000e+06
2.095408768674568822e+00 3.175266288917346191e+00 1.466044000000000000e+06
2.101538222075882256e+00 3.150173892999290182e+00 1.469892000000000000e+06
2.107676211136748190e+00 3.124979122223267680e+00 1.488256000000000000e+06
2.113815672236325938e+00 3.092099513925123944e+00 1.487680000000000000e+06
2.119953804781640638e+00 3.064142021378160052e+00 1.504322000000000000e+06
2.126089130118720583e+00 3.039363732350264247e+00 1.504690000000000000e+06
2.132215609835382608e+00 3.014120334737851792e+00 1.516170000000000000e+06
2.138350625473082189e+00 2.984489066660717338e+00 1.527750000000000000e+06
2.144493514828501368e+00 2.957810589861004313e+00 1.536538000000000000e+06
2.150631190063275522e+00 2.930701174899752015e+00 1.542986000000000000e+06
2.156762165252020136e+00 2.902061274705630467e+00 1.550950000000000000e+06
2.162896664448224815e+00 2.886542285410532482e+00 1.562120000000000000e+06
2.169037349367366030e+00 2.858011818991297304e+00 1.572370000000000000e+06
2.175170078658939854e+00 2.839628662066755904e+00 1.575386000000000000e+06
2.181306916133408880e+00 2.808696079769403386e+00 1.592318000000000000e+06
2.187445281223796112e+00 2.781200741529081810e+00 1.594284000000000000e+06
2.193578869952625521e+00 2.760630854794208222e+00 1.607394000000000000e+06
2.199713500802712662e+00 2.739264761986328178e+00 1.613430000000000000e+06
2.205843315404407701e+00 2.715658520126326358e+00 1.621986000000000000e+06
2.211981653840972672e+00 2.694273303719897594e+00 1.636466000000000000e+06
2.218115749455018548e+00 2.665878959519904168e+00 1.638262000000000000e+06
2.224253394449617005e+00 2.640341107914587315e+00 1.655554000000000000e+06
2.230394475034700452e+00 2.619255075572295866e+00 1.659354000000000000e+06
2.236527486724025682e+00 2.603888317974890398e+00 1.668346000000000000e+06
2.242668115027510733e+00 2.578067912491358804e+00 1.683278000000000000e+06
2.248802178656232442e+00 2.561102581258836608e+00 1.681944000000000000e+06
2.254934371799744763e+00 2.530072764520152617e+00 1.701178000000000000e+06
2.261073606041869244e+00 2.509931937502021704e+00 1.704294000000000000e+06
2.267215275432380661e+00 2.490600186763072266e+00 1.720484000000000000e+06
2.273352959253353234e+00 2.473492197104928181e+00 1.721954000000000000e+06
2.279480162911264873e+00 2.449757416877671012e+00 1.731642000000000000e+06
2.285613562787311537e+00 2.426487379855984727e+00 1.745270000000000000e+06
2.291755320230514759e+00 2.407785027369419684e+00 1.754618000000000000e+06
2.297895760600043857e+00 2.388322238231680217e+00 1.763210000000000000e+06
2.304031358756954972e+00 2.359731916563243992e+00 1.771374000000000000e+06
2.310161424867521962e+00 2.345664747589906618e+00 1.777658000000000000e+06
2.316297978757182019e+00 2.320971057127847015e+00 1.795410000000000000e+06
2.322436317381534554e+00 2.303474426679343878e+00 1.796694000000000000e+06
2.328569333475320136e+00 2.292747100704060959e+00 1.811810000000000000e+06
2.334705947664326597e+00 2.266960936897442380e+00 1.818024000000000000e+06
2.340836381319525650e+00 2.246537292922716311e+00 1.826074000000000000e+06
2.346969592145329297e+00 2.229593321626464064e+00 1.840326000000000000e+06
2.353111353042913745e+00 2.211423894709745319e+00 1.849818000000000000e+06
2.359250472361396955e+00 2.192351713991976148e+00 1.857988000000000000e+06
2.365392372652085129e+00 2.171485428834828646e+00 1.870950000000000000e+06
2.371526317157957475e+00 2.155653947878914067e+00 1.872210000000000000e+06
2.377656093482844124e+00 2.137215034533456848e+00 1.888706000000000000e+06
2.383791837043190753e+00 2.119504986729484841e+00 1.894242000000000000e+06
2.389932547086535575e+00 2.100144897124662346e+00 1.911622000000000000e+06
2.396067071658701586e+00 2.080660293943171091e+00 1.910826000000000000e+06
2.402200402384513378e+00 2.065715128571858461e+00 1.929258000000000000e+06
2.408341193848630102e+00 2.046708600860028149e+00 1.936430000000000000e+06
2.414476934265398445e+00 2.028402110812809855e+00 1.944146000000000000e+06
2.420605355418538274e+00 2.013786045176788164e+00 1.953240000000000000e+06
2.426740659922558940e+00 1.998796006845181328e+00 1.967690000000000000e+06
2.432881039345170304e+00 1.982407033366640592e+00 1.976144000000000000e+06
2.439012602858177559e+00 1.964589659083315398e+00 1.982370000000000000e+06
2.445150210392110335e+00 1.951400362182419634e+00 1.999088000000000000e+06
2.451288854292454022e+00 1.930197358395383089e+00 2.004904000000000000e+06
2.457424250758790674e+00 1.916959821892979532e+00 2.015074000000000000e+06
2.463564817045048372e+00 1.901914415199843278e+00 2.029642000000000000e+06
2.469700047730502224e+00 1.883739596819580475e+00 2.031414000000000000e+06
2.475832780499056085e+00 1.870464779966814817e+00 2.048226000000000000e+06
2.481970511063669171e+00 1.853190296148997662e+00 2.055170000000000000e+06
2.488108687706466426e+00 1.839163252629500089e+00 2.068266000000000000e+06
2.494239285613428336e+00 1.823405705332841409e+00 2.071406000000000000e+06
2.500368357182769952e+00 1.808772445138560059e+00 2.086658000000000000e+06
2.506512664393816259e+00 1.794989450163116951e+00 2.103000000000000000e+06
2.512652740121724015e+00 1.777883183358549557e+00 2.104120000000000000e+06
2.518783353036091910e+00 1.767259931308035714e+00 2.116722000000000000e+06
2.524922642355731828e+00 1.750685018641839896e+00 2.131224000000000000e+06
2.531060673812723483e+00 1.736215683986752856e+00 2.136036000000000000e+06
2.537192347566814998e+00 1.720974845095892825e+00 2.148102000000000000e+06
2.543321096198151388e+00 1.704864179265352719e+00 2.154818000000000000e+06
2.549460494225066487e+00 1.695416744581300428e+00 2.175186000000000000e+06
2.555599099877817082e+00 1.680001186713576233e+00 2.176766000000000000e+06
2.561727104143974643e+00 1.664997927151401935e+00 2.187562000000000000e+06
2.567864194824001967e+00 1.652737833657744737e+00 2.204802000000000000e+06
2.574002942759865409e+00 1.639895510629995501e+00 2.209126000000000000e+06
2.580138358004716359e+00 1.625132236743739078e+00 2.223546000000000000e+06
2.586274078433772772e+00 1.614551107688258380e+00 2.231962000000000000e+06
2.592414558086459930e+00 1.600654020263540644e+00 2.245920000000000000e+06
2.598554258700748854e+00 1.587646543879875916e+00 2.254302000000000000e+06
2.604687212253104622e+00 1.574904062659516324e+00 2.261250000000000000e+06
2.610825522257030684e+00 1.564557501419675312e+00 2.280740000000000000e+06
2.616966808842488668e+00 1.547895659475508889e+00 2.284350000000000000e+06
2.623104270467115473e+00 1.537109211554650745e+00 2.298202000000000000e+06
2.629237483160341338e+00 1.527323309137736507e+00 2.304698000000000000e+06
2.635369657694711876e+00 1.514978564152698048e+00 2.317338000000000000e+06
2.641499727968988687e+00 1.496527454164972681e+00 2.325798000000000000e+06
2.647632768226896527e+00 1.488456720385692211e+00 2.339938000000000000e+06
2.653770534295234018e+00 1.475381044423540455e+00 2.351874000000000000e+06
2.659909164671664605e+00 1.463405412345697654e+00 2.362846000000000000e+06
2.666054374117809100e+00 1.456836307207610259e+00 2.377538000000000000e+06
2.672186673284417946e+00 1.443491477950849422e+00 2.375848000000000000e+06
2.678312528652142088e+00 1.433476407108100759e+00 2.393516000000000000e+06
2.684453749728012095e+00 1.421501137711868035e+00 2.410428000000000000e+06
2.690591377737787671e+00 1.406469864964554839e+00 2.412546000000000000e+06
2.696726952642713560e+00 1.397325276525626103e+00 2.430260000000000000e+06
2.702866110225143448e+00 1.386623497470699906e+00 2.438550000000000000e+06
2.709002338288592604e+00 1.376833748190493978e+00 2.449114000000000000e+06
2.715135780543764810e+00 1.367793568979095209e+00 2.459034000000000000e+06
2.721267436131594497e+00 1.354377245855674872e+00 2.470150000000000000e+06
2.727401015142188356e+00 1.345217188983198309e+00 2.481514000000000000e+06
2.733539335677399595e+00 1.336867469916718676e+00 2.498234000000000000e+06
2.739679502125022204e+00 1.325445232564166798e+00 2.503746000000000000e+06
2.745817155774809226e+00 1.314842369390093690e+00 2.520166000000000000e+06
2.751943099353292954e+00 1.305321389767500451e+00 2.515546000000000000e+06
2.758076357730228523e+00 1.296290420965056533e+00 2.548256000000000000e+06
2.764223098794695410e+00 1.286816338021480988e+00 2.551110000000000000e+06
2.770360964805264725e+00 1.274557242215659691e+00 2.561602000000000000e+06
2.776495678064977657e+00 1.265506709902790128e+00 2.573090000000000000e+06
2.782632841907622723e+00 1.254851430821576130e+00 2.584266000000000000e+06
2.788767970688140085e+00 1.245125729389891411e+00 2.595808000000000000e+06
2.794901511144343154e+00 1.237161772810762006e+00 2.605834000000000000e+06
2.801038782212097455e+00 1.229261669252028177e+00 2.620114000000000000e+06
2.807176319890059446e+00 1.218388602928267117e+00 2.631062000000000000e+06
2.813311830642204470e+00 1.210229454506676294e+00 2.639842000000000000e+06
2.819446930747391278e+00 1.201500400081421338e+00 2.655378000000000000e+06
2.825580897323283214e+00 1.194941863823753447e+00 2.660326000000000000e+06
2.831713271913113505e+00 1.185021943852908599e+00 2.677426000000000000e+06
2.837846345622741850e+00 1.176723711083740742e+00 2.685162000000000000e+06
2.843985590462598800e+00 1.166855283345517691e+00 2.704760000000000000e+06
2.850123436079797568e+00 1.159384179732832143e+00 2.708496000000000000e+06
2.856259466837814287e+00 1.149213117668813844e+00 2.725248000000000000e+06
2.862398885036955942e+00 1.141706349371920837e+00 2.736020000000000000e+06
2.868533615008694415e+00 1.134720226672546461e+00 2.744030000000000000e+06
2.874669347604553948e+00 1.124875713598971538e+00 2.760146000000000000e+06
2.880808804211496987e+00 1.117451261619511804e+00 2.771578000000000000e+06
2.886941815293988078e+00 1.108754893824848597e+00 2.777034000000000000e+06
2.893077102347914487e+00 1.102842315947824225e+00 2.798278000000000000e+06
2.899215689977627353e+00 1.094667304538986752e+00 2.803594000000000000e+06
2.905349614149792981e+00 1.085988548434074330e+00 2.816642000000000000e+06
2.911484395663807234e+00 1.078632212861235340e+00 2.829646000000000000e+06
2.917623870298519329e+00 1.071837955040802814e+00 2.843514000000000000e+06
2.923759010894857902e+00 1.064872403100869835e+00 2.851082000000000000e+06
2.929889100592979911e+00 1.057095936172570694e+00 2.861654000000000000e+06
2.936021938209480986e+00 1.050208228067775140e+00 2.877178000000000000e+06
2.942158275655325728e+00 1.042749546341141142e+00 2.890432000000000000e+06
2.948295394311441608e+00 1.035286410068952723e+00 2.900266000000000000e+06
2.954432425033341580e+00 1.028792350703628289e+00 2.916768000000000000e+06
2.960571128117052808e+00 1.020457283216167133e+00 2.923330000000000000e+06
2.966709357851962103e+00 1.014817550908085675e+00 2.942818000000000000e+06
2.972847381510149045e+00 1.007896712809966289e+00 2.947038000000000000e+06
2.978981248413536953e+00 1.002925360973937030e+00 2.962122000000000000e+06
2.985113362632154654e+00 9.935506665899896950e-01 2.970874000000000000e+06
2.991250826136111485e+00 9.875407421541531061e-01 2.990330000000000000e+06
2.997387592483181873e+00 9.802219277108255024e-01 2.996886000000000000e+06
3.003528386879907863e+00 9.750612204038808795e-01 3.017202000000000000e+06
3.009664205426715089e+00 9.677738469799245236e-01 3.016754000000000000e+06
3.015796465997510722e+00 9.618107139257923155e-01 3.039078000000000000e+06
3.021932414202445294e+00 9.572684000473727917e-01 3.044178000000000000e+06
3.028070738935859207e+00 9.503383614041427396e-01 3.067032000000000000e+06
3.034208569138587386e+00 9.440816876445990991e-01 3.067826000000000000e+06
3.040342223476008243e+00 9.372646065949289396e-01 3.088064000000000000e+06
3.046476421080876129e+00 9.318363656259518457e-01 3.093602000000000000e+06
3.052612959636699319e+00 9.260696660102186728e-01 3.114690000000000000e+06
3.058750231468988279e+00 9.203800065748528603e-01 3.119758000000000000e+06
3.064882704630693233e+00 9.158282809917697165e-01 3.134506000000000000e+06
3.071021226748086086e+00 9.106219424617223446e-01 3.151738000000000000e+06
3.077154342678021681e+00 9.038230198319027187e-01 3.153718000000000000e+06
3.083285412300488915e+00 8.987949058116858625e-01 3.174282000000000000e+06
3.089423337311991702e+00 8.929546101037305617e-01 3.187258000000000000e+06
3.095558878539140135e+00 8.889138078965026502e-01 3.195346000000000000e+06
3.101698563582312662e+00 8.826675728941782983e-01 3.218684000000000000e+06
3.107834128583444322e+00 8.778147410008313445e-01 3.215772000000000000e+06
3.113967832080322573e+00 8.722266560867454332e-01 3.242200000000000000e+06
3.120108124816106887e+00 8.678877432506747480e-01 3.248392000000000000e+06
3.126246092256358189e+00 8.616684258187726764e-01 3.264266000000000000e+06
3.132375051323107673e+00 8.579672062935278509e-01 3.266914000000000000e+06
3.138511081734877806e+00 8.526424449877857414e-01 3.294282000000000000e+06
