# Redshift space power spectrum in mu bins.
# Subtracting SN=    1.63082e+01.
#     k\mu         0.12500         0.37500         0.62500         0.87500
   0.00920     8.91970e+03             nan     1.48414e+04     1.70041e+04
   0.01534     1.11855e+04     1.35468e+04     1.80796e+04     2.14981e+04
   0.02148     1.11290e+04     1.21695e+04     1.52083e+04     1.98943e+04
   0.02761     1.05466e+04     1.16951e+04     1.50166e+04     1.85893e+04
   0.03375     8.99464e+03     9.22014e+03     1.15369e+04     1.63740e+04
   0.03988     7.32869e+03     8.32379e+03     1.02343e+04     1.34524e+04
   0.04602     6.50815e+03     6.98625e+03     8.76190e+03     1.13275e+04
   0.05216     5.85037e+03     6.67160e+03     8.29595e+03     1.04590e+04
   0.05829     5.43178e+03     6.10740e+03     7.33792e+03     9.95515e+03
   0.06443     5.01406e+03     5.57262e+03     6.96731e+03     8.72098e+03
   0.07056     4.75184e+03     5.13593e+03     6.32593e+03     8.25344e+03
   0.07670     4.27965e+03     4.80429e+03     5.79962e+03     7.88765e+03
   0.08283     3.82582e+03     4.26460e+03     5.16259e+03     6.79355e+03
   0.08897     3.32752e+03     3.73528e+03     4.53964e+03     6.00736e+03
   0.09511     2.90030e+03     3.22871e+03     4.00477e+03     5.29290e+03
   0.10124     2.73292e+03     3.04305e+03     3.68669e+03     4.66174e+03
   0.10738     2.46424e+03     2.74417e+03     3.22239e+03     4.33919e+03
   0.11351     2.29281e+03     2.52543e+03     3.14365e+03     4.02011e+03
   0.11965     2.15291e+03     2.37997e+03     2.95165e+03     3.81177e+03
   0.12579     2.10003e+03     2.40011e+03     2.85196e+03     3.79174e+03
   0.13192     2.01517e+03     2.22693e+03     2.74314e+03     3.65659e+03
   0.13806     1.83709e+03     2.07536e+03     2.64193e+03     3.25338e+03
   0.14419     1.74790e+03     1.89285e+03     2.36682e+03     3.18167e+03
   0.15033     1.58263e+03     1.82975e+03     2.16372e+03     2.77810e+03
   0.15647     1.44421e+03     1.64812e+03     1.96970e+03     2.62385e+03
   0.16260     1.35739e+03     1.51569e+03     1.83554e+03     2.39336e+03
   0.16874     1.25481e+03     1.41122e+03     1.78656e+03     2.41994e+03
   0.17487     1.21232e+03     1.35860e+03     1.65764e+03     2.24912e+03
   0.18101     1.14703e+03     1.31605e+03     1.51761e+03     2.12533e+03
   0.18715     1.13027e+03     1.22920e+03     1.51793e+03     2.06750e+03
   0.19328     1.09011e+03     1.22784e+03     1.48457e+03     1.95095e+03
   0.19942     1.03727e+03     1.14172e+03     1.37976e+03     1.86064e+03
   0.20555     9.60169e+02     1.08855e+03     1.30108e+03     1.76060e+03
   0.21169     8.86205e+02     1.04580e+03     1.29372e+03     1.64518e+03
   0.21783     8.68850e+02     9.57700e+02     1.17715e+03     1.59865e+03
   0.22396     8.14159e+02     8.85991e+02     1.13361e+03     1.49301e+03
   0.23010     7.75268e+02     8.73227e+02     1.09730e+03     1.50837e+03
   0.23623     7.51204e+02     8.36003e+02     1.03397e+03     1.40356e+03
   0.24237     7.08965e+02     7.97400e+02     9.66725e+02     1.28828e+03
   0.24850     6.91538e+02     7.95159e+02     9.63873e+02     1.33469e+03
   0.25464     6.78779e+02     7.50178e+02     9.36226e+02     1.27511e+03
   0.26078     6.37505e+02     7.29959e+02     8.93811e+02     1.21299e+03
   0.26691     6.22152e+02     6.82262e+02     8.52443e+02     1.13352e+03
   0.27305     6.04276e+02     6.62845e+02     8.52946e+02     1.07799e+03
   0.27918     5.85251e+02     6.54784e+02     7.74541e+02     1.08532e+03
   0.28532     5.49580e+02     6.23047e+02     7.93745e+02     1.02837e+03
   0.29146     5.25790e+02     5.78747e+02     7.32000e+02     9.93037e+02
   0.29759     5.08860e+02     5.75853e+02     7.05200e+02     9.83378e+02
   0.30373     4.85638e+02     5.48702e+02     6.87506e+02     9.49039e+02
   0.30986     4.81826e+02     5.39263e+02     6.71957e+02     9.11303e+02
   0.31600     4.63768e+02     5.20516e+02     6.36334e+02     8.59181e+02
   0.32214     4.55982e+02     5.04233e+02     6.22091e+02     8.47630e+02
   0.32827     4.36387e+02     4.84158e+02     5.97240e+02     8.20030e+02
   0.33441     4.21876e+02     4.63960e+02     5.90732e+02     7.88889e+02
   0.34054     4.08606e+02     4.59976e+02     5.48479e+02     7.69772e+02
   0.34668     3.90539e+02     4.50441e+02     5.50090e+02     7.75368e+02
   0.35282     3.82281e+02     4.33034e+02     5.18282e+02     7.27112e+02
   0.35895     3.68891e+02     4.20412e+02     5.09563e+02     7.24883e+02
   0.36509     3.63787e+02     4.01111e+02     4.87080e+02     6.72198e+02
   0.37122     3.55772e+02     4.05847e+02     4.97059e+02     6.75361e+02
   0.37736     3.45180e+02     3.88407e+02     4.65916e+02     6.66048e+02
   0.38350     3.25838e+02     3.71177e+02     4.63020e+02     6.14906e+02
   0.38963     3.24495e+02     3.65393e+02     4.39555e+02     5.98385e+02
   0.39577     3.19243e+02     3.56574e+02     4.38237e+02     6.03485e+02
   0.40190     3.04654e+02     3.44849e+02     4.31042e+02     5.87623e+02
   0.40804     3.03752e+02     3.34001e+02     4.13372e+02     5.81500e+02
   0.41417     2.86554e+02     3.22686e+02     3.99717e+02     5.49680e+02
   0.42031     2.88166e+02     3.16638e+02     3.94725e+02     5.48343e+02
   0.42645     2.78056e+02     3.05271e+02     3.84843e+02     5.30962e+02
   0.43258     2.63930e+02     2.93969e+02     3.65662e+02     5.18928e+02
   0.43872     2.59685e+02     2.93365e+02     3.66807e+02     5.08231e+02
   0.44485     2.62684e+02     2.80271e+02     3.56539e+02     4.93343e+02
   0.45099     2.44165e+02     2.84421e+02     3.45531e+02     4.73114e+02
   0.45713     2.43458e+02     2.71779e+02     3.39880e+02     4.73827e+02
   0.46326     2.43402e+02     2.64871e+02     3.27201e+02     4.63195e+02
   0.46940     2.37492e+02     2.64493e+02     3.22328e+02     4.49561e+02
   0.47553     2.30958e+02     2.54110e+02     3.15232e+02     4.39523e+02
   0.48167     2.20959e+02     2.53565e+02     3.11002e+02     4.30106e+02
   0.48781     2.16563e+02     2.42845e+02     2.95816e+02     4.22771e+02
   0.49394     2.15527e+02     2.35581e+02     3.00322e+02     4.14353e+02
   0.50008     2.06123e+02     2.30962e+02     2.85063e+02     4.09329e+02
   0.50621     2.05412e+02     2.25816e+02     2.80502e+02     3.92793e+02
   0.51235     2.00576e+02     2.18537e+02     2.67550e+02     3.81899e+02
   0.51849     1.98099e+02     2.16277e+02     2.70436e+02     3.72632e+02
   0.52462     1.92926e+02     2.11846e+02     2.63396e+02     3.66747e+02
   0.53076     1.85528e+02     2.06556e+02     2.62250e+02     3.59347e+02
   0.53689     1.85765e+02     2.02950e+02     2.51567e+02     3.53485e+02
   0.54303     1.78130e+02     1.98128e+02     2.50586e+02     3.46631e+02
   0.54917     1.75958e+02     1.94247e+02     2.43371e+02     3.42585e+02
   0.55530     1.72233e+02     1.91291e+02     2.37982e+02     3.32344e+02
   0.56144     1.69971e+02     1.87756e+02     2.33203e+02     3.28209e+02
   0.56757     1.63661e+02     1.84373e+02     2.29278e+02     3.18299e+02
   0.57371     1.63893e+02     1.80412e+02     2.19229e+02     3.10467e+02
   0.57984     1.58770e+02     1.75436e+02     2.17989e+02     3.05585e+02
   0.58598     1.55745e+02     1.71940e+02     2.15888e+02     2.97622e+02
   0.59212     1.53734e+02     1.71507e+02     2.12591e+02     2.97680e+02
   0.59825     1.50182e+02     1.66365e+02     2.07171e+02     2.90357e+02
   0.60439     1.49816e+02     1.63583e+02     2.05679e+02     2.83262e+02
   0.61052     1.44387e+02     1.61419e+02     1.99785e+02     2.78353e+02
   0.61666     1.44983e+02     1.58534e+02     1.95774e+02     2.71983e+02
   0.62280     1.39733e+02     1.56462e+02     1.91906e+02     2.69001e+02
   0.62893     1.38166e+02     1.53366e+02     1.87148e+02     2.63324e+02
   0.63507     1.36334e+02     1.49346e+02     1.86969e+02     2.58553e+02
   0.64120     1.34329e+02     1.48061e+02     1.80932e+02     2.53524e+02
   0.64734     1.31351e+02     1.45700e+02     1.77075e+02     2.49345e+02
   0.65348     1.29514e+02     1.41729e+02     1.75333e+02     2.41228e+02
   0.65961     1.25987e+02     1.39078e+02     1.71003e+02     2.39568e+02
   0.66575     1.23918e+02     1.36173e+02     1.69557e+02     2.35385e+02
   0.67188     1.22524e+02     1.33843e+02     1.64903e+02     2.33294e+02
   0.67802     1.20452e+02     1.33513e+02     1.62048e+02     2.27312e+02
   0.68416     1.17238e+02     1.30075e+02     1.61417e+02     2.21193e+02
   0.69029     1.17100e+02     1.28522e+02     1.57223e+02     2.16104e+02
   0.69643     1.14326e+02     1.25785e+02     1.53613e+02     2.15583e+02
   0.70256     1.11932e+02     1.24707e+02     1.52222e+02     2.10289e+02
   0.70870     1.12480e+02     1.19912e+02     1.47914e+02     2.07521e+02
   0.71484     1.08275e+02     1.20666e+02     1.49269e+02     2.04570e+02
   0.72097     1.08025e+02     1.18157e+02     1.45659e+02     2.00840e+02
   0.72711     1.06345e+02     1.15221e+02     1.40895e+02     1.98186e+02
   0.73324     1.02827e+02     1.14714e+02     1.37699e+02     1.91025e+02
   0.73938     1.02947e+02     1.12955e+02     1.36295e+02     1.89821e+02
   0.74551     1.00663e+02     1.09592e+02     1.34605e+02     1.86998e+02
   0.75165     1.00327e+02     1.08650e+02     1.31809e+02     1.86616e+02
   0.75779     9.77735e+01     1.07194e+02     1.30914e+02     1.78129e+02
   0.76392     9.66660e+01     1.04741e+02     1.28678e+02     1.77275e+02
   0.77006     9.43104e+01     1.02812e+02     1.24278e+02     1.74193e+02
   0.77619     9.42356e+01     1.01561e+02     1.23969e+02     1.70852e+02
   0.78233     9.24246e+01     9.99707e+01     1.22406e+02     1.70476e+02
   0.78847     9.17343e+01     1.00043e+02     1.18837e+02     1.65499e+02
   0.79460     8.84410e+01     9.73021e+01     1.19538e+02     1.63016e+02
   0.80074     8.76349e+01     9.57120e+01     1.16534e+02     1.59464e+02
   0.80687     8.69017e+01     9.48925e+01     1.14714e+02     1.57328e+02
   0.81301     8.61980e+01     9.36347e+01     1.11863e+02     1.54903e+02
   0.81915     8.51779e+01     9.13042e+01     1.10368e+02     1.51785e+02
   0.82528     8.31990e+01     9.01362e+01     1.08401e+02     1.50370e+02
   0.83142     8.10962e+01     8.80338e+01     1.05797e+02     1.48119e+02
   0.83755     8.05008e+01     8.79067e+01     1.06309e+02     1.45070e+02
   0.84369     7.81107e+01     8.60600e+01     1.03025e+02     1.42848e+02
   0.84983     7.82732e+01     8.51634e+01     1.01170e+02     1.38710e+02
   0.85596     7.76404e+01     8.25383e+01     1.00166e+02     1.38941e+02
   0.86210     7.79291e+01     8.16974e+01     9.93424e+01     1.36783e+02
   0.86823     7.55742e+01     8.12784e+01     9.76932e+01     1.34079e+02
   0.87437     7.50056e+01     7.94759e+01     9.55015e+01     1.30494e+02
   0.88050     7.38022e+01     7.93348e+01     9.43282e+01     1.29797e+02
   0.88664     7.24842e+01     7.68848e+01     9.26141e+01     1.25837e+02
   0.89278     7.15894e+01     7.62799e+01     9.20177e+01     1.24872e+02
   0.89891     7.01589e+01     7.42696e+01     8.99925e+01     1.23904e+02
   0.90505     6.90429e+01     7.36679e+01     8.74694e+01     1.20625e+02
   0.91118     6.78272e+01     7.35192e+01     8.71605e+01     1.19344e+02
   0.91732     6.73257e+01     7.24821e+01     8.59093e+01     1.17691e+02
   0.92346     6.67048e+01     7.04636e+01     8.43821e+01     1.14713e+02
   0.92959     6.53574e+01     6.92575e+01     8.33560e+01     1.13475e+02
   0.93573     6.51761e+01     6.87989e+01     8.16688e+01     1.11933e+02
   0.94186     6.34996e+01     6.86160e+01     8.11104e+01     1.10032e+02
   0.94800     6.31811e+01     6.65632e+01     7.94272e+01     1.07217e+02
   0.95414     6.24260e+01     6.56102e+01     7.77650e+01     1.06193e+02
   0.96027     6.18566e+01     6.49472e+01     7.75990e+01     1.05814e+02
   0.96641     6.13239e+01     6.39436e+01     7.59220e+01     1.04497e+02
   0.97254     5.94224e+01     6.27245e+01     7.55207e+01     1.01745e+02
   0.97868     5.89014e+01     6.25618e+01     7.32254e+01     1.00352e+02
   0.98482     5.91934e+01     6.17539e+01     7.16513e+01     9.81643e+01
   0.99095     5.84302e+01     6.10959e+01     7.08030e+01     9.68226e+01
   0.99709     5.67751e+01     5.93264e+01     7.09502e+01     9.59005e+01
   1.00322     5.61902e+01     5.89808e+01     6.84890e+01     9.36670e+01
   1.00936     5.53564e+01     5.81180e+01     6.79487e+01     9.26588e+01
   1.01550     5.37430e+01     5.70967e+01     6.74679e+01     9.17824e+01
   1.02163     5.31072e+01     5.73856e+01     6.58205e+01     9.03802e+01
   1.02777     5.33601e+01     5.54066e+01     6.49364e+01     8.70723e+01
   1.03390     5.24200e+01     5.52641e+01     6.47924e+01     8.70115e+01
   1.04004     5.17013e+01     5.45779e+01     6.30560e+01     8.60679e+01
   1.04617     5.11051e+01     5.43125e+01     6.26955e+01     8.46730e+01
   1.05231     5.01882e+01     5.28573e+01     6.10920e+01     8.30442e+01
   1.05845     5.02140e+01     5.20716e+01     6.03041e+01     8.18046e+01
   1.06458     4.95012e+01     5.16305e+01     5.95638e+01     8.06051e+01
   1.07072     4.87837e+01     4.97681e+01     5.87243e+01     7.93791e+01
   1.07685     4.82210e+01     4.99119e+01     5.72630e+01     7.81063e+01
   1.08299     4.76094e+01     4.97083e+01     5.67654e+01     7.71862e+01
   1.08913     4.69489e+01     4.83565e+01     5.57429e+01     7.57524e+01
   1.09526     4.60636e+01     4.77202e+01     5.51674e+01     7.46028e+01
   1.10140     4.54816e+01     4.74875e+01     5.37063e+01     7.35940e+01
   1.10753     4.52790e+01     4.63736e+01     5.36144e+01     7.15885e+01
   1.11367     4.46982e+01     4.60711e+01     5.25084e+01     7.12272e+01
   1.11981     4.41439e+01     4.50389e+01     5.16593e+01     6.97580e+01
   1.12594     4.34674e+01     4.43750e+01     5.08524e+01     6.91143e+01
   1.13208     4.32256e+01     4.36414e+01     4.98735e+01     6.84956e+01
   1.13821     4.19631e+01     4.32772e+01     4.92738e+01     6.68489e+01
   1.14435     4.15995e+01     4.32750e+01     4.89268e+01     6.60523e+01
   1.15049     4.13824e+01     4.24703e+01     4.75801e+01     6.45384e+01
   1.15662     4.10061e+01     4.19289e+01     4.75749e+01     6.38838e+01
   1.16276     4.01748e+01     4.11786e+01     4.66106e+01     6.31013e+01
   1.16889     3.94425e+01     4.06742e+01     4.59729e+01     6.15978e+01
   1.17503     3.95137e+01     3.99382e+01     4.53069e+01     6.04591e+01
   1.18117     3.87512e+01     3.96951e+01     4.42088e+01     5.98893e+01
   1.18730     3.82047e+01     3.85961e+01     4.44237e+01     5.86947e+01
   1.19344     3.76158e+01     3.78720e+01     4.37734e+01     5.81621e+01
   1.19957     3.73317e+01     3.77928e+01     4.24616e+01     5.71940e+01
   1.20571     3.72677e+01     3.68145e+01     4.22145e+01     5.59969e+01
   1.21184     3.61345e+01     3.66517e+01     4.11778e+01     5.57318e+01
   1.21798     3.57496e+01     3.62318e+01     4.06262e+01     5.42358e+01
   1.22412     3.56104e+01     3.55269e+01     4.03277e+01     5.38011e+01
   1.23025     3.49612e+01     3.49362e+01     3.95617e+01     5.31234e+01
   1.23639     3.46733e+01     3.45519e+01     3.88291e+01     5.21222e+01
   1.24252     3.38822e+01     3.43371e+01     3.83711e+01     5.06771e+01
   1.24866     3.37186e+01     3.36772e+01     3.77650e+01     5.06454e+01
   1.25480     3.33407e+01     3.29664e+01     3.73315e+01     4.95462e+01
   1.26093     3.28857e+01     3.27753e+01     3.66597e+01     4.84535e+01
   1.26707     3.23664e+01     3.21726e+01     3.62238e+01     4.86707e+01
   1.27320     3.18414e+01     3.19321e+01     3.54102e+01     4.77764e+01
   1.27934     3.12512e+01     3.14889e+01     3.45772e+01     4.66498e+01
   1.28548     3.09598e+01     3.09400e+01     3.41890e+01     4.54743e+01
   1.29161     3.06689e+01     3.06720e+01     3.35118e+01     4.48797e+01
   1.29775     3.04299e+01     2.98403e+01     3.30979e+01     4.47724e+01
   1.30388     3.03775e+01     2.95960e+01     3.26698e+01     4.34664e+01
   1.31002     2.92546e+01     2.90560e+01     3.22676e+01     4.33203e+01
   1.31616     2.93336e+01     2.89353e+01     3.20114e+01     4.23160e+01
   1.32229     2.92403e+01     2.84390e+01     3.10301e+01     4.18241e+01
   1.32843     2.83748e+01     2.78817e+01     3.10782e+01     4.12525e+01
   1.33456     2.81865e+01     2.80628e+01     3.02371e+01     4.03201e+01
   1.34070     2.77875e+01     2.71974e+01     2.99525e+01     3.96760e+01
   1.34684     2.79550e+01     2.65704e+01     2.93488e+01     3.90521e+01
   1.35297     2.71978e+01     2.63713e+01     2.89685e+01     3.83672e+01
   1.35911     2.65897e+01     2.63954e+01     2.84063e+01     3.79788e+01
   1.36524     2.62922e+01     2.56734e+01     2.82884e+01     3.73156e+01
   1.37138     2.59475e+01     2.52648e+01     2.76176e+01     3.66511e+01
   1.37751     2.56917e+01     2.48618e+01     2.72713e+01     3.57780e+01
   1.38365     2.54373e+01     2.48347e+01     2.69708e+01     3.51337e+01
   1.38979     2.49610e+01     2.40928e+01     2.63063e+01     3.52300e+01
   1.39592     2.48537e+01     2.38103e+01     2.59051e+01     3.43708e+01
   1.40206     2.43788e+01     2.34707e+01     2.56072e+01     3.37174e+01
   1.40819     2.40561e+01     2.29963e+01     2.51031e+01     3.30161e+01
   1.41433     2.36738e+01     2.26607e+01     2.47861e+01     3.28268e+01
   1.42047     2.36922e+01     2.23663e+01     2.41699e+01     3.20489e+01
   1.42660     2.31642e+01     2.21238e+01     2.35240e+01     3.17687e+01
   1.43274     2.30235e+01     2.18780e+01     2.34119e+01     3.07623e+01
   1.43887     2.26058e+01     2.12588e+01     2.30337e+01     3.05142e+01
   1.44501     2.23478e+01     2.10614e+01     2.25376e+01     2.98883e+01
   1.45115     2.19645e+01     2.06195e+01     2.24133e+01     2.92880e+01
   1.45728     2.16226e+01     2.06117e+01     2.18632e+01     2.89671e+01
   1.46342     2.12278e+01     2.00830e+01     2.16592e+01     2.84516e+01
   1.46955     2.10359e+01     1.99007e+01     2.09835e+01     2.81692e+01
   1.47569     2.07787e+01     1.95676e+01     2.07546e+01     2.76644e+01
   1.48183     2.04659e+01     1.90797e+01     2.03224e+01     2.71489e+01
   1.48796     2.03788e+01     1.87997e+01     2.00857e+01     2.67417e+01
   1.49410     2.00745e+01     1.84177e+01     1.96977e+01     2.58878e+01
   1.50023     1.97892e+01     1.84836e+01     1.97735e+01     2.55674e+01
   1.50637     1.96117e+01     1.80390e+01     1.89616e+01     2.53656e+01
   1.51251     1.91697e+01     1.76971e+01     1.87800e+01     2.50875e+01
   1.51864     1.89123e+01     1.73937e+01     1.86376e+01     2.41726e+01
   1.52478     1.85492e+01     1.72252e+01     1.81101e+01     2.39497e+01
   1.53091     1.86363e+01     1.67383e+01     1.76151e+01     2.35756e+01
   1.53705     1.81875e+01     1.66284e+01     1.72583e+01     2.30877e+01
   1.54318     1.79496e+01     1.62477e+01     1.70130e+01     2.27305e+01
   1.54932     1.76883e+01     1.59676e+01     1.67257e+01     2.22593e+01
   1.55546     1.72378e+01     1.58278e+01     1.64480e+01     2.19334e+01
   1.56159     1.72182e+01     1.52785e+01     1.61007e+01     2.13843e+01
   1.56773     1.70904e+01     1.50709e+01     1.56501e+01     2.09624e+01
   1.57386     1.66169e+01     1.48353e+01     1.54260e+01     2.05189e+01
   1.58000     1.64957e+01     1.47031e+01     1.50452e+01     2.04498e+01
   1.58614     1.61118e+01     1.43034e+01     1.49800e+01     1.99976e+01
   1.59227     1.57651e+01     1.41778e+01     1.47250e+01     1.94795e+01
   1.59841     1.55986e+01     1.38683e+01     1.45164e+01     1.90368e+01
   1.60454     1.55215e+01     1.35876e+01     1.41676e+01     1.89868e+01
   1.61068     1.51795e+01     1.34122e+01     1.39735e+01     1.83756e+01
   1.61682     1.49447e+01     1.32380e+01     1.35661e+01     1.81436e+01
   1.62295     1.48162e+01     1.28449e+01     1.32008e+01     1.77084e+01
   1.62909     1.44272e+01     1.28000e+01     1.29248e+01     1.73419e+01
   1.63522     1.44086e+01     1.23100e+01     1.29040e+01     1.69883e+01
   1.64136     1.40639e+01     1.23233e+01     1.25550e+01     1.67700e+01
   1.64750     1.39156e+01     1.20313e+01     1.20161e+01     1.64502e+01
   1.65363     1.36444e+01     1.16671e+01     1.19188e+01     1.60097e+01
   1.65977     1.35195e+01     1.15852e+01     1.15586e+01     1.57671e+01
   1.66590     1.31975e+01     1.13394e+01     1.14272e+01     1.53346e+01
   1.67204     1.30432e+01     1.10412e+01     1.12997e+01     1.51447e+01
   1.67817     1.29290e+01     1.07868e+01     1.09171e+01     1.48825e+01
   1.68431     1.23934e+01     1.05532e+01     1.06660e+01     1.46126e+01
   1.69045     1.25050e+01     1.03453e+01     1.02917e+01     1.41880e+01
   1.69658     1.21067e+01     1.01977e+01     1.02674e+01     1.39908e+01
   1.70272     1.19646e+01     1.00087e+01     1.00021e+01     1.34928e+01
   1.70885     1.18510e+01     9.76996e+00     9.78912e+00     1.32683e+01
   1.71499     1.16864e+01     9.66182e+00     9.52525e+00     1.29587e+01
   1.72113     1.13601e+01     9.31314e+00     9.20396e+00     1.25913e+01
   1.72726     1.10588e+01     9.12079e+00     9.02368e+00     1.25267e+01
   1.73340     1.09854e+01     8.97057e+00     8.80920e+00     1.21508e+01
   1.73953     1.07095e+01     8.71601e+00     8.65746e+00     1.17844e+01
   1.74567     1.05104e+01     8.41857e+00     8.37952e+00     1.15534e+01
   1.75181     1.03602e+01     8.32806e+00     8.14163e+00     1.13439e+01
   1.75794     1.01610e+01     8.04719e+00     7.87990e+00     1.10540e+01
   1.76408     9.97831e+00     7.81896e+00     7.65618e+00     1.07511e+01
   1.77021     9.78437e+00     7.85446e+00     7.65250e+00     1.05601e+01
   1.77635     9.66120e+00     7.62179e+00     7.32980e+00     1.01883e+01
   1.78249     9.42690e+00     7.46969e+00     7.09459e+00     9.92097e+00
   1.78862     9.27176e+00     7.23388e+00     6.82445e+00     9.80334e+00
   1.79476     9.14448e+00     6.92730e+00     6.75991e+00     9.41251e+00
   1.80089     8.97749e+00     6.76161e+00     6.49973e+00     9.20836e+00
   1.80703     8.75694e+00     6.55093e+00     6.25557e+00     9.00937e+00
   1.81317     8.59330e+00     6.39457e+00     6.18146e+00     8.83773e+00
   1.81930     8.53936e+00     6.19578e+00     5.98656e+00     8.52836e+00
   1.82544     8.26350e+00     6.06880e+00     5.72315e+00     8.27779e+00
   1.83157     8.06989e+00     6.01453e+00     5.50430e+00     7.96982e+00
   1.83771     7.86259e+00     5.70083e+00     5.37315e+00     7.79885e+00
   1.84384     7.65434e+00     5.53619e+00     5.17272e+00     7.65049e+00
   1.84998     7.53452e+00     5.36250e+00     5.10579e+00     7.35335e+00
   1.85612     7.48575e+00     5.25492e+00     4.83562e+00     7.04804e+00
   1.86225     7.27570e+00     5.13799e+00     4.62313e+00     6.99975e+00
   1.86839     7.13845e+00     4.85776e+00     4.37210e+00     6.78844e+00
   1.87452     6.88981e+00     4.69915e+00     4.24960e+00     6.41181e+00
   1.88066     6.79020e+00     4.57819e+00     4.17062e+00     6.31145e+00
   1.88680     6.64915e+00     4.43208e+00     3.85649e+00     5.93320e+00
   1.89293     6.34583e+00     4.20098e+00     3.66706e+00     5.86623e+00
   1.89907     6.35439e+00     4.03310e+00     3.50312e+00     5.73312e+00
   1.90520     6.21739e+00     3.94990e+00     3.43466e+00     5.43285e+00
   1.91134     5.91223e+00     3.74609e+00     3.23081e+00     5.21894e+00
   1.91748     5.82810e+00     3.62123e+00     3.05854e+00     5.08718e+00
   1.92361     5.75802e+00     3.54869e+00     2.94903e+00     4.85337e+00
   1.92975     5.52337e+00     3.34739e+00     2.74422e+00     4.66980e+00
   1.93588     5.31806e+00     3.17702e+00     2.56276e+00     4.37620e+00
   1.94202     5.31244e+00     3.11867e+00     2.39269e+00     4.27415e+00
   1.94816     5.11715e+00     2.89492e+00     2.21927e+00     4.11241e+00
   1.95429     4.97301e+00     2.69728e+00     2.10891e+00     3.90884e+00
   1.96043     4.76876e+00     2.62184e+00     1.92953e+00     3.73044e+00
   1.96656     4.66285e+00     2.49989e+00     1.78362e+00     3.55351e+00
   1.97270     4.41043e+00     2.21828e+00     1.64973e+00     3.38146e+00
   1.97884     4.37850e+00     2.17856e+00     1.53212e+00     3.14425e+00
   1.98497     4.24760e+00     1.94149e+00     1.33044e+00     3.02982e+00
   1.99111     3.97481e+00     1.80478e+00     1.29619e+00     2.81005e+00
   1.99724     3.91211e+00     1.79636e+00     1.10523e+00     2.74079e+00
   2.00338     3.89315e+00     1.60173e+00     9.26481e-01     2.55431e+00
   2.00951     3.72766e+00     1.51305e+00     8.42159e-01     2.35766e+00
   2.01565     3.48686e+00     1.31209e+00     6.38868e-01     2.19133e+00
   2.02179     3.33857e+00     1.22846e+00     4.80970e-01     2.00187e+00
   2.02792     3.30234e+00     1.01804e+00     2.87513e-01     1.91292e+00
   2.03406     3.16113e+00     8.92358e-01     2.85320e-01     1.70267e+00
   2.04019     3.05435e+00     7.77437e-01     2.28563e-02     1.51037e+00
   2.04633     2.88653e+00     6.45265e-01     1.34090e-01     1.39116e+00
   2.05247     2.75436e+00     5.80013e-01     1.84757e-01     1.21087e+00
   2.05860     2.59862e+00     4.61083e-01     3.60836e-01     9.84252e-01
   2.06474     2.47944e+00     3.29220e-01     4.60106e-01     9.20560e-01
   2.07087     2.42240e+00     1.79689e-01     5.69288e-01     6.71529e-01
   2.07701     2.24195e+00     1.13462e-01     6.82047e-01     6.33604e-01
   2.08315     2.17559e+00     3.73544e-02     8.10370e-01     4.56617e-01
   2.08928     2.06905e+00     2.49663e-01     1.02189e+00     3.14585e-01
   2.09542     1.90639e+00     3.44611e-01     1.03346e+00     1.53534e-01
   2.10155     1.78256e+00     4.47964e-01     1.20826e+00     7.78782e-03
   2.10769     1.58184e+00     4.24710e-01     1.37496e+00     1.15153e-01
   2.11383     1.53934e+00     6.65623e-01     1.43113e+00     2.52164e-01
   2.11996     1.42322e+00     7.51758e-01     1.62508e+00     4.39907e-01
   2.12610     1.31249e+00     8.92025e-01     1.67907e+00     5.16223e-01
   2.13223     1.20842e+00     1.03829e+00     1.80757e+00     6.35913e-01
   2.13837     1.04461e+00     1.16290e+00     1.95037e+00     7.90033e-01
   2.14451     9.45435e-01     1.25533e+00     2.05617e+00     9.36313e-01
   2.15064     9.04445e-01     1.35826e+00     2.21351e+00     1.04173e+00
   2.15678     6.82642e-01     1.40023e+00     2.29166e+00     1.15739e+00
   2.16291     5.39668e-01     1.53953e+00     2.36725e+00     1.31787e+00
   2.16905     4.65447e-01     1.64221e+00     2.52185e+00     1.41168e+00
   2.17518     4.01834e-01     1.73105e+00     2.60164e+00     1.59811e+00
   2.18132     2.82551e-01     1.84402e+00     2.73094e+00     1.71272e+00
   2.18746     1.08802e-01     1.99402e+00     2.82873e+00     1.84026e+00
   2.19359     2.33065e-02     2.04338e+00     2.87427e+00     1.96628e+00
   2.19973     6.55505e-02     2.16623e+00     3.03437e+00     2.08352e+00
   2.20586     1.40742e-01     2.29518e+00     3.07259e+00     2.14621e+00
   2.21200     2.65680e-01     2.42885e+00     3.14866e+00     2.25081e+00
   2.21814     3.41779e-01     2.52806e+00     3.35892e+00     2.39063e+00
   2.22427     4.09626e-01     2.56312e+00     3.44107e+00     2.50990e+00
   2.23041     5.86620e-01     2.71324e+00     3.51391e+00     2.65378e+00
   2.23654     5.96242e-01     2.78479e+00     3.63984e+00     2.72988e+00
   2.24268     7.72616e-01     2.93811e+00     3.70479e+00     2.89085e+00
   2.24882     8.29829e-01     3.02825e+00     3.86175e+00     2.92940e+00
   2.25495     9.06442e-01     3.08127e+00     3.95284e+00     3.08974e+00
   2.26109     1.07168e+00     3.20602e+00     4.06895e+00     3.15830e+00
   2.26722     1.12660e+00     3.24672e+00     4.15259e+00     3.29698e+00
   2.27336     1.27585e+00     3.42430e+00     4.21283e+00     3.32989e+00
   2.27950     1.32614e+00     3.46166e+00     4.34769e+00     3.51609e+00
   2.28563     1.37745e+00     3.59539e+00     4.41998e+00     3.55621e+00
   2.29177     1.58202e+00     3.68710e+00     4.53676e+00     3.71447e+00
   2.29790     1.56363e+00     3.72361e+00     4.63073e+00     3.78671e+00
   2.30404     1.74602e+00     3.82348e+00     4.68173e+00     3.92767e+00
   2.31018     1.78778e+00     3.86930e+00     4.79596e+00     3.99341e+00
   2.31631     1.86391e+00     4.00540e+00     4.90961e+00     4.05388e+00
   2.32245     1.97613e+00     4.04894e+00     4.99582e+00     4.19229e+00
   2.32858     2.04195e+00     4.19318e+00     5.06398e+00     4.27975e+00
   2.33472     2.17497e+00     4.27421e+00     5.12497e+00     4.37648e+00
   2.34085     2.22903e+00     4.35144e+00     5.24126e+00     4.48283e+00
   2.34699     2.32898e+00     4.44767e+00     5.26222e+00     4.55462e+00
   2.35313     2.48298e+00     4.53078e+00     5.39255e+00     4.66162e+00
   2.35926     2.50902e+00     4.62333e+00     5.50055e+00     4.76085e+00
   2.36540     2.56469e+00     4.73164e+00     5.57442e+00     4.76979e+00
   2.37153     2.66190e+00     4.76771e+00     5.65587e+00     4.95551e+00
   2.37767     2.78423e+00     4.82008e+00     5.72823e+00     5.02149e+00
   2.38381     2.80884e+00     4.91916e+00     5.81487e+00     5.09455e+00
   2.38994     2.90106e+00     5.02125e+00     5.88087e+00     5.20812e+00
   2.39608     3.00162e+00     5.09401e+00     5.95722e+00     5.29127e+00
   2.40221     3.08243e+00     5.16126e+00     6.04654e+00     5.32151e+00
   2.40835     3.19923e+00     5.30529e+00     6.13922e+00     5.43939e+00
   2.41449     3.25090e+00     5.31274e+00     6.21218e+00     5.49415e+00
   2.42062     3.29844e+00     5.42443e+00     6.29343e+00     5.58958e+00
   2.42676     3.40822e+00     5.46657e+00     6.33023e+00     5.66615e+00
   2.43289     3.50250e+00     5.58495e+00     6.42275e+00     5.77706e+00
   2.43903     3.58129e+00     5.63635e+00     6.50535e+00     5.84079e+00
   2.44517     3.69480e+00     5.67575e+00     6.57415e+00     5.95212e+00
   2.45130     3.72161e+00     5.75140e+00     6.64738e+00     5.97903e+00
   2.45744     3.82296e+00     5.84059e+00     6.73536e+00     6.07959e+00
   2.46357     3.86316e+00     5.89597e+00     6.78539e+00     6.17745e+00
   2.46971     3.94375e+00     6.01050e+00     6.87148e+00     6.23004e+00
   2.47584     4.00838e+00     6.10347e+00     6.93511e+00     6.34237e+00
   2.48198     4.11686e+00     6.16587e+00     7.00925e+00     6.38086e+00
   2.48812     4.17752e+00     6.20860e+00     7.09012e+00     6.47081e+00
   2.49425     4.28769e+00     6.27437e+00     7.11363e+00     6.57031e+00
   2.50039     4.30420e+00     6.32619e+00     7.18161e+00     6.57953e+00
   2.50652     4.38813e+00     6.42784e+00     7.26803e+00     6.67586e+00
   2.51266     4.41850e+00     6.45996e+00     7.38411e+00     6.75361e+00
   2.51880     4.52028e+00     6.53913e+00     7.43254e+00     6.79428e+00
   2.52493     4.59098e+00     6.60500e+00     7.47939e+00     6.90951e+00
   2.53107     4.65654e+00     6.67696e+00     7.54863e+00     6.99112e+00
   2.53720     4.70446e+00     6.74619e+00     7.63924e+00     7.01735e+00
   2.54334     4.79025e+00     6.81101e+00     7.67621e+00     7.11203e+00
   2.54948     4.87396e+00     6.84985e+00     7.72446e+00     7.15976e+00
   2.55561     4.94622e+00     6.92963e+00     7.83953e+00     7.25956e+00
   2.56175     5.02979e+00     6.99624e+00     7.85812e+00     7.28723e+00
   2.56788     5.06192e+00     7.10562e+00     7.91259e+00     7.36736e+00
   2.57402     5.12790e+00     7.13870e+00     7.97885e+00     7.41518e+00
   2.58016     5.20231e+00     7.17501e+00     8.04836e+00     7.48579e+00
   2.58629     5.31569e+00     7.21418e+00     8.11043e+00     7.55067e+00
   2.59243     5.30654e+00     7.26580e+00     8.16449e+00     7.58913e+00
   2.59856     5.35349e+00     7.32965e+00     8.20314e+00     7.70482e+00
   2.60470     5.44702e+00     7.43312e+00     8.26377e+00     7.75214e+00
   2.61084     5.48844e+00     7.47099e+00     8.33366e+00     7.82329e+00
   2.61697     5.55476e+00     7.56296e+00     8.42796e+00     7.82738e+00
   2.62311     5.63229e+00     7.58473e+00     8.46952e+00     7.93063e+00
   2.62924     5.68412e+00     7.65322e+00     8.53586e+00     7.95861e+00
   2.63538     5.78127e+00     7.72156e+00     8.59779e+00     8.01132e+00
   2.64151     5.81352e+00     7.77770e+00     8.62567e+00     8.09031e+00
   2.64765     5.86961e+00     7.84629e+00     8.69096e+00     8.14267e+00
   2.65379     5.92885e+00     7.87616e+00     8.74817e+00     8.20127e+00
   2.65992     5.97311e+00     7.93059e+00     8.78564e+00     8.25274e+00
   2.66606     6.04971e+00     8.00171e+00     8.84354e+00     8.32569e+00
   2.67219     6.10352e+00     8.02893e+00     8.92164e+00     8.34517e+00
   2.67833     6.16704e+00     8.11020e+00     8.96496e+00     8.39901e+00
   2.68447     6.20977e+00     8.16821e+00     9.00355e+00     8.44994e+00
   2.69060     6.26478e+00     8.21762e+00     9.07440e+00     8.51297e+00
   2.69674     6.32171e+00     8.25150e+00     9.11627e+00     8.53353e+00
   2.70287     6.33963e+00     8.33052e+00     9.18102e+00     8.61908e+00
   2.70901     6.38508e+00     8.36525e+00     9.21876e+00     8.65629e+00
   2.71515     6.46256e+00     8.43939e+00     9.26827e+00     8.71758e+00
   2.72128     6.51730e+00     8.45878e+00     9.32015e+00     8.77301e+00
   2.72742     6.57440e+00     8.49828e+00     9.36414e+00     8.79308e+00
   2.73355     6.63153e+00     8.55977e+00     9.41383e+00     8.88048e+00
   2.73969     6.69985e+00     8.59976e+00     9.47524e+00     8.92485e+00
   2.74583     6.72736e+00     8.67295e+00     9.52383e+00     8.97370e+00
   2.75196     6.78741e+00     8.70980e+00     9.55707e+00     9.00446e+00
   2.75810     6.83749e+00     8.76013e+00     9.60882e+00     9.05195e+00
   2.76423     6.87487e+00     8.80973e+00     9.65785e+00     9.07473e+00
   2.77037     6.90255e+00     8.87082e+00     9.69813e+00     9.13915e+00
   2.77651     6.97316e+00     8.92049e+00     9.76111e+00     9.18330e+00
   2.78264     7.02513e+00     8.92092e+00     9.80472e+00     9.23477e+00
   2.78878     7.08887e+00     9.00897e+00     9.85145e+00     9.28690e+00
   2.79491     7.13220e+00     9.03428e+00     9.89160e+00     9.31989e+00
   2.80105     7.14739e+00     9.08613e+00     9.93745e+00     9.34960e+00
   2.80718     7.17800e+00     9.12648e+00     9.98341e+00     9.40692e+00
   2.81332     7.24974e+00     9.17963e+00     1.00462e+01     9.43752e+00
   2.81946     7.29537e+00     9.19363e+00     1.00642e+01     9.50360e+00
   2.82559     7.33801e+00     9.28481e+00     1.01105e+01     9.53675e+00
   2.83173     7.39481e+00     9.30855e+00     1.01705e+01     9.56362e+00
   2.83786     7.41595e+00     9.36180e+00     1.02089e+01     9.58633e+00
   2.84400     7.47042e+00     9.38718e+00     1.02580e+01     9.62369e+00
   2.85014     7.50780e+00     9.43606e+00     1.02886e+01     9.69885e+00
   2.85627     7.53283e+00     9.46027e+00     1.03460e+01     9.71825e+00
   2.86241     7.57633e+00     9.50597e+00     1.03728e+01     9.76182e+00
   2.86854     7.63733e+00     9.55221e+00     1.04054e+01     9.78304e+00
   2.87468     7.69790e+00     9.59464e+00     1.04603e+01     9.82059e+00
   2.88082     7.73858e+00     9.63266e+00     1.05083e+01     9.87612e+00
   2.88695     7.75188e+00     9.68062e+00     1.05538e+01     9.90259e+00
   2.89309     7.76398e+00     9.70962e+00     1.05862e+01     9.93340e+00
   2.89922     7.81638e+00     9.75453e+00     1.06300e+01     9.96925e+00
   2.90536     7.87799e+00     9.76820e+00     1.06711e+01     1.00143e+01
   2.91150     7.88184e+00     9.83094e+00     1.06975e+01     1.00458e+01
   2.91763     7.93270e+00     9.85810e+00     1.07294e+01     1.00774e+01
   2.92377     8.00834e+00     9.92214e+00     1.07900e+01     1.01025e+01
   2.92990     7.99884e+00     9.93552e+00     1.08158e+01     1.01647e+01
   2.93604     8.05501e+00     9.97810e+00     1.08716e+01     1.01802e+01
   2.94218     8.11330e+00     1.00095e+01     1.08846e+01     1.02052e+01
   2.94831     8.12326e+00     1.00639e+01     1.09326e+01     1.02598e+01
   2.95445     8.13851e+00     1.00849e+01     1.09585e+01     1.02885e+01
   2.96058     8.19764e+00     1.01241e+01     1.10092e+01     1.02966e+01
   2.96672     8.20179e+00     1.01463e+01     1.10292e+01     1.03409e+01
   2.97285     8.22926e+00     1.01877e+01     1.10592e+01     1.03805e+01
   2.97899     8.31522e+00     1.02171e+01     1.11194e+01     1.04002e+01
   2.98513     8.34060e+00     1.02440e+01     1.11406e+01     1.04226e+01
   2.99126     8.34648e+00     1.03000e+01     1.11642e+01     1.04816e+01
   2.99740     8.39278e+00     1.03335e+01     1.12173e+01     1.04941e+01
   3.00353     8.45072e+00     1.03505e+01     1.12554e+01     1.05225e+01
   3.00967     8.47284e+00     1.03872e+01     1.12839e+01     1.05503e+01
   3.01581     8.47289e+00     1.04076e+01     1.13145e+01     1.05775e+01
   3.02194     8.52323e+00     1.04530e+01     1.13611e+01     1.05922e+01
   3.02808     8.54336e+00     1.04853e+01     1.13741e+01     1.06407e+01
   3.03421     8.55630e+00     1.05325e+01     1.14236e+01     1.06429e+01
   3.04035     8.61333e+00     1.05394e+01     1.14513e+01     1.06918e+01
   3.04649     8.60808e+00     1.05820e+01     1.14907e+01     1.07206e+01
   3.05262     8.65796e+00     1.06112e+01     1.15222e+01     1.07452e+01
   3.05876     8.68537e+00     1.06378e+01     1.15439e+01     1.07748e+01
   3.06489     8.70715e+00     1.06734e+01     1.15692e+01     1.08052e+01
   3.07103     8.72626e+00     1.06984e+01     1.16178e+01     1.08199e+01
   3.07717     8.75505e+00     1.07496e+01     1.16302e+01     1.08491e+01
   3.08330     8.81634e+00     1.07547e+01     1.16766e+01     1.08667e+01
   3.08944     8.81070e+00     1.07887e+01     1.17006e+01     1.08914e+01
   3.09557     8.85154e+00     1.08075e+01     1.17329e+01     1.09169e+01
   3.10171     8.87284e+00     1.08464e+01     1.17600e+01     1.09454e+01
   3.10785     8.88602e+00     1.08633e+01     1.17936e+01     1.09713e+01
   3.11398     8.91103e+00     1.09003e+01     1.18198e+01     1.09840e+01
   3.12012     8.95410e+00     1.09521e+01     1.18487e+01     1.10139e+01
   3.12625     8.97902e+00     1.09528e+01     1.18782e+01     1.10346e+01
   3.13239     8.98324e+00     1.09846e+01     1.19063e+01     1.10507e+01
   3.13852     9.03765e+00     1.10117e+01     1.19305e+01     1.10810e+01
