# Redshift space power spectrum in mu bins.
# Subtracting SN=    1.21584e+01.
#     k\mu         0.12500         0.37500         0.62500         0.87500
   0.00920     8.41753e+03             nan     1.37051e+04     1.48547e+04
   0.01534     1.05286e+04     1.25854e+04     1.65794e+04     1.93392e+04
   0.02148     1.04991e+04     1.14030e+04     1.40330e+04     1.79863e+04
   0.02761     9.96723e+03     1.08941e+04     1.37780e+04     1.67306e+04
   0.03375     8.50156e+03     8.61982e+03     1.06452e+04     1.47840e+04
   0.03988     6.92719e+03     7.80010e+03     9.42095e+03     1.21959e+04
   0.04602     6.13924e+03     6.53332e+03     8.09134e+03     1.02715e+04
   0.05216     5.53069e+03     6.24309e+03     7.61612e+03     9.48193e+03
   0.05829     5.12872e+03     5.72400e+03     6.77001e+03     9.01815e+03
   0.06443     4.71522e+03     5.21114e+03     6.42829e+03     7.93259e+03
   0.07056     4.45635e+03     4.80987e+03     5.83562e+03     7.50297e+03
   0.07670     4.03860e+03     4.49938e+03     5.35744e+03     7.14629e+03
   0.08283     3.59808e+03     3.98237e+03     4.77381e+03     6.16875e+03
   0.08897     3.13978e+03     3.50624e+03     4.19523e+03     5.46056e+03
   0.09511     2.74529e+03     3.02369e+03     3.68674e+03     4.79330e+03
   0.10124     2.57204e+03     2.84226e+03     3.40500e+03     4.24534e+03
   0.10738     2.31584e+03     2.56451e+03     2.98150e+03     3.93839e+03
   0.11351     2.16491e+03     2.36668e+03     2.89839e+03     3.66772e+03
   0.11965     2.03478e+03     2.23426e+03     2.73403e+03     3.46617e+03
   0.12579     1.98018e+03     2.24382e+03     2.63949e+03     3.44915e+03
   0.13192     1.90442e+03     2.09364e+03     2.53869e+03     3.32743e+03
   0.13806     1.73303e+03     1.94974e+03     2.43454e+03     2.97237e+03
   0.14419     1.64877e+03     1.77135e+03     2.19282e+03     2.89369e+03
   0.15033     1.49412e+03     1.70954e+03     1.99930e+03     2.53944e+03
   0.15647     1.36138e+03     1.53829e+03     1.82190e+03     2.38521e+03
   0.16260     1.28071e+03     1.41540e+03     1.69842e+03     2.17922e+03
   0.16874     1.18593e+03     1.31956e+03     1.64520e+03     2.18800e+03
   0.17487     1.14409e+03     1.26719e+03     1.53062e+03     2.03770e+03
   0.18101     1.07761e+03     1.23187e+03     1.40423e+03     1.92511e+03
   0.18715     1.06395e+03     1.15399e+03     1.40158e+03     1.87834e+03
   0.19328     1.02657e+03     1.14698e+03     1.37306e+03     1.77730e+03
   0.19942     9.77286e+02     1.06739e+03     1.27835e+03     1.69592e+03
   0.20555     9.06876e+02     1.01961e+03     1.20429e+03     1.60695e+03
   0.21169     8.37383e+02     9.75457e+02     1.19809e+03     1.50259e+03
   0.21783     8.18292e+02     8.96056e+02     1.08823e+03     1.45377e+03
   0.22396     7.67135e+02     8.29430e+02     1.04576e+03     1.35548e+03
   0.23010     7.28570e+02     8.17074e+02     1.01193e+03     1.36737e+03
   0.23623     7.07295e+02     7.79483e+02     9.53676e+02     1.27784e+03
   0.24237     6.68485e+02     7.45809e+02     8.93824e+02     1.17568e+03
   0.24850     6.51607e+02     7.41523e+02     8.90689e+02     1.21263e+03
   0.25464     6.37380e+02     7.02672e+02     8.63445e+02     1.15691e+03
   0.26078     6.00140e+02     6.84212e+02     8.27035e+02     1.10515e+03
   0.26691     5.85742e+02     6.37630e+02     7.89038e+02     1.03332e+03
   0.27305     5.68791e+02     6.22221e+02     7.86237e+02     9.79486e+02
   0.27918     5.49382e+02     6.10914e+02     7.17283e+02     9.85420e+02
   0.28532     5.16392e+02     5.82008e+02     7.32101e+02     9.35754e+02
   0.29146     4.95472e+02     5.41980e+02     6.78494e+02     9.08038e+02
   0.29759     4.78092e+02     5.38453e+02     6.50691e+02     8.92590e+02
   0.30373     4.58930e+02     5.11769e+02     6.35064e+02     8.63703e+02
   0.30986     4.52999e+02     5.03977e+02     6.21899e+02     8.27879e+02
   0.31600     4.35898e+02     4.86672e+02     5.86982e+02     7.83408e+02
   0.32214     4.27871e+02     4.72200e+02     5.74990e+02     7.75569e+02
   0.32827     4.08654e+02     4.51634e+02     5.54138e+02     7.47590e+02
   0.33441     3.96470e+02     4.34178e+02     5.46921e+02     7.22746e+02
   0.34054     3.84010e+02     4.28114e+02     5.09846e+02     6.98461e+02
   0.34668     3.67193e+02     4.20990e+02     5.09662e+02     7.07647e+02
   0.35282     3.58833e+02     4.03552e+02     4.79008e+02     6.61625e+02
   0.35895     3.47219e+02     3.92650e+02     4.71301e+02     6.60623e+02
   0.36509     3.41072e+02     3.74782e+02     4.51679e+02     6.12377e+02
   0.37122     3.33028e+02     3.78955e+02     4.60527e+02     6.15839e+02
   0.37736     3.24132e+02     3.63013e+02     4.31628e+02     6.08668e+02
   0.38350     3.05824e+02     3.47198e+02     4.29030e+02     5.63220e+02
   0.38963     3.04543e+02     3.41455e+02     4.07554e+02     5.49311e+02
   0.39577     2.99366e+02     3.33947e+02     4.05715e+02     5.53595e+02
   0.40190     2.85644e+02     3.21717e+02     4.00374e+02     5.38215e+02
   0.40804     2.84238e+02     3.12606e+02     3.82580e+02     5.34775e+02
   0.41417     2.68444e+02     3.01293e+02     3.71911e+02     5.03703e+02
   0.42031     2.70194e+02     2.96086e+02     3.66683e+02     5.03012e+02
   0.42645     2.60756e+02     2.84851e+02     3.57497e+02     4.86983e+02
   0.43258     2.47093e+02     2.74605e+02     3.38524e+02     4.74364e+02
   0.43872     2.43376e+02     2.74262e+02     3.39970e+02     4.64581e+02
   0.44485     2.46390e+02     2.61339e+02     3.30742e+02     4.52635e+02
   0.45099     2.28447e+02     2.65751e+02     3.21177e+02     4.35772e+02
   0.45713     2.28295e+02     2.53352e+02     3.15444e+02     4.36178e+02
   0.46326     2.27215e+02     2.48055e+02     3.04462e+02     4.25671e+02
   0.46940     2.22700e+02     2.47137e+02     2.99337e+02     4.15141e+02
   0.47553     2.15604e+02     2.37053e+02     2.94053e+02     4.05588e+02
   0.48167     2.06614e+02     2.36499e+02     2.89945e+02     3.95073e+02
   0.48781     2.02655e+02     2.27047e+02     2.75528e+02     3.90361e+02
   0.49394     2.01398e+02     2.19746e+02     2.79649e+02     3.81977e+02
   0.50008     1.92793e+02     2.15592e+02     2.64787e+02     3.77842e+02
   0.50621     1.92195e+02     2.10861e+02     2.61039e+02     3.65837e+02
   0.51235     1.87686e+02     2.03891e+02     2.49268e+02     3.52701e+02
   0.51849     1.84716e+02     2.02422e+02     2.51941e+02     3.44066e+02
   0.52462     1.80104e+02     1.98604e+02     2.45616e+02     3.39738e+02
   0.53076     1.73845e+02     1.93105e+02     2.44521e+02     3.34877e+02
   0.53689     1.73247e+02     1.89320e+02     2.34770e+02     3.27153e+02
   0.54303     1.66552e+02     1.85504e+02     2.34220e+02     3.22481e+02
   0.54917     1.64966e+02     1.82266e+02     2.27123e+02     3.18029e+02
   0.55530     1.61254e+02     1.78968e+02     2.22811e+02     3.08734e+02
   0.56144     1.58909e+02     1.76381e+02     2.18108e+02     3.04307e+02
   0.56757     1.52826e+02     1.72668e+02     2.13547e+02     2.95342e+02
   0.57371     1.53431e+02     1.68954e+02     2.04821e+02     2.90478e+02
   0.57984     1.48279e+02     1.64074e+02     2.04056e+02     2.85998e+02
   0.58598     1.45632e+02     1.60846e+02     2.02584e+02     2.78870e+02
   0.59212     1.43951e+02     1.61486e+02     1.98721e+02     2.77070e+02
   0.59825     1.40282e+02     1.56469e+02     1.94608e+02     2.70605e+02
   0.60439     1.40465e+02     1.53564e+02     1.93072e+02     2.65734e+02
   0.61052     1.34952e+02     1.50721e+02     1.87924e+02     2.60435e+02
   0.61666     1.35423e+02     1.48811e+02     1.82826e+02     2.55789e+02
   0.62280     1.30427e+02     1.46328e+02     1.80243e+02     2.51958e+02
   0.62893     1.28882e+02     1.43866e+02     1.75658e+02     2.47190e+02
   0.63507     1.27425e+02     1.40285e+02     1.75718e+02     2.42549e+02
   0.64120     1.25799e+02     1.38828e+02     1.70600e+02     2.38050e+02
   0.64734     1.23054e+02     1.36968e+02     1.66790e+02     2.35821e+02
   0.65348     1.20867e+02     1.32922e+02     1.65122e+02     2.27492e+02
   0.65961     1.17672e+02     1.30328e+02     1.60980e+02     2.25901e+02
   0.66575     1.16153e+02     1.27792e+02     1.60093e+02     2.22618e+02
   0.67188     1.14458e+02     1.25499e+02     1.56119e+02     2.21113e+02
   0.67802     1.12435e+02     1.25078e+02     1.52870e+02     2.15014e+02
   0.68416     1.09663e+02     1.22174e+02     1.52415e+02     2.09475e+02
   0.69029     1.09312e+02     1.20785e+02     1.49090e+02     2.04858e+02
   0.69643     1.06669e+02     1.18360e+02     1.45329e+02     2.04122e+02
   0.70256     1.04479e+02     1.17089e+02     1.43507e+02     1.99295e+02
   0.70870     1.05185e+02     1.13271e+02     1.40129e+02     1.96286e+02
   0.71484     1.00979e+02     1.13175e+02     1.41086e+02     1.93838e+02
   0.72097     1.00808e+02     1.11281e+02     1.38063e+02     1.91317e+02
   0.72711     9.92977e+01     1.08506e+02     1.34056e+02     1.89269e+02
   0.73324     9.60581e+01     1.07941e+02     1.30805e+02     1.82433e+02
   0.73938     9.62769e+01     1.06084e+02     1.29805e+02     1.80825e+02
   0.74551     9.40735e+01     1.03683e+02     1.27616e+02     1.78235e+02
   0.75165     9.36762e+01     1.02544e+02     1.25577e+02     1.77752e+02
   0.75779     9.12615e+01     1.00870e+02     1.24706e+02     1.69917e+02
   0.76392     9.04857e+01     9.86504e+01     1.22265e+02     1.70095e+02
   0.77006     8.80051e+01     9.73565e+01     1.18672e+02     1.67209e+02
   0.77619     8.78888e+01     9.57426e+01     1.18475e+02     1.63239e+02
   0.78233     8.62971e+01     9.46545e+01     1.16704e+02     1.64136e+02
   0.78847     8.55406e+01     9.45237e+01     1.13448e+02     1.59812e+02
   0.79460     8.28832e+01     9.18778e+01     1.14006e+02     1.57697e+02
   0.80074     8.17354e+01     9.00811e+01     1.11517e+02     1.54227e+02
   0.80687     8.14391e+01     8.95164e+01     1.09249e+02     1.52268e+02
   0.81301     8.05102e+01     8.84550e+01     1.07231e+02     1.49532e+02
   0.81915     7.96658e+01     8.64976e+01     1.06030e+02     1.45960e+02
   0.82528     7.77416e+01     8.54068e+01     1.03704e+02     1.45966e+02
   0.83142     7.59413e+01     8.35612e+01     1.01532e+02     1.43740e+02
   0.83755     7.51151e+01     8.33016e+01     1.02023e+02     1.41566e+02
   0.84369     7.31798e+01     8.16722e+01     9.89857e+01     1.38400e+02
   0.84983     7.33242e+01     8.07605e+01     9.75067e+01     1.34893e+02
   0.85596     7.25924e+01     7.81896e+01     9.62085e+01     1.35079e+02
   0.86210     7.28958e+01     7.76615e+01     9.54756e+01     1.33522e+02
   0.86823     7.04818e+01     7.71355e+01     9.39143e+01     1.31674e+02
   0.87437     7.01333e+01     7.52321e+01     9.21800e+01     1.27307e+02
   0.88050     6.91706e+01     7.52320e+01     9.11544e+01     1.27549e+02
   0.88664     6.76786e+01     7.33662e+01     8.94258e+01     1.22945e+02
   0.89278     6.70705e+01     7.25860e+01     8.87453e+01     1.22680e+02
   0.89891     6.57850e+01     7.04716e+01     8.72655e+01     1.21332e+02
   0.90505     6.45815e+01     7.01879e+01     8.52684e+01     1.18522e+02
   0.91118     6.35088e+01     7.00602e+01     8.45436e+01     1.17430e+02
   0.91732     6.30797e+01     6.87133e+01     8.30155e+01     1.15982e+02
   0.92346     6.24842e+01     6.72691e+01     8.14865e+01     1.12882e+02
   0.92959     6.11708e+01     6.62229e+01     8.12544e+01     1.11511e+02
   0.93573     6.11264e+01     6.54289e+01     7.87747e+01     1.10674e+02
   0.94186     5.94172e+01     6.53164e+01     7.88423e+01     1.09054e+02
   0.94800     5.90052e+01     6.34657e+01     7.73635e+01     1.07233e+02
   0.95414     5.85105e+01     6.27500e+01     7.57957e+01     1.05647e+02
   0.96027     5.79919e+01     6.24273e+01     7.53758e+01     1.04910e+02
   0.96641     5.75493e+01     6.09865e+01     7.40188e+01     1.04229e+02
   0.97254     5.57588e+01     6.03750e+01     7.35784e+01     1.00927e+02
   0.97868     5.51776e+01     5.97546e+01     7.16936e+01     1.00029e+02
   0.98482     5.53360e+01     5.90780e+01     7.03679e+01     9.83413e+01
   0.99095     5.48687e+01     5.84893e+01     6.94484e+01     9.68789e+01
   0.99709     5.30681e+01     5.69577e+01     6.96909e+01     9.57076e+01
   1.00322     5.25207e+01     5.64911e+01     6.73762e+01     9.34064e+01
   1.00936     5.19479e+01     5.58167e+01     6.69630e+01     9.32763e+01
   1.01550     5.05472e+01     5.48890e+01     6.63370e+01     9.20356e+01
   1.02163     5.00043e+01     5.50562e+01     6.47898e+01     9.04910e+01
   1.02777     5.01186e+01     5.32084e+01     6.36669e+01     8.77716e+01
   1.03390     4.91768e+01     5.31474e+01     6.36622e+01     8.78839e+01
   1.04004     4.86743e+01     5.23913e+01     6.25289e+01     8.68819e+01
   1.04617     4.80035e+01     5.23684e+01     6.15865e+01     8.57150e+01
   1.05231     4.71749e+01     5.09241e+01     6.04782e+01     8.41989e+01
   1.05845     4.70365e+01     5.00497e+01     5.97160e+01     8.26219e+01
   1.06458     4.66230e+01     4.97148e+01     5.88145e+01     8.17509e+01
   1.07072     4.56887e+01     4.81645e+01     5.81265e+01     8.10528e+01
   1.07685     4.52610e+01     4.81666e+01     5.69019e+01     7.93036e+01
   1.08299     4.47341e+01     4.78638e+01     5.64720e+01     7.85713e+01
   1.08913     4.41955e+01     4.66486e+01     5.54067e+01     7.71538e+01
   1.09526     4.32997e+01     4.63236e+01     5.49151e+01     7.58806e+01
   1.10140     4.29267e+01     4.59790e+01     5.36399e+01     7.53698e+01
   1.10753     4.26096e+01     4.48790e+01     5.33633e+01     7.35121e+01
   1.11367     4.20038e+01     4.47282e+01     5.23834e+01     7.24789e+01
   1.11981     4.16177e+01     4.37858e+01     5.17554e+01     7.16648e+01
   1.12594     4.08685e+01     4.31133e+01     5.11265e+01     7.09538e+01
   1.13208     4.06209e+01     4.25171e+01     5.00210e+01     7.03667e+01
   1.13821     3.94677e+01     4.21318e+01     4.94171e+01     6.85265e+01
   1.14435     3.92087e+01     4.19918e+01     4.90870e+01     6.78943e+01
   1.15049     3.88721e+01     4.11584e+01     4.79998e+01     6.66565e+01
   1.15662     3.85484e+01     4.08542e+01     4.79336e+01     6.58508e+01
   1.16276     3.79446e+01     3.99340e+01     4.70496e+01     6.55798e+01
   1.16889     3.73451e+01     3.96163e+01     4.63454e+01     6.40547e+01
   1.17503     3.70677e+01     3.90020e+01     4.56744e+01     6.27878e+01
   1.18117     3.66041e+01     3.86922e+01     4.46346e+01     6.22892e+01
   1.18730     3.59627e+01     3.76901e+01     4.49927e+01     6.06748e+01
   1.19344     3.54701e+01     3.71309e+01     4.43876e+01     6.04823e+01
   1.19957     3.54503e+01     3.70150e+01     4.32304e+01     5.95003e+01
   1.20571     3.52190e+01     3.62367e+01     4.28112e+01     5.87299e+01
   1.21184     3.42130e+01     3.59150e+01     4.21106e+01     5.84560e+01
   1.21798     3.37300e+01     3.54986e+01     4.14981e+01     5.65724e+01
   1.22412     3.36428e+01     3.49446e+01     4.12754e+01     5.66435e+01
   1.23025     3.30980e+01     3.45084e+01     4.04779e+01     5.59367e+01
   1.23639     3.27099e+01     3.39752e+01     3.98063e+01     5.50260e+01
   1.24252     3.22066e+01     3.38895e+01     3.93171e+01     5.34380e+01
   1.24866     3.19459e+01     3.32559e+01     3.86968e+01     5.33382e+01
   1.25480     3.15121e+01     3.26864e+01     3.83881e+01     5.25061e+01
   1.26093     3.11302e+01     3.23735e+01     3.76480e+01     5.12850e+01
   1.26707     3.06532e+01     3.19441e+01     3.72380e+01     5.16201e+01
   1.27320     3.01879e+01     3.17823e+01     3.65307e+01     5.06951e+01
   1.27934     2.97631e+01     3.12076e+01     3.57207e+01     4.97562e+01
   1.28548     2.94516e+01     3.07239e+01     3.51745e+01     4.82654e+01
   1.29161     2.91829e+01     3.04389e+01     3.48596e+01     4.79497e+01
   1.29775     2.89461e+01     2.97054e+01     3.45582e+01     4.76425e+01
   1.30388     2.88706e+01     2.95192e+01     3.41334e+01     4.67153e+01
   1.31002     2.79271e+01     2.90909e+01     3.36494e+01     4.62849e+01
   1.31616     2.79203e+01     2.87879e+01     3.33585e+01     4.55260e+01
   1.32229     2.78772e+01     2.84163e+01     3.25927e+01     4.46173e+01
   1.32843     2.71315e+01     2.80091e+01     3.24191e+01     4.45065e+01
   1.33456     2.68686e+01     2.81245e+01     3.16508e+01     4.33386e+01
   1.34070     2.65689e+01     2.73373e+01     3.15017e+01     4.27754e+01
   1.34684     2.65164e+01     2.67455e+01     3.08836e+01     4.23524e+01
   1.35297     2.60832e+01     2.64538e+01     3.05492e+01     4.16791e+01
   1.35911     2.53862e+01     2.65049e+01     3.00779e+01     4.11258e+01
   1.36524     2.51138e+01     2.58504e+01     2.99021e+01     4.07200e+01
   1.37138     2.49375e+01     2.55848e+01     2.93152e+01     3.98795e+01
   1.37751     2.45844e+01     2.51456e+01     2.89723e+01     3.92962e+01
   1.38365     2.43578e+01     2.51444e+01     2.85766e+01     3.86090e+01
   1.38979     2.40236e+01     2.45288e+01     2.80077e+01     3.83451e+01
   1.39592     2.37703e+01     2.41970e+01     2.75414e+01     3.77475e+01
   1.40206     2.34300e+01     2.38991e+01     2.72423e+01     3.70447e+01
   1.40819     2.31162e+01     2.35109e+01     2.68597e+01     3.64364e+01
   1.41433     2.28953e+01     2.31253e+01     2.64889e+01     3.62740e+01
   1.42047     2.28313e+01     2.27918e+01     2.60927e+01     3.55204e+01
   1.42660     2.22919e+01     2.26299e+01     2.53923e+01     3.49464e+01
   1.43274     2.20876e+01     2.24108e+01     2.52900e+01     3.40946e+01
   1.43887     2.18637e+01     2.19157e+01     2.50000e+01     3.39593e+01
   1.44501     2.15029e+01     2.15671e+01     2.43903e+01     3.34722e+01
   1.45115     2.12683e+01     2.12093e+01     2.41118e+01     3.27437e+01
   1.45728     2.08831e+01     2.11232e+01     2.38502e+01     3.24742e+01
   1.46342     2.05155e+01     2.07680e+01     2.36844e+01     3.19497e+01
   1.46955     2.03824e+01     2.04961e+01     2.30130e+01     3.14326e+01
   1.47569     2.02388e+01     2.02320e+01     2.27060e+01     3.12950e+01
   1.48183     1.98255e+01     1.98231e+01     2.23802e+01     3.06346e+01
   1.48796     1.98043e+01     1.95623e+01     2.21983e+01     3.02112e+01
   1.49410     1.94926e+01     1.92104e+01     2.16948e+01     2.95956e+01
   1.50023     1.92500e+01     1.93302e+01     2.18044e+01     2.91462e+01
   1.50637     1.90932e+01     1.88514e+01     2.11138e+01     2.89492e+01
   1.51251     1.87287e+01     1.85213e+01     2.07804e+01     2.85480e+01
   1.51864     1.84112e+01     1.81944e+01     2.06099e+01     2.76544e+01
   1.52478     1.81879e+01     1.80961e+01     2.02006e+01     2.74023e+01
   1.53091     1.81487e+01     1.76106e+01     1.98975e+01     2.71202e+01
   1.53705     1.77476e+01     1.75346e+01     1.94139e+01     2.67329e+01
   1.54318     1.75622e+01     1.72107e+01     1.92623e+01     2.62782e+01
   1.54932     1.73798e+01     1.68779e+01     1.88749e+01     2.57835e+01
   1.55546     1.69499e+01     1.67772e+01     1.85741e+01     2.53771e+01
   1.56159     1.68999e+01     1.63707e+01     1.83234e+01     2.49441e+01
   1.56773     1.67702e+01     1.61796e+01     1.78272e+01     2.46085e+01
   1.57386     1.64277e+01     1.59323e+01     1.77336e+01     2.41991e+01
   1.58000     1.62880e+01     1.57516e+01     1.74237e+01     2.39630e+01
   1.58614     1.59503e+01     1.54013e+01     1.72977e+01     2.35001e+01
   1.59227     1.55326e+01     1.52760e+01     1.69536e+01     2.30632e+01
   1.59841     1.54561e+01     1.49873e+01     1.67851e+01     2.27547e+01
   1.60454     1.53441e+01     1.47920e+01     1.64272e+01     2.25430e+01
   1.61068     1.50846e+01     1.45909e+01     1.62123e+01     2.19694e+01
   1.61682     1.48588e+01     1.44332e+01     1.58966e+01     2.16987e+01
   1.62295     1.46788e+01     1.39886e+01     1.55519e+01     2.12853e+01
   1.62909     1.44853e+01     1.40664e+01     1.53371e+01     2.09464e+01
   1.63522     1.43035e+01     1.35666e+01     1.52080e+01     2.06920e+01
   1.64136     1.40752e+01     1.35058e+01     1.48865e+01     2.04175e+01
   1.64750     1.39630e+01     1.32653e+01     1.44114e+01     1.99658e+01
   1.65363     1.37315e+01     1.29459e+01     1.43579e+01     1.96999e+01
   1.65977     1.35706e+01     1.28942e+01     1.39457e+01     1.93748e+01
   1.66590     1.32990e+01     1.27328e+01     1.37829e+01     1.90518e+01
   1.67204     1.31738e+01     1.23904e+01     1.36831e+01     1.86537e+01
   1.67817     1.30809e+01     1.21847e+01     1.33645e+01     1.85202e+01
   1.68431     1.25674e+01     1.19621e+01     1.31483e+01     1.80700e+01
   1.69045     1.26284e+01     1.18231e+01     1.27759e+01     1.76661e+01
   1.69658     1.23401e+01     1.16048e+01     1.28037e+01     1.75434e+01
   1.70272     1.21192e+01     1.14547e+01     1.23730e+01     1.72100e+01
   1.70885     1.20604e+01     1.13036e+01     1.22480e+01     1.69339e+01
   1.71499     1.19387e+01     1.11379e+01     1.20776e+01     1.65281e+01
   1.72113     1.16511e+01     1.07944e+01     1.18819e+01     1.62402e+01
   1.72726     1.13764e+01     1.06377e+01     1.14774e+01     1.60734e+01
   1.73340     1.13048e+01     1.05174e+01     1.13232e+01     1.58864e+01
   1.73953     1.10332e+01     1.02989e+01     1.11591e+01     1.53043e+01
   1.74567     1.08814e+01     9.98273e+00     1.08117e+01     1.51477e+01
   1.75181     1.07355e+01     9.95269e+00     1.06714e+01     1.48526e+01
   1.75794     1.05220e+01     9.64704e+00     1.04713e+01     1.45713e+01
   1.76408     1.03708e+01     9.41613e+00     1.02209e+01     1.42794e+01
   1.77021     1.01961e+01     9.48322e+00     1.01575e+01     1.40716e+01
   1.77635     1.01382e+01     9.29388e+00     9.99209e+00     1.38414e+01
   1.78249     9.89548e+00     9.10844e+00     9.66893e+00     1.34205e+01
   1.78862     9.75473e+00     8.87160e+00     9.39794e+00     1.33452e+01
   1.79476     9.67194e+00     8.59529e+00     9.33773e+00     1.29226e+01
   1.80089     9.48271e+00     8.46172e+00     9.10973e+00     1.29650e+01
   1.80703     9.35207e+00     8.34108e+00     8.93899e+00     1.26395e+01
   1.81317     9.19061e+00     8.16775e+00     8.71173e+00     1.23629e+01
   1.81930     9.14050e+00     7.94578e+00     8.57295e+00     1.20684e+01
   1.82544     8.87979e+00     7.86178e+00     8.32085e+00     1.18351e+01
   1.83157     8.70096e+00     7.78971e+00     8.16306e+00     1.15554e+01
   1.83771     8.48652e+00     7.46581e+00     8.01946e+00     1.13748e+01
   1.84384     8.33378e+00     7.35208e+00     7.87280e+00     1.11806e+01
   1.84998     8.21504e+00     7.22898e+00     7.69351e+00     1.08952e+01
   1.85612     8.13544e+00     7.14365e+00     7.50733e+00     1.06080e+01
   1.86225     7.98722e+00     7.02627e+00     7.27240e+00     1.04615e+01
   1.86839     7.84916e+00     6.74645e+00     6.99480e+00     1.03788e+01
   1.87452     7.61925e+00     6.58273e+00     6.98397e+00     1.00277e+01
   1.88066     7.53242e+00     6.41191e+00     6.80747e+00     9.85675e+00
   1.88680     7.37216e+00     6.35297e+00     6.60380e+00     9.53522e+00
   1.89293     7.15739e+00     6.13218e+00     6.35901e+00     9.39815e+00
   1.89907     7.14988e+00     5.99387e+00     6.24239e+00     9.20528e+00
   1.90520     7.08200e+00     5.88525e+00     6.17421e+00     8.99000e+00
   1.91134     6.76390e+00     5.75673e+00     5.92441e+00     8.76785e+00
   1.91748     6.69803e+00     5.55536e+00     5.81070e+00     8.50982e+00
   1.92361     6.59787e+00     5.49267e+00     5.67404e+00     8.42713e+00
   1.92975     6.33068e+00     5.27797e+00     5.47455e+00     8.18703e+00
   1.93588     6.20581e+00     5.14778e+00     5.35748e+00     8.00396e+00
   1.94202     6.19613e+00     5.12687e+00     5.12302e+00     7.80405e+00
   1.94816     6.01042e+00     4.93128e+00     4.98139e+00     7.59082e+00
   1.95429     5.91850e+00     4.78612e+00     4.88203e+00     7.43872e+00
   1.96043     5.70437e+00     4.68454e+00     4.67485e+00     7.22325e+00
   1.96656     5.69607e+00     4.51959e+00     4.56100e+00     7.01995e+00
   1.97270     5.47486e+00     4.35372e+00     4.40977e+00     6.83493e+00
   1.97884     5.34127e+00     4.22520e+00     4.31765e+00     6.64495e+00
   1.98497     5.27373e+00     4.04210e+00     4.13736e+00     6.49450e+00
   1.99111     5.07389e+00     3.89378e+00     4.03981e+00     6.33763e+00
   1.99724     5.02459e+00     3.89176e+00     3.86590e+00     6.13972e+00
   2.00338     4.95362e+00     3.74136e+00     3.79393e+00     5.97973e+00
   2.00951     4.81235e+00     3.61541e+00     3.63772e+00     5.75861e+00
   2.01565     4.60731e+00     3.43380e+00     3.40367e+00     5.60752e+00
   2.02179     4.49001e+00     3.34400e+00     3.32161e+00     5.46843e+00
   2.02792     4.39184e+00     3.19663e+00     3.12104e+00     5.35217e+00
   2.03406     4.28013e+00     3.11559e+00     3.07822e+00     5.18445e+00
   2.04019     4.20178e+00     2.93297e+00     2.85002e+00     4.95598e+00
   2.04633     4.06158e+00     2.84879e+00     2.73150e+00     4.85282e+00
   2.05247     3.93425e+00     2.75469e+00     2.67339e+00     4.67241e+00
   2.05860     3.82789e+00     2.66284e+00     2.55216e+00     4.49554e+00
   2.06474     3.74350e+00     2.52132e+00     2.38423e+00     4.35879e+00
   2.07087     3.69467e+00     2.37827e+00     2.30402e+00     4.20139e+00
   2.07701     3.52205e+00     2.31250e+00     2.10663e+00     4.13808e+00
   2.08315     3.42128e+00     2.25005e+00     2.04080e+00     3.84666e+00
   2.08928     3.32356e+00     2.04717e+00     1.87500e+00     3.72025e+00
   2.09542     3.18898e+00     1.97492e+00     1.81866e+00     3.61458e+00
   2.10155     3.09515e+00     1.81644e+00     1.67279e+00     3.45630e+00
   2.10769     2.92394e+00     1.82322e+00     1.60255e+00     3.33623e+00
   2.11383     2.86599e+00     1.64138e+00     1.44728e+00     3.18414e+00
   2.11996     2.75768e+00     1.53775e+00     1.28645e+00     3.06035e+00
   2.12610     2.68392e+00     1.44490e+00     1.22487e+00     2.89310e+00
   2.13223     2.60058e+00     1.32510e+00     1.08621e+00     2.76682e+00
   2.13837     2.44168e+00     1.21477e+00     9.48192e-01     2.61484e+00
   2.14451     2.34332e+00     1.09162e+00     8.49381e-01     2.49376e+00
   2.15064     2.29450e+00     1.02468e+00     7.57520e-01     2.30049e+00
   2.15678     2.12334e+00     9.04503e-01     6.22865e-01     2.29153e+00
   2.16291     2.00585e+00     8.42246e-01     5.93766e-01     2.07285e+00
   2.16905     1.93399e+00     7.25657e-01     4.23646e-01     2.03175e+00
   2.17518     1.89976e+00     6.46478e-01     3.58770e-01     1.83852e+00
   2.18132     1.76570e+00     5.46046e-01     2.36657e-01     1.68148e+00
   2.18746     1.63470e+00     4.39409e-01     1.13380e-01     1.58589e+00
   2.19359     1.55723e+00     2.97841e-01     4.89542e-02     1.47126e+00
   2.19973     1.51908e+00     2.07869e-01     6.81177e-02     1.35282e+00
   2.20586     1.45309e+00     1.87898e-01     1.58906e-01     1.23377e+00
   2.21200     1.30257e+00     1.00027e-02     2.57738e-01     1.09433e+00
   2.21814     1.25113e+00     2.18362e-02     4.00468e-01     9.83885e-01
   2.22427     1.16669e+00     1.26281e-01     4.80872e-01     8.80316e-01
   2.23041     1.02609e+00     2.61264e-01     5.54549e-01     7.91165e-01
   2.23654     9.92178e-01     2.99681e-01     6.90447e-01     6.72997e-01
   2.24268     8.61777e-01     4.46988e-01     7.32850e-01     5.29062e-01
   2.24882     7.91727e-01     5.13366e-01     9.12528e-01     4.63114e-01
   2.25495     7.04662e-01     5.92832e-01     9.51714e-01     3.12120e-01
   2.26109     5.96219e-01     7.02977e-01     1.06121e+00     1.83055e-01
   2.26722     5.30593e-01     7.57948e-01     1.17230e+00     6.12006e-02
   2.27336     3.86419e-01     8.61847e-01     1.22536e+00     4.53326e-02
   2.27950     3.62763e-01     9.19069e-01     1.33519e+00     1.59128e-01
   2.28563     2.85518e-01     1.03863e+00     1.39823e+00     2.14119e-01
   2.29177     1.60015e-01     1.13897e+00     1.53049e+00     3.22364e-01
   2.29790     1.25208e-01     1.16551e+00     1.62988e+00     3.98135e-01
   2.30404     2.04355e-02     1.28749e+00     1.65674e+00     5.32159e-01
   2.31018     5.45997e-02     1.33018e+00     1.78651e+00     6.46255e-01
   2.31631     8.65241e-02     1.40802e+00     1.90951e+00     7.01443e-01
   2.32245     2.45572e-01     1.50040e+00     1.94408e+00     8.42211e-01
   2.32858     2.60805e-01     1.59965e+00     2.01548e+00     8.84808e-01
   2.33472     3.92823e-01     1.65328e+00     2.09239e+00     1.01519e+00
   2.34085     4.53891e-01     1.74222e+00     2.22104e+00     1.16094e+00
   2.34699     5.45790e-01     1.79808e+00     2.29633e+00     1.19283e+00
   2.35313     6.26234e-01     1.89291e+00     2.39320e+00     1.31307e+00
   2.35926     6.93996e-01     1.97605e+00     2.43619e+00     1.41221e+00
   2.36540     7.24577e-01     2.07178e+00     2.49451e+00     1.46130e+00
   2.37153     8.15889e-01     2.11356e+00     2.55643e+00     1.56382e+00
   2.37767     9.02219e-01     2.17301e+00     2.69525e+00     1.68731e+00
   2.38381     9.75995e-01     2.25313e+00     2.77332e+00     1.73368e+00
   2.38994     1.00244e+00     2.34223e+00     2.80253e+00     1.86640e+00
   2.39608     1.10634e+00     2.42522e+00     2.86652e+00     1.90273e+00
   2.40221     1.15905e+00     2.51140e+00     2.95901e+00     1.98519e+00
   2.40835     1.24214e+00     2.59924e+00     3.04290e+00     2.10624e+00
   2.41449     1.32576e+00     2.62393e+00     3.12108e+00     2.17623e+00
   2.42062     1.40479e+00     2.71081e+00     3.22226e+00     2.26113e+00
   2.42676     1.47040e+00     2.74540e+00     3.25946e+00     2.36502e+00
   2.43289     1.56214e+00     2.86205e+00     3.34315e+00     2.39218e+00
   2.43903     1.59648e+00     2.87548e+00     3.40183e+00     2.48844e+00
   2.44517     1.73884e+00     2.96183e+00     3.50207e+00     2.60988e+00
   2.45130     1.74539e+00     3.01177e+00     3.51227e+00     2.68455e+00
   2.45744     1.79477e+00     3.09673e+00     3.62357e+00     2.75893e+00
   2.46357     1.87439e+00     3.14778e+00     3.69328e+00     2.84867e+00
   2.46971     1.93662e+00     3.28553e+00     3.76195e+00     2.89178e+00
   2.47584     1.98863e+00     3.34457e+00     3.79908e+00     2.97857e+00
   2.48198     2.09382e+00     3.39677e+00     3.91838e+00     3.06076e+00
   2.48812     2.13526e+00     3.43700e+00     3.94620e+00     3.11940e+00
   2.49425     2.22160e+00     3.50135e+00     4.02090e+00     3.22481e+00
   2.50039     2.24366e+00     3.56555e+00     4.06634e+00     3.24922e+00
   2.50652     2.33461e+00     3.62177e+00     4.13335e+00     3.37050e+00
   2.51266     2.35031e+00     3.67017e+00     4.22410e+00     3.42708e+00
   2.51880     2.41628e+00     3.71747e+00     4.28345e+00     3.48952e+00
   2.52493     2.48693e+00     3.79231e+00     4.35364e+00     3.53901e+00
   2.53107     2.56462e+00     3.89823e+00     4.39951e+00     3.60329e+00
   2.53720     2.60066e+00     3.90151e+00     4.45208e+00     3.68593e+00
   2.54334     2.68505e+00     3.99420e+00     4.52974e+00     3.75515e+00
   2.54948     2.73687e+00     4.01873e+00     4.59001e+00     3.81360e+00
   2.55561     2.79094e+00     4.11382e+00     4.64427e+00     3.94245e+00
   2.56175     2.86677e+00     4.18605e+00     4.68159e+00     3.93134e+00
   2.56788     2.89722e+00     4.23088e+00     4.76073e+00     4.01101e+00
   2.57402     2.96505e+00     4.26239e+00     4.83784e+00     4.07272e+00
   2.58016     3.01681e+00     4.33136e+00     4.89577e+00     4.13756e+00
   2.58629     3.08116e+00     4.39888e+00     4.92048e+00     4.20924e+00
   2.59243     3.11345e+00     4.42361e+00     4.99051e+00     4.29712e+00
   2.59856     3.14743e+00     4.47928e+00     5.03304e+00     4.34666e+00
   2.60470     3.23355e+00     4.53363e+00     5.12130e+00     4.39768e+00
   2.61084     3.26902e+00     4.59657e+00     5.14988e+00     4.45515e+00
   2.61697     3.31497e+00     4.63353e+00     5.19324e+00     4.51743e+00
   2.62311     3.37405e+00     4.70456e+00     5.28354e+00     4.56140e+00
   2.62924     3.44242e+00     4.77657e+00     5.31821e+00     4.61232e+00
   2.63538     3.51881e+00     4.80099e+00     5.36258e+00     4.66484e+00
   2.64151     3.54508e+00     4.85140e+00     5.43793e+00     4.73252e+00
   2.64765     3.59541e+00     4.92572e+00     5.46990e+00     4.80462e+00
   2.65379     3.64832e+00     4.94414e+00     5.55522e+00     4.85184e+00
   2.65992     3.67516e+00     5.00277e+00     5.59669e+00     4.91646e+00
   2.66606     3.74697e+00     5.05937e+00     5.62628e+00     4.97139e+00
   2.67219     3.79053e+00     5.09627e+00     5.70615e+00     5.01276e+00
   2.67833     3.84173e+00     5.15819e+00     5.72998e+00     5.07047e+00
   2.68447     3.88190e+00     5.20471e+00     5.78694e+00     5.08946e+00
   2.69060     3.92897e+00     5.26013e+00     5.84098e+00     5.17043e+00
   2.69674     3.96818e+00     5.30002e+00     5.87785e+00     5.21632e+00
   2.70287     4.03325e+00     5.35010e+00     5.95973e+00     5.27510e+00
   2.70901     4.07725e+00     5.39338e+00     5.98357e+00     5.32965e+00
   2.71515     4.11310e+00     5.45324e+00     6.03407e+00     5.37185e+00
   2.72128     4.15244e+00     5.47066e+00     6.06637e+00     5.43982e+00
   2.72742     4.21419e+00     5.51548e+00     6.12372e+00     5.46863e+00
   2.73355     4.26521e+00     5.56322e+00     6.17436e+00     5.52711e+00
   2.73969     4.30960e+00     5.61103e+00     6.22306e+00     5.57231e+00
   2.74583     4.34813e+00     5.66003e+00     6.24343e+00     5.62420e+00
   2.75196     4.39333e+00     5.71330e+00     6.29863e+00     5.64954e+00
   2.75810     4.41830e+00     5.74831e+00     6.35027e+00     5.69711e+00
   2.76423     4.47555e+00     5.78917e+00     6.42129e+00     5.75181e+00
   2.77037     4.49135e+00     5.83042e+00     6.44163e+00     5.78507e+00
   2.77651     4.56148e+00     5.88145e+00     6.49052e+00     5.84773e+00
   2.78264     4.59264e+00     5.91116e+00     6.53967e+00     5.87989e+00
   2.78878     4.64829e+00     5.97222e+00     6.58276e+00     5.93254e+00
   2.79491     4.67922e+00     6.00741e+00     6.61842e+00     5.96442e+00
   2.80105     4.70178e+00     6.05031e+00     6.64962e+00     6.02147e+00
   2.80718     4.71834e+00     6.07841e+00     6.69961e+00     6.04104e+00
   2.81332     4.78423e+00     6.11421e+00     6.74589e+00     6.09445e+00
   2.81946     4.82738e+00     6.13227e+00     6.78525e+00     6.12815e+00
   2.82559     4.85571e+00     6.21950e+00     6.81541e+00     6.17343e+00
   2.83173     4.90585e+00     6.22733e+00     6.85975e+00     6.21476e+00
   2.83786     4.93509e+00     6.27515e+00     6.90872e+00     6.25293e+00
   2.84400     4.97176e+00     6.30331e+00     6.96540e+00     6.28317e+00
   2.85014     4.98280e+00     6.34451e+00     6.98814e+00     6.34035e+00
   2.85627     5.05690e+00     6.38291e+00     7.02762e+00     6.36014e+00
   2.86241     5.06551e+00     6.41102e+00     7.04383e+00     6.41569e+00
   2.86854     5.10511e+00     6.45133e+00     7.09959e+00     6.44257e+00
   2.87468     5.17428e+00     6.52208e+00     7.13873e+00     6.47685e+00
   2.88082     5.19552e+00     6.53696e+00     7.18950e+00     6.52221e+00
   2.88695     5.21532e+00     6.56079e+00     7.22599e+00     6.55214e+00
   2.89309     5.23975e+00     6.59766e+00     7.25932e+00     6.58111e+00
   2.89922     5.26158e+00     6.63954e+00     7.29940e+00     6.61189e+00
   2.90536     5.30902e+00     6.64777e+00     7.33505e+00     6.65435e+00
   2.91150     5.35878e+00     6.71076e+00     7.36229e+00     6.68820e+00
   2.91763     5.38458e+00     6.73268e+00     7.40297e+00     6.71806e+00
   2.92377     5.41627e+00     6.78066e+00     7.43667e+00     6.74822e+00
   2.92990     5.43388e+00     6.79399e+00     7.46620e+00     6.79321e+00
   2.93604     5.47211e+00     6.83193e+00     7.50686e+00     6.83083e+00
   2.94218     5.50618e+00     6.86847e+00     7.53989e+00     6.84586e+00
   2.94831     5.54724e+00     6.90599e+00     7.58592e+00     6.88002e+00
   2.95445     5.53975e+00     6.92141e+00     7.60625e+00     6.91536e+00
   2.96058     5.59981e+00     6.95786e+00     7.64188e+00     6.94499e+00
   2.96672     5.61949e+00     6.98878e+00     7.67163e+00     6.97277e+00
   2.97285     5.63239e+00     7.03571e+00     7.69368e+00     7.00213e+00
   2.97899     5.69365e+00     7.05908e+00     7.73327e+00     7.03167e+00
   2.98513     5.71582e+00     7.08640e+00     7.77824e+00     7.05776e+00
   2.99126     5.72367e+00     7.10916e+00     7.80547e+00     7.10127e+00
   2.99740     5.76786e+00     7.14801e+00     7.83360e+00     7.10949e+00
   3.00353     5.80867e+00     7.17890e+00     7.85950e+00     7.15024e+00
   3.00967     5.81581e+00     7.19824e+00     7.89776e+00     7.18208e+00
   3.01581     5.84076e+00     7.23042e+00     7.93192e+00     7.19296e+00
   3.02194     5.87396e+00     7.24598e+00     7.96973e+00     7.21136e+00
   3.02808     5.90469e+00     7.30017e+00     7.98120e+00     7.24840e+00
   3.03421     5.92008e+00     7.31848e+00     8.02604e+00     7.29146e+00
   3.04035     5.95254e+00     7.32789e+00     8.06898e+00     7.30490e+00
   3.04649     5.94238e+00     7.38252e+00     8.07904e+00     7.33407e+00
   3.05262     5.99181e+00     7.39525e+00     8.10686e+00     7.35690e+00
   3.05876     6.00879e+00     7.44087e+00     8.13896e+00     7.38160e+00
   3.06489     6.02567e+00     7.45592e+00     8.16627e+00     7.40708e+00
   3.07103     6.05778e+00     7.47223e+00     8.20643e+00     7.43825e+00
   3.07717     6.08681e+00     7.51981e+00     8.22390e+00     7.45733e+00
   3.08330     6.11286e+00     7.53803e+00     8.26301e+00     7.47999e+00
   3.08944     6.12309e+00     7.55985e+00     8.27165e+00     7.50351e+00
   3.09557     6.15167e+00     7.57005e+00     8.31217e+00     7.52284e+00
   3.10171     6.17228e+00     7.61056e+00     8.34484e+00     7.54847e+00
   3.10785     6.17444e+00     7.63930e+00     8.36514e+00     7.56188e+00
   3.11398     6.21389e+00     7.65609e+00     8.37934e+00     7.59869e+00
   3.12012     6.24764e+00     7.70125e+00     8.42206e+00     7.60413e+00
   3.12625     6.26098e+00     7.70839e+00     8.44742e+00     7.63571e+00
   3.13239     6.26629e+00     7.72056e+00     8.46485e+00     7.66100e+00
   3.13852     6.27824e+00     7.76417e+00     8.49482e+00     7.66808e+00
