# Subtracting SN=    1.77956e+01.
#        k         Pk_0_HI
   0.03175     1.07950e+04
   0.04446     7.86814e+03
   0.05670     6.50559e+03
   0.06913     5.54907e+03
   0.08163     4.56994e+03
   0.09394     3.56949e+03
   0.10633     2.87441e+03
   0.11897     2.56882e+03
   0.13156     2.35969e+03
   0.14405     2.03567e+03
   0.15655     1.70749e+03
   0.16903     1.51038e+03
   0.18145     1.36268e+03
   0.19391     1.26295e+03
   0.20638     1.13785e+03
   0.21880     1.00459e+03
   0.23135     9.23132e+02
   0.24388     8.47380e+02
   0.25638     7.90411e+02
   0.26888     7.26374e+02
   0.28133     6.76517e+02
   0.29385     6.20843e+02
   0.30628     5.85064e+02
   0.31877     5.42696e+02
   0.33129     5.08926e+02
   0.34378     4.80226e+02
   0.35632     4.47874e+02
   0.36883     4.24192e+02
   0.38133     3.99933e+02
   0.39379     3.78936e+02
   0.40628     3.61837e+02
   0.41878     3.40640e+02
   0.43132     3.21734e+02
   0.44381     3.06346e+02
   0.45630     2.93187e+02
   0.46880     2.81111e+02
   0.48130     2.66545e+02
   0.49379     2.55955e+02
   0.50627     2.43501e+02
   0.51878     2.31429e+02
   0.53128     2.23908e+02
   0.54381     2.14082e+02
   0.55628     2.05413e+02
   0.56880     1.96851e+02
   0.58132     1.88629e+02
   0.59381     1.82992e+02
   0.60631     1.75683e+02
   0.61879     1.69212e+02
   0.63131     1.63152e+02
   0.64381     1.57501e+02
   0.65629     1.51035e+02
   0.66878     1.46192e+02
   0.68130     1.40980e+02
   0.69382     1.35743e+02
   0.70631     1.31129e+02
   0.71877     1.27647e+02
   0.73127     1.22774e+02
   0.74379     1.18612e+02
   0.75629     1.14786e+02
   0.76880     1.11052e+02
   0.78130     1.08002e+02
   0.79378     1.04289e+02
   0.80630     1.00934e+02
   0.81880     9.78682e+01
   0.83127     9.46568e+01
   0.84379     9.15941e+01
   0.85630     8.87666e+01
   0.86879     8.66254e+01
   0.88128     8.37285e+01
   0.89378     8.10935e+01
   0.90628     7.84004e+01
   0.91879     7.60742e+01
   0.93128     7.37030e+01
   0.94378     7.18010e+01
   0.95630     6.96697e+01
   0.96878     6.78613e+01
   0.98127     6.56414e+01
   0.99376     6.38047e+01
   1.00625     6.17581e+01
   1.01876     6.00287e+01
   1.03128     5.81825e+01
   1.04378     5.69151e+01
   1.05626     5.49288e+01
   1.06878     5.33682e+01
   1.08130     5.17931e+01
   1.09378     5.02134e+01
   1.10628     4.87724e+01
   1.11877     4.73228e+01
   1.13126     4.59738e+01
   1.14378     4.44943e+01
   1.15629     4.34314e+01
   1.16880     4.20748e+01
   1.18130     4.07062e+01
   1.19378     3.95382e+01
   1.20627     3.84552e+01
   1.21876     3.72658e+01
   1.23127     3.63096e+01
   1.24378     3.50254e+01
   1.25626     3.39691e+01
   1.26874     3.31312e+01
   1.28126     3.18028e+01
   1.29376     3.09508e+01
   1.30627     3.00978e+01
   1.31878     2.91823e+01
   1.33127     2.83246e+01
   1.34376     2.73948e+01
   1.35626     2.65480e+01
   1.36877     2.57254e+01
   1.38126     2.49157e+01
   1.39377     2.40666e+01
   1.40626     2.32511e+01
   1.41876     2.25807e+01
   1.43128     2.16985e+01
   1.44376     2.09909e+01
   1.45626     2.02463e+01
   1.46878     1.96583e+01
   1.48127     1.89189e+01
   1.49375     1.82731e+01
   1.50627     1.77752e+01
   1.51879     1.69301e+01
   1.53128     1.63696e+01
   1.54377     1.57675e+01
   1.55627     1.51145e+01
   1.56876     1.45735e+01
   1.58126     1.40007e+01
   1.59377     1.34206e+01
   1.60627     1.29151e+01
   1.61877     1.23500e+01
   1.63126     1.18783e+01
   1.64377     1.13324e+01
   1.65627     1.08429e+01
   1.66875     1.03647e+01
   1.68125     9.87162e+00
   1.69375     9.40297e+00
   1.70626     8.96499e+00
   1.71876     8.51193e+00
   1.73127     8.06405e+00
   1.74377     7.53852e+00
   1.75628     7.13269e+00
   1.76876     6.72983e+00
   1.78125     6.33912e+00
   1.79375     5.93444e+00
   1.80627     5.58650e+00
   1.81877     5.17690e+00
   1.83126     4.79409e+00
   1.84377     4.41561e+00
   1.85627     4.06790e+00
   1.86877     3.70845e+00
   1.88127     3.35497e+00
   1.89376     2.98279e+00
   1.90627     2.66867e+00
   1.91877     2.34287e+00
   1.93127     2.02237e+00
   1.94377     1.69443e+00
   1.95627     1.39782e+00
   1.96877     1.07428e+00
   1.98126     7.58178e-01
   1.99375     4.74910e-01
   2.00625     2.16756e-01
   2.01875    -1.25137e-01
   2.03126    -3.68824e-01
   2.04377    -6.76339e-01
   2.05627    -9.15755e-01
   2.06876    -1.16805e+00
   2.08126    -1.44197e+00
   2.09376    -1.70035e+00
   2.10626    -1.94287e+00
   2.11877    -2.18058e+00
   2.13126    -2.41993e+00
   2.14377    -2.68162e+00
   2.15626    -2.91292e+00
   2.16875    -3.10423e+00
   2.18126    -3.35248e+00
   2.19376    -3.56666e+00
   2.20626    -3.76897e+00
   2.21876    -3.98369e+00
   2.23126    -4.19432e+00
   2.24376    -4.39694e+00
   2.25626    -4.60891e+00
   2.26876    -4.80208e+00
   2.28127    -4.99588e+00
   2.29377    -5.19198e+00
   2.30626    -5.36121e+00
   2.31876    -5.55258e+00
   2.33127    -5.72103e+00
   2.34377    -5.91474e+00
   2.35626    -6.08702e+00
   2.36877    -6.23112e+00
   2.38126    -6.42140e+00
   2.39375    -6.56752e+00
   2.40626    -6.73226e+00
   2.41875    -6.90868e+00
   2.43125    -7.04709e+00
   2.44376    -7.21170e+00
   2.45626    -7.34389e+00
   2.46877    -7.50880e+00
   2.48127    -7.66161e+00
   2.49376    -7.79688e+00
   2.50625    -7.93017e+00
   2.51875    -8.06860e+00
   2.53126    -8.19625e+00
   2.54376    -8.33585e+00
   2.55626    -8.46677e+00
   2.56876    -8.59276e+00
   2.58126    -8.71384e+00
   2.59377    -8.84071e+00
   2.60626    -8.96252e+00
   2.61876    -9.06992e+00
   2.63126    -9.19150e+00
   2.64376    -9.30513e+00
   2.65626    -9.42376e+00
   2.66876    -9.53087e+00
   2.68126    -9.63092e+00
   2.69376    -9.74421e+00
   2.70626    -9.85900e+00
   2.71876    -9.95027e+00
   2.73126    -1.00533e+01
   2.74376    -1.01545e+01
   2.75626    -1.02473e+01
   2.76877    -1.03465e+01
   2.78127    -1.04369e+01
   2.79377    -1.05290e+01
   2.80626    -1.06090e+01
   2.81875    -1.06955e+01
   2.83126    -1.07864e+01
   2.84377    -1.08687e+01
   2.85627    -1.09557e+01
   2.86876    -1.10309e+01
   2.88127    -1.11206e+01
   2.89377    -1.11961e+01
   2.90626    -1.12681e+01
   2.91876    -1.13466e+01
   2.93126    -1.14153e+01
   2.94376    -1.14858e+01
   2.95626    -1.15511e+01
   2.96876    -1.16220e+01
   2.98126    -1.16913e+01
   2.99376    -1.17546e+01
   3.00625    -1.18220e+01
   3.01875    -1.18772e+01
   3.03125    -1.19436e+01
   3.04376    -1.20002e+01
   3.05626    -1.20618e+01
   3.06876    -1.21171e+01
   3.08126    -1.21812e+01
   3.09376    -1.22260e+01
   3.10626    -1.22820e+01
   3.11876    -1.23365e+01
   3.13126    -1.23844e+01
