# Redshift space power spectrum in mu bins.
# Subtracting SN=    4.81110e+01.
#     k\mu         0.12500         0.37500         0.62500         0.87500
   0.00920     9.30380e+03             nan     1.65593e+04     2.12547e+04
   0.01534     1.18810e+04     1.47180e+04     2.07096e+04     2.55210e+04
   0.02148     1.15394e+04     1.29051e+04     1.68725e+04     2.33846e+04
   0.02761     1.09945e+04     1.26698e+04     1.69753e+04     2.20600e+04
   0.03375     9.36066e+03     9.89667e+03     1.28340e+04     1.92780e+04
   0.03988     7.60181e+03     8.89816e+03     1.14489e+04     1.57358e+04
   0.04602     6.78922e+03     7.45532e+03     9.72960e+03     1.32228e+04
   0.05216     6.05171e+03     7.14695e+03     9.29119e+03     1.21983e+04
   0.05829     5.66717e+03     6.51282e+03     8.15747e+03     1.16123e+04
   0.06443     5.24517e+03     5.94954e+03     7.75600e+03     1.00944e+04
   0.07056     5.01968e+03     5.46444e+03     7.01280e+03     9.53558e+03
   0.07670     4.45010e+03     5.12723e+03     6.40738e+03     9.21938e+03
   0.08283     4.00554e+03     4.54599e+03     5.70144e+03     7.89319e+03
   0.08897     3.45928e+03     3.95902e+03     5.02934e+03     6.92824e+03
   0.09511     2.98106e+03     3.41859e+03     4.44740e+03     6.16456e+03
   0.10124     2.84732e+03     3.25199e+03     4.07145e+03     5.37240e+03
   0.10738     2.56776e+03     2.93309e+03     3.54534e+03     5.02899e+03
   0.11351     2.37609e+03     2.66972e+03     3.47489e+03     4.58042e+03
   0.11965     2.21693e+03     2.50522e+03     3.23077e+03     4.40003e+03
   0.12579     2.16894e+03     2.54182e+03     3.12919e+03     4.36465e+03
   0.13192     2.07700e+03     2.32813e+03     3.00199e+03     4.18025e+03
   0.13806     1.89169e+03     2.17775e+03     2.92198e+03     3.69574e+03
   0.14419     1.80730e+03     2.00159e+03     2.58001e+03     3.64078e+03
   0.15033     1.63102e+03     1.94041e+03     2.36678e+03     3.15485e+03
   0.15647     1.49083e+03     1.74569e+03     2.15270e+03     3.01735e+03
   0.16260     1.39561e+03     1.60247e+03     2.00346e+03     2.74962e+03
   0.16874     1.28228e+03     1.48945e+03     1.96996e+03     2.80838e+03
   0.17487     1.24402e+03     1.44116e+03     1.82269e+03     2.59958e+03
   0.18101     1.18957e+03     1.37965e+03     1.65790e+03     2.46194e+03
   0.18715     1.16065e+03     1.27719e+03     1.65989e+03     2.36367e+03
   0.19328     1.11789e+03     1.29391e+03     1.61167e+03     2.22405e+03
   0.19942     1.06169e+03     1.20746e+03     1.49843e+03     2.11713e+03
   0.20555     9.78504e+02     1.13462e+03     1.41444e+03     1.99745e+03
   0.21169     9.01639e+02     1.10493e+03     1.39698e+03     1.86415e+03
   0.21783     8.89590e+02     1.00080e+03     1.28400e+03     1.83100e+03
   0.22396     8.26921e+02     9.23522e+02     1.23799e+03     1.70870e+03
   0.23010     7.93210e+02     9.12188e+02     1.19384e+03     1.72893e+03
   0.23623     7.66289e+02     8.79909e+02     1.12491e+03     1.58677e+03
   0.24237     7.19758e+02     8.30675e+02     1.04732e+03     1.45969e+03
   0.24850     7.01060e+02     8.31291e+02     1.04257e+03     1.52057e+03
   0.25464     6.93647e+02     7.79222e+02     1.01880e+03     1.45377e+03
   0.26078     6.47243e+02     7.56425e+02     9.64064e+02     1.37199e+03
   0.26691     6.29943e+02     7.07693e+02     9.17419e+02     1.28177e+03
   0.27305     6.10373e+02     6.80314e+02     9.20726e+02     1.23487e+03
   0.27918     5.97678e+02     6.81576e+02     8.30557e+02     1.23338e+03
   0.28532     5.57421e+02     6.47192e+02     8.57386e+02     1.16618e+03
   0.29146     5.30896e+02     5.97534e+02     7.81890e+02     1.11112e+03
   0.29759     5.15367e+02     5.93176e+02     7.64842e+02     1.10911e+03
   0.30373     4.83592e+02     5.68204e+02     7.40870e+02     1.06752e+03
   0.30986     4.84820e+02     5.53859e+02     7.18206e+02     1.03347e+03
   0.31600     4.64939e+02     5.34470e+02     6.85026e+02     9.69853e+02
   0.32214     4.60820e+02     5.14113e+02     6.65411e+02     9.47988e+02
   0.32827     4.41931e+02     4.98439e+02     6.33450e+02     9.18108e+02
   0.33441     4.21900e+02     4.75736e+02     6.25256e+02     8.75372e+02
   0.34054     4.08876e+02     4.75140e+02     5.79874e+02     8.68144e+02
   0.34668     3.89884e+02     4.59733e+02     5.80517e+02     8.63611e+02
   0.35282     3.82188e+02     4.43148e+02     5.50675e+02     8.24027e+02
   0.35895     3.65179e+02     4.29616e+02     5.44313e+02     8.08813e+02
   0.36509     3.61985e+02     4.05968e+02     5.15198e+02     7.57533e+02
   0.37122     3.55627e+02     4.11566e+02     5.27112e+02     7.53164e+02
   0.37736     3.42240e+02     3.93162e+02     4.92551e+02     7.39186e+02
   0.38350     3.23218e+02     3.75478e+02     4.88675e+02     6.83641e+02
   0.38963     3.20683e+02     3.70142e+02     4.61505e+02     6.59132e+02
   0.39577     3.17036e+02     3.56247e+02     4.58687e+02     6.62480e+02
   0.40190     3.01157e+02     3.49783e+02     4.48681e+02     6.47159e+02
   0.40804     3.00344e+02     3.34046e+02     4.32744e+02     6.33968e+02
   0.41417     2.82649e+02     3.25801e+02     4.13254e+02     6.08969e+02
   0.42031     2.83101e+02     3.16419e+02     4.10169e+02     6.00018e+02
   0.42645     2.71994e+02     3.06227e+02     3.99080e+02     5.78260e+02
   0.43258     2.59291e+02     2.94200e+02     3.83056e+02     5.71821e+02
   0.43872     2.53601e+02     2.92477e+02     3.83347e+02     5.59534e+02
   0.44485     2.56302e+02     2.80522e+02     3.69910e+02     5.35549e+02
   0.45099     2.38794e+02     2.83197e+02     3.57810e+02     5.15311e+02
   0.45713     2.36623e+02     2.70179e+02     3.50798e+02     5.14146e+02
   0.46326     2.39227e+02     2.61636e+02     3.36152e+02     5.01114e+02
   0.46940     2.29070e+02     2.60535e+02     3.32617e+02     4.84111e+02
   0.47553     2.25068e+02     2.52888e+02     3.22288e+02     4.72367e+02
   0.48167     2.13822e+02     2.50536e+02     3.15354e+02     4.70168e+02
   0.48781     2.08634e+02     2.38982e+02     3.01754e+02     4.55496e+02
   0.49394     2.07204e+02     2.32270e+02     3.05243e+02     4.44758e+02
   0.50008     1.97789e+02     2.26344e+02     2.91347e+02     4.39650e+02
   0.50621     1.97494e+02     2.22966e+02     2.86643e+02     4.10823e+02
   0.51235     1.91878e+02     2.13380e+02     2.71733e+02     4.11173e+02
   0.51849     1.90890e+02     2.10198e+02     2.73442e+02     3.98787e+02
   0.52462     1.84693e+02     2.04664e+02     2.67156e+02     3.90147e+02
   0.53076     1.76161e+02     2.00058e+02     2.64100e+02     3.76705e+02
   0.53689     1.76859e+02     1.97747e+02     2.52991e+02     3.74597e+02
   0.54303     1.69458e+02     1.90722e+02     2.50345e+02     3.66426e+02
   0.54917     1.65222e+02     1.86465e+02     2.43050e+02     3.57549e+02
   0.55530     1.61879e+02     1.84462e+02     2.35893e+02     3.50223e+02
   0.56144     1.59658e+02     1.77695e+02     2.32126e+02     3.45973e+02
   0.56757     1.53404e+02     1.75898e+02     2.29024e+02     3.34332e+02
   0.57371     1.52704e+02     1.72358e+02     2.19607e+02     3.22801e+02
   0.57984     1.49096e+02     1.67673e+02     2.16224e+02     3.15746e+02
   0.58598     1.44386e+02     1.62647e+02     2.11065e+02     3.06158e+02
   0.59212     1.42792e+02     1.59972e+02     2.09368e+02     3.07457e+02
   0.59825     1.39453e+02     1.55246e+02     2.01817e+02     3.00586e+02
   0.60439     1.37116e+02     1.53060e+02     2.01278e+02     2.88147e+02
   0.61052     1.32968e+02     1.52144e+02     1.92516e+02     2.85850e+02
   0.61666     1.32534e+02     1.47747e+02     1.92553e+02     2.80172e+02
   0.62280     1.28844e+02     1.46259e+02     1.86476e+02     2.74501e+02
   0.62893     1.27323e+02     1.42876e+02     1.82854e+02     2.70189e+02
   0.63507     1.24235e+02     1.37814e+02     1.79474e+02     2.61848e+02
   0.64120     1.21427e+02     1.37250e+02     1.74351e+02     2.59885e+02
   0.64734     1.17967e+02     1.32714e+02     1.69731e+02     2.49532e+02
   0.65348     1.17220e+02     1.30374e+02     1.68186e+02     2.43806e+02
   0.65961     1.13498e+02     1.27204e+02     1.63077e+02     2.41713e+02
   0.66575     1.10084e+02     1.24345e+02     1.59707e+02     2.34902e+02
   0.67188     1.10344e+02     1.22206e+02     1.57194e+02     2.30097e+02
   0.67802     1.08048e+02     1.22373e+02     1.54790e+02     2.25088e+02
   0.68416     1.03663e+02     1.17514e+02     1.51963e+02     2.20705e+02
   0.69029     1.04198e+02     1.15968e+02     1.47675e+02     2.11632e+02
   0.69643     1.00936e+02     1.12231e+02     1.43257e+02     2.13226e+02
   0.70256     9.88744e+01     1.12363e+02     1.42808e+02     2.07508e+02
   0.70870     9.84623e+01     1.06425e+02     1.38052e+02     2.06163e+02
   0.71484     9.54236e+01     1.07403e+02     1.38048e+02     2.01765e+02
   0.72097     9.43741e+01     1.04432e+02     1.33557e+02     1.94674e+02
   0.72711     9.24502e+01     1.01723e+02     1.30354e+02     1.92469e+02
   0.73324     8.93116e+01     1.00783e+02     1.26833e+02     1.85843e+02
   0.73938     8.83390e+01     1.00863e+02     1.24190e+02     1.83990e+02
   0.74551     8.73713e+01     9.51118e+01     1.23982e+02     1.82786e+02
   0.75165     8.55891e+01     9.39147e+01     1.19012e+02     1.79764e+02
   0.75779     8.33249e+01     9.35231e+01     1.18490e+02     1.73665e+02
   0.76392     8.16311e+01     9.07513e+01     1.17358e+02     1.69109e+02
   0.77006     8.02820e+01     8.77559e+01     1.11451e+02     1.66236e+02
   0.77619     7.96131e+01     8.74959e+01     1.10387e+02     1.65096e+02
   0.78233     7.82005e+01     8.40221e+01     1.09569e+02     1.60187e+02
   0.78847     7.71576e+01     8.54169e+01     1.06107e+02     1.55781e+02
   0.79460     7.36566e+01     8.29463e+01     1.05634e+02     1.53471e+02
   0.80074     7.34565e+01     8.12686e+01     1.02081e+02     1.50493e+02
   0.80687     7.13292e+01     7.98014e+01     1.01558e+02     1.46747e+02
   0.81301     7.07495e+01     7.89417e+01     9.84207e+01     1.43503e+02
   0.81915     6.99748e+01     7.63503e+01     9.65008e+01     1.42776e+02
   0.82528     6.89035e+01     7.40770e+01     9.33548e+01     1.38989e+02
   0.83142     6.59457e+01     7.26788e+01     9.28405e+01     1.36349e+02
   0.83755     6.53095e+01     7.14428e+01     9.16958e+01     1.33162e+02
   0.84369     6.27708e+01     6.99857e+01     8.84619e+01     1.32049e+02
   0.84983     6.26324e+01     6.89835e+01     8.72793e+01     1.27954e+02
   0.85596     6.22334e+01     6.73565e+01     8.47076e+01     1.27540e+02
   0.86210     6.19618e+01     6.60666e+01     8.45046e+01     1.23571e+02
   0.86823     6.00915e+01     6.49440e+01     8.27028e+01     1.20390e+02
   0.87437     5.91094e+01     6.35362e+01     8.02228e+01     1.16885e+02
   0.88050     5.81584e+01     6.27953e+01     7.87320e+01     1.15885e+02
   0.88664     5.68808e+01     5.98306e+01     7.70156e+01     1.14434e+02
   0.89278     5.51343e+01     5.94850e+01     7.58003e+01     1.11075e+02
   0.89891     5.44019e+01     5.80884e+01     7.36242e+01     1.10301e+02
   0.90505     5.32815e+01     5.66652e+01     7.11819e+01     1.07208e+02
   0.91118     5.18252e+01     5.63605e+01     7.09117e+01     1.04751e+02
   0.91732     5.08245e+01     5.62770e+01     7.06749e+01     1.02822e+02
   0.92346     4.99556e+01     5.38040e+01     6.91430e+01     1.02363e+02
   0.92959     4.93856e+01     5.18973e+01     6.73684e+01     9.96275e+01
   0.93573     4.86450e+01     5.21312e+01     6.64269e+01     9.74503e+01
   0.94186     4.73999e+01     5.13259e+01     6.49568e+01     9.43626e+01
   0.94800     4.68324e+01     4.93867e+01     6.26461e+01     9.14887e+01
   0.95414     4.64382e+01     4.87501e+01     6.12915e+01     9.08665e+01
   0.96027     4.48567e+01     4.74737e+01     6.15859e+01     8.98227e+01
   0.96641     4.43273e+01     4.72601e+01     5.96194e+01     8.79307e+01
   0.97254     4.26898e+01     4.55455e+01     5.86950e+01     8.57024e+01
   0.97868     4.23040e+01     4.51034e+01     5.64719e+01     8.45190e+01
   0.98482     4.21355e+01     4.42413e+01     5.49630e+01     8.33197e+01
   0.99095     4.12612e+01     4.33655e+01     5.39585e+01     8.11404e+01
   0.99709     4.07071e+01     4.18997e+01     5.26177e+01     7.83091e+01
   1.00322     3.97434e+01     4.10516e+01     5.18282e+01     7.80940e+01
   1.00936     3.87365e+01     4.08158e+01     5.05977e+01     7.52928e+01
   1.01550     3.66190e+01     3.94604e+01     5.01635e+01     7.54867e+01
   1.02163     3.55569e+01     3.90766e+01     4.82348e+01     7.32405e+01
   1.02777     3.59078e+01     3.82324e+01     4.75117e+01     7.19733e+01
   1.03390     3.53492e+01     3.76220e+01     4.73802e+01     6.94434e+01
   1.04004     3.43341e+01     3.67900e+01     4.57765e+01     6.86835e+01
   1.04617     3.39512e+01     3.59972e+01     4.58741e+01     6.77752e+01
   1.05231     3.28316e+01     3.49380e+01     4.34755e+01     6.57213e+01
   1.05845     3.29862e+01     3.44784e+01     4.28822e+01     6.49891e+01
   1.06458     3.14427e+01     3.33984e+01     4.18001e+01     6.24844e+01
   1.07072     3.13742e+01     3.20584e+01     4.09045e+01     6.21948e+01
   1.07685     3.06043e+01     3.16166e+01     3.97925e+01     6.05338e+01
   1.08299     3.00250e+01     3.15697e+01     3.93646e+01     5.96891e+01
   1.08913     2.94516e+01     3.05580e+01     3.80264e+01     5.83671e+01
   1.09526     2.86482e+01     2.90840e+01     3.74518e+01     5.65229e+01
   1.10140     2.74794e+01     2.89429e+01     3.62038e+01     5.50184e+01
   1.10753     2.73540e+01     2.85261e+01     3.62874e+01     5.44415e+01
   1.11367     2.66839e+01     2.78547e+01     3.46523e+01     5.31368e+01
   1.11981     2.59579e+01     2.70360e+01     3.42012e+01     5.14174e+01
   1.12594     2.53321e+01     2.58955e+01     3.28497e+01     5.03157e+01
   1.13208     2.57555e+01     2.50715e+01     3.18184e+01     4.98540e+01
   1.13821     2.44429e+01     2.48686e+01     3.14485e+01     4.97395e+01
   1.14435     2.34568e+01     2.45082e+01     3.10229e+01     4.73118e+01
   1.15049     2.35696e+01     2.41509e+01     2.95502e+01     4.60087e+01
   1.15662     2.28938e+01     2.34573e+01     2.95143e+01     4.57148e+01
   1.16276     2.26252e+01     2.28398e+01     2.83106e+01     4.44494e+01
   1.16889     2.14928e+01     2.25908e+01     2.80634e+01     4.33803e+01
   1.17503     2.14524e+01     2.12477e+01     2.67909e+01     4.26283e+01
   1.18117     2.03720e+01     2.07505e+01     2.58575e+01     4.15960e+01
   1.18730     2.04123e+01     2.02935e+01     2.57302e+01     4.04427e+01
   1.19344     1.95035e+01     1.94746e+01     2.52373e+01     3.98715e+01
   1.19957     1.84657e+01     1.93128e+01     2.39135e+01     3.90810e+01
   1.20571     1.86261e+01     1.83504e+01     2.36050e+01     3.74990e+01
   1.21184     1.80064e+01     1.83749e+01     2.28716e+01     3.71819e+01
   1.21798     1.74146e+01     1.78751e+01     2.23791e+01     3.62602e+01
   1.22412     1.72344e+01     1.68005e+01     2.12896e+01     3.56545e+01
   1.23025     1.64424e+01     1.60410e+01     2.08100e+01     3.43036e+01
   1.23639     1.63589e+01     1.59577e+01     2.06748e+01     3.35962e+01
   1.24252     1.55535e+01     1.55604e+01     1.99249e+01     3.24372e+01
   1.24866     1.53246e+01     1.45073e+01     1.98825e+01     3.18220e+01
   1.25480     1.49152e+01     1.41427e+01     1.85509e+01     3.13071e+01
   1.26093     1.41649e+01     1.38214e+01     1.84034e+01     3.03918e+01
   1.26707     1.34834e+01     1.31599e+01     1.76820e+01     2.93998e+01
   1.27320     1.33987e+01     1.27711e+01     1.64909e+01     2.87446e+01
   1.27934     1.24838e+01     1.25576e+01     1.61840e+01     2.80763e+01
   1.28548     1.21859e+01     1.19827e+01     1.58347e+01     2.73841e+01
   1.29161     1.20872e+01     1.15462e+01     1.52149e+01     2.71729e+01
   1.29775     1.15454e+01     1.11184e+01     1.46411e+01     2.62008e+01
   1.30388     1.16152e+01     1.07854e+01     1.41356e+01     2.44951e+01
   1.31002     1.06010e+01     1.01128e+01     1.38487e+01     2.44126e+01
   1.31616     1.05954e+01     1.00575e+01     1.32087e+01     2.35039e+01
   1.32229     1.01032e+01     9.56754e+00     1.26611e+01     2.32886e+01
   1.32843     9.18935e+00     8.60517e+00     1.19326e+01     2.22935e+01
   1.33456     9.15291e+00     8.73620e+00     1.15788e+01     2.18057e+01
   1.34070     8.66377e+00     7.81514e+00     1.10498e+01     2.11892e+01
   1.34684     8.92174e+00     7.82294e+00     1.08351e+01     2.03221e+01
   1.35297     7.82953e+00     7.41220e+00     9.85379e+00     1.99180e+01
   1.35911     7.51143e+00     6.92266e+00     9.66573e+00     1.94566e+01
   1.36524     6.82462e+00     6.35175e+00     9.30839e+00     1.85450e+01
   1.37138     6.66138e+00     6.06144e+00     9.01462e+00     1.82955e+01
   1.37751     6.40677e+00     5.66368e+00     8.64053e+00     1.71085e+01
   1.38365     6.34463e+00     5.60767e+00     7.96967e+00     1.64264e+01
   1.38979     5.86689e+00     4.72839e+00     7.72530e+00     1.60237e+01
   1.39592     5.51683e+00     4.27294e+00     7.07147e+00     1.52611e+01
   1.40206     5.05503e+00     4.21085e+00     6.77931e+00     1.51309e+01
   1.40819     4.96271e+00     3.73050e+00     6.42288e+00     1.46435e+01
   1.41433     4.29002e+00     3.07642e+00     6.26860e+00     1.39778e+01
   1.42047     3.94877e+00     3.16373e+00     5.40931e+00     1.34116e+01
   1.42660     3.94373e+00     2.61648e+00     4.82736e+00     1.25797e+01
   1.43274     3.51248e+00     2.16213e+00     4.50148e+00     1.23789e+01
   1.43887     2.91040e+00     1.88102e+00     4.04047e+00     1.19587e+01
   1.44501     2.75500e+00     1.34290e+00     3.83347e+00     1.11987e+01
   1.45115     2.47769e+00     1.25121e+00     3.52511e+00     1.12665e+01
   1.45728     2.22193e+00     1.05396e+00     3.04594e+00     1.02012e+01
   1.46342     1.89871e+00     4.27206e-01     2.98015e+00     1.01431e+01
   1.46955     1.50368e+00     4.11937e-01     2.43598e+00     9.61622e+00
   1.47569     1.05169e+00     3.59411e-02     1.99473e+00     8.74518e+00
   1.48183     9.34864e-01     3.26155e-01     1.59409e+00     8.20591e+00
   1.48796     5.01405e-01     4.20586e-01     9.48382e-01     8.00196e+00
   1.49410     3.41692e-01     7.89597e-01     8.59081e-01     7.78863e+00
   1.50023     6.05780e-02     1.39773e+00     7.56580e-01     6.68470e+00
   1.50637     3.86533e-01     1.43982e+00     1.91421e-01     6.87579e+00
   1.51251     8.41768e-01     1.77269e+00     2.81560e-01     6.05810e+00
   1.51864     9.27400e-01     2.42046e+00     5.40985e-01     5.72339e+00
   1.52478     1.37133e+00     2.84785e+00     7.86911e-01     5.24065e+00
   1.53091     1.40162e+00     2.85894e+00     1.35280e+00     4.90215e+00
   1.53705     1.91419e+00     3.16923e+00     1.62239e+00     4.30829e+00
   1.54318     2.08125e+00     3.41551e+00     2.04920e+00     4.24152e+00
   1.54932     2.52142e+00     3.49101e+00     2.13605e+00     3.43260e+00
   1.55546     2.52737e+00     3.80221e+00     2.47172e+00     3.10559e+00
   1.56159     2.74033e+00     4.29654e+00     2.77468e+00     2.51104e+00
   1.56773     3.10895e+00     4.59136e+00     3.37201e+00     2.44049e+00
   1.57386     3.50649e+00     4.92058e+00     3.25358e+00     1.94432e+00
   1.58000     3.63210e+00     4.91547e+00     3.59180e+00     1.74824e+00
   1.58614     4.07401e+00     5.34566e+00     4.00274e+00     1.30503e+00
   1.59227     4.44930e+00     5.63858e+00     4.19062e+00     7.87640e-01
   1.59841     4.64248e+00     5.77695e+00     4.56354e+00     5.32706e-01
   1.60454     4.87588e+00     6.25997e+00     4.80784e+00     1.10717e-01
   1.61068     5.13567e+00     6.53374e+00     4.92850e+00     5.09267e-01
   1.61682     5.36619e+00     6.82499e+00     5.47046e+00     2.92801e-01
   1.62295     5.42389e+00     7.10559e+00     5.69923e+00     1.00010e+00
   1.62909     6.03899e+00     7.21570e+00     6.06557e+00     1.11051e+00
   1.63522     6.22812e+00     7.25819e+00     6.22951e+00     1.60018e+00
   1.64136     6.22246e+00     7.55779e+00     6.42869e+00     1.97564e+00
   1.64750     6.55684e+00     7.85884e+00     6.81620e+00     2.55783e+00
   1.65363     6.86953e+00     8.03175e+00     7.11193e+00     2.76545e+00
   1.65977     7.19020e+00     8.44542e+00     7.39913e+00     2.95635e+00
   1.66590     7.45151e+00     8.61365e+00     7.57512e+00     3.47199e+00
   1.67204     7.74390e+00     9.02900e+00     7.89847e+00     3.77192e+00
   1.67817     7.78766e+00     9.07161e+00     7.94305e+00     3.92699e+00
   1.68431     8.24053e+00     9.21285e+00     8.20995e+00     4.23936e+00
   1.69045     8.25735e+00     9.56907e+00     8.56619e+00     4.40296e+00
   1.69658     8.59616e+00     9.70499e+00     8.68538e+00     4.97428e+00
   1.70272     8.76779e+00     1.00627e+01     9.23078e+00     4.97053e+00
   1.70885     9.00974e+00     1.04053e+01     9.29351e+00     5.47359e+00
   1.71499     9.33463e+00     1.04655e+01     9.71652e+00     5.94296e+00
   1.72113     9.58870e+00     1.06595e+01     9.74162e+00     6.16721e+00
   1.72726     9.85932e+00     1.10038e+01     9.96196e+00     6.42877e+00
   1.73340     9.88995e+00     1.12215e+01     1.01652e+01     6.80024e+00
   1.73953     1.00847e+01     1.14243e+01     1.04545e+01     7.17526e+00
   1.74567     1.03586e+01     1.16788e+01     1.08162e+01     7.10423e+00
   1.75181     1.06307e+01     1.18297e+01     1.10182e+01     7.41172e+00
   1.75794     1.07758e+01     1.18933e+01     1.12428e+01     7.66776e+00
   1.76408     1.11334e+01     1.21456e+01     1.13269e+01     8.03824e+00
   1.77021     1.10981e+01     1.23498e+01     1.16274e+01     8.34985e+00
   1.77635     1.13982e+01     1.26046e+01     1.17433e+01     8.75063e+00
   1.78249     1.18595e+01     1.28449e+01     1.21499e+01     8.86732e+00
   1.78862     1.18590e+01     1.30668e+01     1.23431e+01     9.08624e+00
   1.79476     1.20352e+01     1.33280e+01     1.23362e+01     9.43350e+00
   1.80089     1.22353e+01     1.34714e+01     1.27877e+01     9.68173e+00
   1.80703     1.26020e+01     1.36071e+01     1.28855e+01     9.80469e+00
   1.81317     1.27418e+01     1.38520e+01     1.30420e+01     1.01786e+01
   1.81930     1.27259e+01     1.41792e+01     1.33108e+01     1.03385e+01
   1.82544     1.30664e+01     1.43924e+01     1.36238e+01     1.05731e+01
   1.83157     1.32295e+01     1.44986e+01     1.35378e+01     1.09123e+01
   1.83771     1.34768e+01     1.46630e+01     1.39698e+01     1.12091e+01
   1.84384     1.37943e+01     1.48974e+01     1.40947e+01     1.12868e+01
   1.84998     1.38933e+01     1.50300e+01     1.44228e+01     1.15578e+01
   1.85612     1.39365e+01     1.52882e+01     1.45768e+01     1.17684e+01
   1.86225     1.42710e+01     1.52665e+01     1.47254e+01     1.21982e+01
   1.86839     1.44576e+01     1.55894e+01     1.48946e+01     1.23346e+01
   1.87452     1.47793e+01     1.57826e+01     1.51090e+01     1.23585e+01
   1.88066     1.47828e+01     1.58683e+01     1.52125e+01     1.25850e+01
   1.88680     1.48689e+01     1.62252e+01     1.54103e+01     1.30014e+01
   1.89293     1.52228e+01     1.63751e+01     1.57358e+01     1.32633e+01
   1.89907     1.52816e+01     1.65569e+01     1.57250e+01     1.33970e+01
   1.90520     1.55539e+01     1.66417e+01     1.61641e+01     1.36236e+01
   1.91134     1.56831e+01     1.69153e+01     1.62714e+01     1.38917e+01
   1.91748     1.58604e+01     1.70902e+01     1.63868e+01     1.40787e+01
   1.92361     1.59879e+01     1.72266e+01     1.67547e+01     1.42813e+01
   1.92975     1.61742e+01     1.73444e+01     1.67636e+01     1.45586e+01
   1.93588     1.63812e+01     1.75485e+01     1.69660e+01     1.46812e+01
   1.94202     1.65434e+01     1.77583e+01     1.73252e+01     1.48315e+01
   1.94816     1.67361e+01     1.78918e+01     1.73537e+01     1.53255e+01
   1.95429     1.68875e+01     1.81402e+01     1.74423e+01     1.52796e+01
   1.96043     1.69943e+01     1.83695e+01     1.77740e+01     1.54119e+01
   1.96656     1.72496e+01     1.83139e+01     1.77562e+01     1.58159e+01
   1.97270     1.74056e+01     1.84991e+01     1.80456e+01     1.59726e+01
   1.97884     1.75457e+01     1.87378e+01     1.82243e+01     1.61118e+01
   1.98497     1.77789e+01     1.88534e+01     1.83687e+01     1.61518e+01
   1.99111     1.80291e+01     1.88664e+01     1.85320e+01     1.65175e+01
   1.99724     1.82457e+01     1.91234e+01     1.88317e+01     1.67621e+01
   2.00338     1.81411e+01     1.93170e+01     1.89356e+01     1.67358e+01
   2.00951     1.83509e+01     1.94588e+01     1.90600e+01     1.71505e+01
   2.01565     1.88038e+01     1.94188e+01     1.91856e+01     1.73569e+01
   2.02179     1.89330e+01     1.97624e+01     1.92871e+01     1.74933e+01
   2.02792     1.88302e+01     1.99448e+01     1.94929e+01     1.75088e+01
   2.03406     1.90109e+01     2.01099e+01     1.96528e+01     1.78754e+01
   2.04019     1.92939e+01     2.01435e+01     1.99561e+01     1.79816e+01
   2.04633     1.94158e+01     2.04695e+01     2.00791e+01     1.82332e+01
   2.05247     1.95631e+01     2.05570e+01     2.01688e+01     1.83371e+01
   2.05860     1.96634e+01     2.06812e+01     2.02139e+01     1.85568e+01
   2.06474     1.98902e+01     2.08280e+01     2.05053e+01     1.87287e+01
   2.07087     2.00522e+01     2.10013e+01     2.05662e+01     1.89508e+01
   2.07701     2.00268e+01     2.10798e+01     2.07198e+01     1.89710e+01
   2.08315     2.03153e+01     2.13098e+01     2.09752e+01     1.93316e+01
   2.08928     2.04858e+01     2.14253e+01     2.11105e+01     1.94003e+01
   2.09542     2.05529e+01     2.14606e+01     2.12779e+01     1.95779e+01
   2.10155     2.06725e+01     2.16521e+01     2.15023e+01     1.97172e+01
   2.10769     2.08401e+01     2.17724e+01     2.16384e+01     1.98101e+01
   2.11383     2.10574e+01     2.21397e+01     2.17291e+01     2.01553e+01
   2.11996     2.11647e+01     2.22311e+01     2.18368e+01     2.02039e+01
   2.12610     2.13205e+01     2.22725e+01     2.20681e+01     2.02289e+01
   2.13223     2.14069e+01     2.22338e+01     2.22303e+01     2.05355e+01
   2.13837     2.15393e+01     2.24534e+01     2.22158e+01     2.06374e+01
   2.14451     2.16860e+01     2.26978e+01     2.24199e+01     2.08450e+01
   2.15064     2.17499e+01     2.28580e+01     2.26567e+01     2.09254e+01
   2.15678     2.20077e+01     2.28985e+01     2.28282e+01     2.10367e+01
   2.16291     2.20626e+01     2.31056e+01     2.27869e+01     2.12584e+01
   2.16905     2.22572e+01     2.32012e+01     2.30092e+01     2.14423e+01
   2.17518     2.24036e+01     2.32555e+01     2.31810e+01     2.16048e+01
   2.18132     2.25284e+01     2.35069e+01     2.31897e+01     2.17524e+01
   2.18746     2.26827e+01     2.36062e+01     2.34168e+01     2.17922e+01
   2.19359     2.28461e+01     2.36781e+01     2.36018e+01     2.19996e+01
   2.19973     2.29937e+01     2.37673e+01     2.36156e+01     2.22207e+01
   2.20586     2.30867e+01     2.39889e+01     2.37236e+01     2.22915e+01
   2.21200     2.30770e+01     2.40635e+01     2.38526e+01     2.24779e+01
   2.21814     2.33723e+01     2.42273e+01     2.39872e+01     2.25552e+01
   2.22427     2.33718e+01     2.43558e+01     2.42119e+01     2.27900e+01
   2.23041     2.35295e+01     2.44897e+01     2.43317e+01     2.29953e+01
   2.23654     2.37792e+01     2.45907e+01     2.44902e+01     2.30918e+01
   2.24268     2.38532e+01     2.47094e+01     2.47026e+01     2.31302e+01
   2.24882     2.39474e+01     2.47600e+01     2.47610e+01     2.33649e+01
   2.25495     2.41216e+01     2.48778e+01     2.49005e+01     2.34883e+01
   2.26109     2.41803e+01     2.50664e+01     2.50093e+01     2.36577e+01
   2.26722     2.43839e+01     2.51983e+01     2.51404e+01     2.36808e+01
   2.27336     2.44518e+01     2.52962e+01     2.52019e+01     2.38555e+01
   2.27950     2.45424e+01     2.53600e+01     2.53071e+01     2.39818e+01
   2.28563     2.45661e+01     2.55397e+01     2.54488e+01     2.42053e+01
   2.29177     2.47243e+01     2.56296e+01     2.55627e+01     2.42969e+01
   2.29790     2.49170e+01     2.57953e+01     2.57181e+01     2.43372e+01
   2.30404     2.49831e+01     2.59150e+01     2.58301e+01     2.45648e+01
   2.31018     2.51470e+01     2.60212e+01     2.59528e+01     2.46452e+01
   2.31631     2.52319e+01     2.61037e+01     2.60939e+01     2.47619e+01
   2.32245     2.53848e+01     2.62537e+01     2.61244e+01     2.49392e+01
   2.32858     2.55030e+01     2.63404e+01     2.63568e+01     2.49926e+01
   2.33472     2.55707e+01     2.65092e+01     2.64064e+01     2.51698e+01
   2.34085     2.56829e+01     2.65371e+01     2.66323e+01     2.52998e+01
   2.34699     2.58401e+01     2.66974e+01     2.66830e+01     2.54551e+01
   2.35313     2.59786e+01     2.68260e+01     2.68130e+01     2.54941e+01
   2.35926     2.60278e+01     2.68195e+01     2.69253e+01     2.56256e+01
   2.36540     2.60757e+01     2.69394e+01     2.70859e+01     2.57475e+01
   2.37153     2.62939e+01     2.70826e+01     2.70840e+01     2.59082e+01
   2.37767     2.64603e+01     2.72565e+01     2.72986e+01     2.59800e+01
   2.38381     2.65457e+01     2.72688e+01     2.73131e+01     2.60949e+01
   2.38994     2.65933e+01     2.73750e+01     2.74841e+01     2.61314e+01
   2.39608     2.66838e+01     2.75735e+01     2.75978e+01     2.62830e+01
   2.40221     2.67984e+01     2.75815e+01     2.76787e+01     2.64445e+01
   2.40835     2.68251e+01     2.77045e+01     2.77596e+01     2.66437e+01
   2.41449     2.69645e+01     2.78305e+01     2.78433e+01     2.68053e+01
   2.42062     2.70753e+01     2.79636e+01     2.80556e+01     2.68128e+01
   2.42676     2.72389e+01     2.80418e+01     2.81796e+01     2.69710e+01
   2.43289     2.73339e+01     2.81609e+01     2.82592e+01     2.70158e+01
   2.43903     2.73557e+01     2.82312e+01     2.83557e+01     2.71176e+01
   2.44517     2.75433e+01     2.83673e+01     2.84792e+01     2.72631e+01
   2.45130     2.76509e+01     2.84443e+01     2.85604e+01     2.73665e+01
   2.45744     2.77007e+01     2.84581e+01     2.85936e+01     2.74823e+01
   2.46357     2.78212e+01     2.86553e+01     2.88003e+01     2.75882e+01
   2.46971     2.78532e+01     2.87975e+01     2.89226e+01     2.76566e+01
   2.47584     2.79363e+01     2.88395e+01     2.90836e+01     2.78213e+01
   2.48198     2.80496e+01     2.89776e+01     2.91149e+01     2.79153e+01
   2.48812     2.81493e+01     2.90568e+01     2.92158e+01     2.79645e+01
   2.49425     2.82973e+01     2.91910e+01     2.92852e+01     2.80971e+01
   2.50039     2.83667e+01     2.92617e+01     2.94413e+01     2.82178e+01
   2.50652     2.85397e+01     2.93614e+01     2.94910e+01     2.82769e+01
   2.51266     2.85633e+01     2.94242e+01     2.96786e+01     2.83503e+01
   2.51880     2.86775e+01     2.94955e+01     2.96653e+01     2.84953e+01
   2.52493     2.86880e+01     2.96265e+01     2.98110e+01     2.86652e+01
   2.53107     2.88671e+01     2.96791e+01     2.98736e+01     2.87043e+01
   2.53720     2.89339e+01     2.98257e+01     2.99948e+01     2.88428e+01
   2.54334     2.89526e+01     2.98498e+01     3.00870e+01     2.89235e+01
   2.54948     2.91159e+01     2.98471e+01     3.01734e+01     2.90826e+01
   2.55561     2.91752e+01     3.00454e+01     3.02977e+01     2.90303e+01
   2.56175     2.93493e+01     3.01160e+01     3.03474e+01     2.91979e+01
   2.56788     2.93159e+01     3.01936e+01     3.05011e+01     2.91777e+01
   2.57402     2.94658e+01     3.02901e+01     3.06403e+01     2.94135e+01
   2.58016     2.96321e+01     3.04419e+01     3.06863e+01     2.94147e+01
   2.58629     2.96069e+01     3.05034e+01     3.07627e+01     2.95779e+01
   2.59243     2.96690e+01     3.06006e+01     3.09029e+01     2.96920e+01
   2.59856     2.97605e+01     3.06534e+01     3.09819e+01     2.97523e+01
   2.60470     2.98762e+01     3.07612e+01     3.10699e+01     2.98172e+01
   2.61084     2.99302e+01     3.08189e+01     3.11154e+01     2.99362e+01
   2.61697     3.00605e+01     3.09231e+01     3.12854e+01     3.00845e+01
   2.62311     3.00688e+01     3.10087e+01     3.13564e+01     3.01208e+01
   2.62924     3.02245e+01     3.10582e+01     3.13704e+01     3.01296e+01
   2.63538     3.02356e+01     3.11348e+01     3.15688e+01     3.02136e+01
   2.64151     3.03620e+01     3.12508e+01     3.15877e+01     3.03499e+01
   2.64765     3.04464e+01     3.13439e+01     3.16854e+01     3.04466e+01
   2.65379     3.04575e+01     3.14001e+01     3.17404e+01     3.04978e+01
   2.65992     3.05894e+01     3.14656e+01     3.19348e+01     3.06023e+01
   2.66606     3.06157e+01     3.15187e+01     3.19876e+01     3.06570e+01
   2.67219     3.07389e+01     3.16296e+01     3.20302e+01     3.07534e+01
   2.67833     3.09081e+01     3.17385e+01     3.21727e+01     3.08311e+01
   2.68447     3.08864e+01     3.18072e+01     3.22284e+01     3.09280e+01
   2.69060     3.09579e+01     3.18696e+01     3.23085e+01     3.09993e+01
   2.69674     3.10479e+01     3.19999e+01     3.23705e+01     3.11393e+01
   2.70287     3.10615e+01     3.20867e+01     3.24649e+01     3.11811e+01
   2.70901     3.11810e+01     3.20824e+01     3.25214e+01     3.12614e+01
   2.71515     3.12559e+01     3.21934e+01     3.26546e+01     3.12669e+01
   2.72128     3.13200e+01     3.22925e+01     3.27384e+01     3.13983e+01
   2.72742     3.13916e+01     3.23455e+01     3.28366e+01     3.15169e+01
   2.73355     3.14970e+01     3.24363e+01     3.29350e+01     3.15408e+01
   2.73969     3.15352e+01     3.24669e+01     3.30185e+01     3.16402e+01
   2.74583     3.16186e+01     3.25254e+01     3.30427e+01     3.17465e+01
   2.75196     3.16685e+01     3.26336e+01     3.31611e+01     3.18530e+01
   2.75810     3.17142e+01     3.27279e+01     3.32259e+01     3.17983e+01
   2.76423     3.18640e+01     3.27754e+01     3.32976e+01     3.18951e+01
   2.77037     3.18703e+01     3.29053e+01     3.34353e+01     3.20088e+01
   2.77651     3.19281e+01     3.29560e+01     3.35039e+01     3.20947e+01
   2.78264     3.19758e+01     3.29933e+01     3.35704e+01     3.21301e+01
   2.78878     3.20785e+01     3.30826e+01     3.36202e+01     3.21855e+01
   2.79491     3.21234e+01     3.31649e+01     3.36853e+01     3.22959e+01
   2.80105     3.22662e+01     3.32077e+01     3.37580e+01     3.23284e+01
   2.80718     3.22567e+01     3.33181e+01     3.38880e+01     3.24051e+01
   2.81332     3.23199e+01     3.33262e+01     3.39859e+01     3.25049e+01
   2.81946     3.24230e+01     3.34020e+01     3.40340e+01     3.25863e+01
   2.82559     3.24550e+01     3.34798e+01     3.41572e+01     3.26597e+01
   2.83173     3.25151e+01     3.35430e+01     3.41716e+01     3.26679e+01
   2.83786     3.25741e+01     3.36407e+01     3.42878e+01     3.27405e+01
   2.84400     3.26838e+01     3.37172e+01     3.43407e+01     3.28399e+01
   2.85014     3.27093e+01     3.37546e+01     3.43966e+01     3.29078e+01
   2.85627     3.26965e+01     3.37677e+01     3.45083e+01     3.29879e+01
   2.86241     3.27609e+01     3.38924e+01     3.45836e+01     3.30218e+01
   2.86854     3.28407e+01     3.39473e+01     3.46419e+01     3.30980e+01
   2.87468     3.29446e+01     3.40111e+01     3.47196e+01     3.31795e+01
   2.88082     3.29540e+01     3.40965e+01     3.47898e+01     3.32355e+01
   2.88695     3.29991e+01     3.41267e+01     3.48446e+01     3.33296e+01
   2.89309     3.30600e+01     3.42021e+01     3.49333e+01     3.33249e+01
   2.89922     3.31195e+01     3.42602e+01     3.50062e+01     3.34479e+01
   2.90536     3.31934e+01     3.43588e+01     3.50828e+01     3.35080e+01
   2.91150     3.32218e+01     3.44105e+01     3.51314e+01     3.35356e+01
   2.91763     3.32999e+01     3.44285e+01     3.52123e+01     3.35824e+01
   2.92377     3.33443e+01     3.44989e+01     3.52655e+01     3.36612e+01
   2.92990     3.33718e+01     3.45807e+01     3.53479e+01     3.37110e+01
   2.93604     3.34576e+01     3.46270e+01     3.54272e+01     3.37428e+01
   2.94218     3.34915e+01     3.46700e+01     3.54813e+01     3.38281e+01
   2.94831     3.35687e+01     3.47706e+01     3.55258e+01     3.38627e+01
   2.95445     3.35949e+01     3.48430e+01     3.56239e+01     3.39771e+01
   2.96058     3.36308e+01     3.48454e+01     3.57146e+01     3.39641e+01
   2.96672     3.37208e+01     3.49190e+01     3.57389e+01     3.40460e+01
   2.97285     3.37344e+01     3.50145e+01     3.58271e+01     3.40913e+01
   2.97899     3.37568e+01     3.50290e+01     3.58882e+01     3.41333e+01
   2.98513     3.38575e+01     3.50956e+01     3.59819e+01     3.42621e+01
   2.99126     3.38217e+01     3.51607e+01     3.60320e+01     3.42686e+01
   2.99740     3.39326e+01     3.51842e+01     3.61619e+01     3.42989e+01
   3.00353     3.39935e+01     3.52749e+01     3.61966e+01     3.43526e+01
   3.00967     3.40036e+01     3.53232e+01     3.62384e+01     3.44151e+01
   3.01581     3.40712e+01     3.53651e+01     3.63063e+01     3.44690e+01
   3.02194     3.41094e+01     3.54252e+01     3.63662e+01     3.44944e+01
   3.02808     3.42019e+01     3.54809e+01     3.64270e+01     3.45897e+01
   3.03421     3.41935e+01     3.55819e+01     3.64643e+01     3.45949e+01
   3.04035     3.42675e+01     3.55883e+01     3.65193e+01     3.46420e+01
   3.04649     3.43117e+01     3.56052e+01     3.66309e+01     3.47065e+01
   3.05262     3.43165e+01     3.56883e+01     3.66578e+01     3.47605e+01
   3.05876     3.43651e+01     3.57289e+01     3.67304e+01     3.47808e+01
   3.06489     3.43958e+01     3.57809e+01     3.68166e+01     3.48613e+01
   3.07103     3.44551e+01     3.58448e+01     3.68367e+01     3.48741e+01
   3.07717     3.44728e+01     3.58826e+01     3.69083e+01     3.49509e+01
   3.08330     3.45568e+01     3.59761e+01     3.69450e+01     3.49856e+01
   3.08944     3.45929e+01     3.59874e+01     3.70302e+01     3.50308e+01
   3.09557     3.46072e+01     3.60322e+01     3.70962e+01     3.50855e+01
   3.10171     3.46623e+01     3.61050e+01     3.71700e+01     3.51159e+01
   3.10785     3.46958e+01     3.61428e+01     3.72128e+01     3.51729e+01
   3.11398     3.47407e+01     3.62080e+01     3.72854e+01     3.52229e+01
   3.12012     3.47839e+01     3.62666e+01     3.73420e+01     3.52401e+01
   3.12625     3.48098e+01     3.62903e+01     3.73698e+01     3.53100e+01
   3.13239     3.48489e+01     3.63421e+01     3.74515e+01     3.53550e+01
   3.13852     3.48332e+01     3.64019e+01     3.75297e+01     3.54053e+01
