# Redshift space power spectrum in mu bins.
# Subtracting SN=    1.07313e+01.
#     k\mu         0.12500         0.37500         0.62500         0.87500
   0.00920     8.82267e+03             nan     1.27555e+04     1.02972e+04
   0.01534     1.05173e+04     1.23677e+04     1.47842e+04     1.61203e+04
   0.02148     1.09514e+04     1.14844e+04     1.30929e+04     1.52113e+04
   0.02761     1.04671e+04     1.06341e+04     1.25196e+04     1.38131e+04
   0.03375     8.88029e+03     8.43276e+03     9.94557e+03     1.24405e+04
   0.03988     7.21421e+03     7.82036e+03     8.80655e+03     1.04352e+04
   0.04602     6.35875e+03     6.50336e+03     7.55064e+03     8.75563e+03
   0.05216     5.79716e+03     6.23613e+03     6.96089e+03     8.11053e+03
   0.05829     5.34624e+03     5.74380e+03     6.31787e+03     7.73135e+03
   0.06443     4.84645e+03     5.18575e+03     5.98757e+03     6.83509e+03
   0.07056     4.52887e+03     4.83188e+03     5.44818e+03     6.49143e+03
   0.07670     4.20137e+03     4.51707e+03     5.02255e+03     6.09407e+03
   0.08283     3.68396e+03     3.96710e+03     4.50413e+03     5.28895e+03
   0.08897     3.25869e+03     3.57138e+03     3.91057e+03     4.70491e+03
   0.09511     2.91512e+03     3.05438e+03     3.42872e+03     4.07972e+03
   0.10124     2.67621e+03     2.82694e+03     3.21498e+03     3.70940e+03
   0.10738     2.37524e+03     2.57149e+03     2.82135e+03     3.39541e+03
   0.11351     2.27744e+03     2.38113e+03     2.72660e+03     3.21863e+03
   0.11965     2.13676e+03     2.27681e+03     2.61234e+03     3.01995e+03
   0.12579     2.07131e+03     2.25688e+03     2.49346e+03     2.99711e+03
   0.13192     2.00395e+03     2.14834e+03     2.42309e+03     2.89902e+03
   0.13806     1.81859e+03     1.99609e+03     2.27695e+03     2.62132e+03
   0.14419     1.73891e+03     1.79342e+03     2.10403e+03     2.51421e+03
   0.15033     1.57242e+03     1.71959e+03     1.88970e+03     2.25729e+03
   0.15647     1.43142e+03     1.54540e+03     1.73771e+03     2.08109e+03
   0.16260     1.35816e+03     1.43006e+03     1.61638e+03     1.91236e+03
   0.16874     1.26164e+03     1.33679e+03     1.55329e+03     1.87489e+03
   0.17487     1.21700e+03     1.27039e+03     1.45620e+03     1.76824e+03
   0.18101     1.12104e+03     1.25235e+03     1.34311e+03     1.66542e+03
   0.18715     1.11480e+03     1.18757e+03     1.32446e+03     1.63645e+03
   0.19328     1.08003e+03     1.15583e+03     1.31197e+03     1.56705e+03
   0.19942     1.03018e+03     1.08356e+03     1.22869e+03     1.50463e+03
   0.20555     9.62515e+02     1.04351e+03     1.16065e+03     1.42574e+03
   0.21169     8.90533e+02     9.85739e+02     1.15410e+03     1.33084e+03
   0.21783     8.68855e+02     9.18925e+02     1.04115e+03     1.27518e+03
   0.22396     8.11747e+02     8.51652e+02     9.98495e+02     1.18421e+03
   0.23010     7.67256e+02     8.34625e+02     9.62803e+02     1.18967e+03
   0.23623     7.52353e+02     7.88070e+02     9.10724e+02     1.12140e+03
   0.24237     7.11718e+02     7.65927e+02     8.62217e+02     1.04210e+03
   0.24850     6.95319e+02     7.52482e+02     8.53052e+02     1.06066e+03
   0.25464     6.71026e+02     7.25285e+02     8.24829e+02     1.00979e+03
   0.26078     6.40902e+02     7.06641e+02     7.95605e+02     9.79273e+02
   0.26691     6.22388e+02     6.51976e+02     7.60796e+02     9.18306e+02
   0.27305     6.05220e+02     6.47242e+02     7.46020e+02     8.70964e+02
   0.27918     5.79710e+02     6.23012e+02     6.95027e+02     8.65902e+02
   0.28532     5.47689e+02     5.95237e+02     6.96139e+02     8.26566e+02
   0.29146     5.30387e+02     5.62483e+02     6.58283e+02     8.06762e+02
   0.29759     5.06809e+02     5.52750e+02     6.27320e+02     7.76191e+02
   0.30373     4.98251e+02     5.26577e+02     6.09391e+02     7.59651e+02
   0.30986     4.82406e+02     5.17379e+02     6.02454e+02     7.27817e+02
   0.31600     4.66376e+02     5.01623e+02     5.65740e+02     6.98691e+02
   0.32214     4.54992e+02     4.86133e+02     5.55099e+02     6.97362e+02
   0.32827     4.31736e+02     4.66495e+02     5.40103e+02     6.62994e+02
   0.33441     4.21118e+02     4.50933e+02     5.29453e+02     6.48087e+02
   0.34054     4.11182e+02     4.39043e+02     5.01701e+02     6.10637e+02
   0.34668     3.95403e+02     4.34783e+02     4.94884e+02     6.25251e+02
   0.35282     3.83358e+02     4.14607e+02     4.66420e+02     5.90343e+02
   0.35895     3.74855e+02     4.05657e+02     4.58975e+02     5.80049e+02
   0.36509     3.62963e+02     3.90241e+02     4.44998e+02     5.47030e+02
   0.37122     3.52969e+02     3.91351e+02     4.47990e+02     5.45560e+02
   0.37736     3.48253e+02     3.75965e+02     4.23512e+02     5.42589e+02
   0.38350     3.27467e+02     3.62035e+02     4.22366e+02     5.11395e+02
   0.38963     3.26508e+02     3.55752e+02     4.00292e+02     4.98290e+02
   0.39577     3.21281e+02     3.47529e+02     3.91780e+02     4.98719e+02
   0.40190     3.07433e+02     3.34347e+02     3.94515e+02     4.83388e+02
   0.40804     3.02455e+02     3.27726e+02     3.72108e+02     4.84628e+02
   0.41417     2.89139e+02     3.13683e+02     3.65048e+02     4.56093e+02
   0.42031     2.89529e+02     3.08216e+02     3.59495e+02     4.51995e+02
   0.42645     2.79354e+02     2.95839e+02     3.52423e+02     4.36242e+02
   0.43258     2.66244e+02     2.87778e+02     3.32474e+02     4.24199e+02
   0.43872     2.61910e+02     2.84971e+02     3.33500e+02     4.16553e+02
   0.44485     2.65178e+02     2.72431e+02     3.23960e+02     4.04884e+02
   0.45099     2.46270e+02     2.75593e+02     3.17940e+02     3.98739e+02
   0.45713     2.46664e+02     2.61676e+02     3.08623e+02     3.98564e+02
   0.46326     2.41960e+02     2.60186e+02     3.01272e+02     3.82662e+02
   0.46940     2.39107e+02     2.56946e+02     2.96100e+02     3.78930e+02
   0.47553     2.29453e+02     2.47664e+02     2.92036e+02     3.68713e+02
   0.48167     2.21835e+02     2.44138e+02     2.86717e+02     3.60178e+02
   0.48781     2.17671e+02     2.37648e+02     2.73351e+02     3.58278e+02
   0.49394     2.15285e+02     2.30072e+02     2.76683e+02     3.46764e+02
   0.50008     2.08464e+02     2.26671e+02     2.62262e+02     3.42644e+02
   0.50621     2.06512e+02     2.21602e+02     2.58092e+02     3.38351e+02
   0.51235     2.02227e+02     2.13704e+02     2.49265e+02     3.22723e+02
   0.51849     1.97288e+02     2.12773e+02     2.49231e+02     3.17111e+02
   0.52462     1.92656e+02     2.09149e+02     2.43711e+02     3.13607e+02
   0.53076     1.88772e+02     2.03327e+02     2.43246e+02     3.10286e+02
   0.53689     1.85252e+02     1.98826e+02     2.36025e+02     3.00591e+02
   0.54303     1.80712e+02     1.95563e+02     2.33603e+02     2.98177e+02
   0.54917     1.80055e+02     1.93037e+02     2.27111e+02     2.92838e+02
   0.55530     1.74153e+02     1.89572e+02     2.23939e+02     2.87274e+02
   0.56144     1.71630e+02     1.87412e+02     2.18119e+02     2.80973e+02
   0.56757     1.64426e+02     1.81374e+02     2.12316e+02     2.75636e+02
   0.57371     1.65362e+02     1.78587e+02     2.07954e+02     2.73041e+02
   0.57984     1.61081e+02     1.73316e+02     2.05398e+02     2.64712e+02
   0.58598     1.58103e+02     1.70664e+02     2.04703e+02     2.60812e+02
   0.59212     1.55662e+02     1.71176e+02     1.99531e+02     2.55473e+02
   0.59825     1.51680e+02     1.66616e+02     1.97280e+02     2.53112e+02
   0.60439     1.52454e+02     1.63159e+02     1.94929e+02     2.50719e+02
   0.61052     1.46084e+02     1.57713e+02     1.90876e+02     2.45421e+02
   0.61666     1.45503e+02     1.58040e+02     1.84840e+02     2.44764e+02
   0.62280     1.41035e+02     1.54754e+02     1.82796e+02     2.36861e+02
   0.62893     1.39292e+02     1.52968e+02     1.78252e+02     2.33272e+02
   0.63507     1.37489e+02     1.50027e+02     1.77577e+02     2.31428e+02
   0.64120     1.37071e+02     1.46741e+02     1.74023e+02     2.26537e+02
   0.64734     1.33448e+02     1.44554e+02     1.70466e+02     2.26269e+02
   0.65348     1.30598e+02     1.41308e+02     1.68472e+02     2.20366e+02
   0.65961     1.27264e+02     1.37632e+02     1.64114e+02     2.17500e+02
   0.66575     1.26071e+02     1.36021e+02     1.64574e+02     2.12821e+02
   0.67188     1.24046e+02     1.32718e+02     1.61442e+02     2.11430e+02
   0.67802     1.21207e+02     1.33316e+02     1.57648e+02     2.06936e+02
   0.68416     1.19027e+02     1.30484e+02     1.56006e+02     2.04311e+02
   0.69029     1.18393e+02     1.29359e+02     1.54979e+02     1.99050e+02
   0.69643     1.14576e+02     1.25896e+02     1.49689e+02     1.96935e+02
   0.70256     1.12738e+02     1.24622e+02     1.48564e+02     1.94856e+02
   0.70870     1.13989e+02     1.21787e+02     1.44927e+02     1.91326e+02
   0.71484     1.09383e+02     1.19621e+02     1.44269e+02     1.88445e+02
   0.72097     1.08436e+02     1.18738e+02     1.42001e+02     1.87665e+02
   0.72711     1.06675e+02     1.16408e+02     1.40688e+02     1.88091e+02
   0.73324     1.04785e+02     1.15354e+02     1.36635e+02     1.80264e+02
   0.73938     1.03958e+02     1.13919e+02     1.35707e+02     1.77062e+02
   0.74551     1.02299e+02     1.11754e+02     1.34226e+02     1.76495e+02
   0.75165     1.01262e+02     1.10717e+02     1.32104e+02     1.74129e+02
   0.75779     9.82170e+01     1.07912e+02     1.30693e+02     1.70367e+02
   0.76392     9.79095e+01     1.06122e+02     1.27087e+02     1.68841e+02
   0.77006     9.51794e+01     1.04916e+02     1.26575e+02     1.66654e+02
   0.77619     9.48747e+01     1.02883e+02     1.23920e+02     1.64342e+02
   0.78233     9.38715e+01     1.01831e+02     1.22167e+02     1.65588e+02
   0.78847     9.19469e+01     1.01912e+02     1.19799e+02     1.60712e+02
   0.79460     9.06528e+01     9.93570e+01     1.19036e+02     1.58549e+02
   0.80074     8.86918e+01     9.65579e+01     1.18026e+02     1.57839e+02
   0.80687     8.85007e+01     9.61610e+01     1.14786e+02     1.54263e+02
   0.81301     8.72795e+01     9.54549e+01     1.13665e+02     1.52379e+02
   0.81915     8.62497e+01     9.43439e+01     1.12838e+02     1.48956e+02
   0.82528     8.45860e+01     9.19806e+01     1.10244e+02     1.50190e+02
   0.83142     8.24009e+01     9.08199e+01     1.09338e+02     1.46034e+02
   0.83755     8.12782e+01     8.96947e+01     1.07317e+02     1.45274e+02
   0.84369     8.00379e+01     8.81546e+01     1.06240e+02     1.42232e+02
   0.84983     7.97684e+01     8.75447e+01     1.04905e+02     1.40574e+02
   0.85596     7.87307e+01     8.52502e+01     1.03112e+02     1.40585e+02
   0.86210     7.87472e+01     8.51964e+01     1.02500e+02     1.36640e+02
   0.86823     7.59123e+01     8.37915e+01     1.01703e+02     1.37032e+02
   0.87437     7.60757e+01     8.16874e+01     1.00707e+02     1.33501e+02
   0.88050     7.54538e+01     8.20763e+01     9.78663e+01     1.31319e+02
   0.88664     7.32803e+01     8.05670e+01     9.65449e+01     1.30993e+02
   0.89278     7.23811e+01     7.86610e+01     9.61889e+01     1.29470e+02
   0.89891     7.19600e+01     7.70410e+01     9.46854e+01     1.27073e+02
   0.90505     7.03427e+01     7.69614e+01     9.32561e+01     1.25048e+02
   0.91118     6.88327e+01     7.70724e+01     9.16523e+01     1.25960e+02
   0.91732     6.82554e+01     7.49043e+01     9.04339e+01     1.24011e+02
   0.92346     6.77224e+01     7.42532e+01     8.81505e+01     1.20345e+02
   0.92959     6.61620e+01     7.28675e+01     8.87684e+01     1.20698e+02
   0.93573     6.61932e+01     7.19674e+01     8.67380e+01     1.19284e+02
   0.94186     6.46157e+01     7.12819e+01     8.64160e+01     1.18019e+02
   0.94800     6.40713e+01     6.99636e+01     8.40099e+01     1.16975e+02
   0.95414     6.36992e+01     6.91377e+01     8.40104e+01     1.14797e+02
   0.96027     6.26673e+01     6.89709e+01     8.23600e+01     1.13069e+02
   0.96641     6.22744e+01     6.77171e+01     8.19049e+01     1.12628e+02
   0.97254     6.07254e+01     6.76971e+01     8.07939e+01     1.10976e+02
   0.97868     5.99541e+01     6.57873e+01     7.99730e+01     1.09582e+02
   0.98482     5.94538e+01     6.50038e+01     7.84797e+01     1.08372e+02
   0.99095     5.95387e+01     6.41951e+01     7.74811e+01     1.06994e+02
   0.99709     5.79282e+01     6.35235e+01     7.71741e+01     1.05298e+02
   1.00322     5.68913e+01     6.27753e+01     7.66048e+01     1.03792e+02
   1.00936     5.65872e+01     6.20306e+01     7.56992e+01     1.03689e+02
   1.01550     5.53993e+01     6.10095e+01     7.42496e+01     1.01323e+02
   1.02163     5.46186e+01     6.07394e+01     7.20938e+01     1.00562e+02
   1.02777     5.43768e+01     5.94472e+01     7.23428e+01     9.96806e+01
   1.03390     5.35067e+01     5.90440e+01     7.23273e+01     9.85155e+01
   1.04004     5.28924e+01     5.81190e+01     7.14624e+01     9.90335e+01
   1.04617     5.22513e+01     5.80502e+01     6.99418e+01     9.66234e+01
   1.05231     5.14738e+01     5.66477e+01     6.93662e+01     9.57228e+01
   1.05845     5.08248e+01     5.57740e+01     6.84821e+01     9.45870e+01
   1.06458     5.05419e+01     5.52429e+01     6.69105e+01     9.31853e+01
   1.07072     4.94047e+01     5.44465e+01     6.63164e+01     9.18338e+01
   1.07685     4.90750e+01     5.41311e+01     6.51725e+01     9.10493e+01
   1.08299     4.86612e+01     5.31242e+01     6.48069e+01     9.00686e+01
   1.08913     4.79836e+01     5.27278e+01     6.37712e+01     8.97801e+01
   1.09526     4.73236e+01     5.20780e+01     6.38241e+01     8.82438e+01
   1.10140     4.68783e+01     5.14187e+01     6.26895e+01     8.70473e+01
   1.10753     4.64030e+01     5.06112e+01     6.18291e+01     8.67074e+01
   1.11367     4.56636e+01     5.02931e+01     6.17748e+01     8.47906e+01
   1.11981     4.54281e+01     4.97274e+01     6.07035e+01     8.44848e+01
   1.12594     4.41786e+01     4.85647e+01     6.01885e+01     8.32282e+01
   1.13208     4.41417e+01     4.81672e+01     5.89315e+01     8.30414e+01
   1.13821     4.30402e+01     4.77685e+01     5.83320e+01     8.16116e+01
   1.14435     4.28721e+01     4.71010e+01     5.78956e+01     8.02077e+01
   1.15049     4.21162e+01     4.64223e+01     5.66995e+01     7.99151e+01
   1.15662     4.19671e+01     4.64273e+01     5.64335e+01     7.88881e+01
   1.16276     4.15059e+01     4.50356e+01     5.58739e+01     7.83800e+01
   1.16889     4.08872e+01     4.53154e+01     5.55958e+01     7.71925e+01
   1.17503     4.02437e+01     4.44543e+01     5.47461e+01     7.69935e+01
   1.18117     3.97771e+01     4.40693e+01     5.39196e+01     7.54587e+01
   1.18730     3.88784e+01     4.33231e+01     5.30070e+01     7.48475e+01
   1.19344     3.87993e+01     4.30853e+01     5.29092e+01     7.42803e+01
   1.19957     3.84901e+01     4.23476e+01     5.20964e+01     7.29777e+01
   1.20571     3.81277e+01     4.18510e+01     5.18468e+01     7.27911e+01
   1.21184     3.73775e+01     4.11326e+01     5.04233e+01     7.11507e+01
   1.21798     3.70581e+01     4.07389e+01     5.07586e+01     7.06827e+01
   1.22412     3.65837e+01     4.02598e+01     4.97362e+01     7.07385e+01
   1.23025     3.63320e+01     3.99589e+01     4.88914e+01     6.93539e+01
   1.23639     3.55337e+01     3.94906e+01     4.81397e+01     6.87353e+01
   1.24252     3.52881e+01     3.89771e+01     4.81127e+01     6.88304e+01
   1.24866     3.46810e+01     3.84116e+01     4.74990e+01     6.78536e+01
   1.25480     3.45190e+01     3.81858e+01     4.66293e+01     6.72425e+01
   1.26093     3.39090e+01     3.73905e+01     4.63547e+01     6.58644e+01
   1.26707     3.34143e+01     3.71945e+01     4.56126e+01     6.45969e+01
   1.27320     3.33057e+01     3.68529e+01     4.54143e+01     6.45582e+01
   1.27934     3.26026e+01     3.61283e+01     4.47461e+01     6.41403e+01
   1.28548     3.24518e+01     3.60055e+01     4.42534e+01     6.35540e+01
   1.29161     3.21544e+01     3.54606e+01     4.39030e+01     6.23653e+01
   1.29775     3.15258e+01     3.48780e+01     4.34265e+01     6.17951e+01
   1.30388     3.17231e+01     3.45413e+01     4.29785e+01     6.11173e+01
   1.31002     3.08988e+01     3.40201e+01     4.27465e+01     6.03924e+01
   1.31616     3.04196e+01     3.37135e+01     4.17576e+01     5.93164e+01
   1.32229     3.02504e+01     3.33711e+01     4.14350e+01     5.89310e+01
   1.32843     2.97998e+01     3.32458e+01     4.07512e+01     5.84276e+01
   1.33456     2.93898e+01     3.27722e+01     4.04489e+01     5.75120e+01
   1.34070     2.91817e+01     3.20789e+01     4.05504e+01     5.71959e+01
   1.34684     2.89053e+01     3.18894e+01     3.96188e+01     5.63703e+01
   1.35297     2.86456e+01     3.14622e+01     3.93152e+01     5.55663e+01
   1.35911     2.78302e+01     3.12302e+01     3.88028e+01     5.56781e+01
   1.36524     2.74772e+01     3.07686e+01     3.84108e+01     5.49915e+01
   1.37138     2.74722e+01     3.07335e+01     3.78587e+01     5.41083e+01
   1.37751     2.69072e+01     3.00831e+01     3.73696e+01     5.39252e+01
   1.38365     2.67475e+01     2.98067e+01     3.67076e+01     5.29645e+01
   1.38979     2.65284e+01     2.95446e+01     3.67391e+01     5.26966e+01
   1.39592     2.60338e+01     2.90728e+01     3.57521e+01     5.22446e+01
   1.40206     2.56552e+01     2.87102e+01     3.58852e+01     5.16225e+01
   1.40819     2.53529e+01     2.80958e+01     3.52279e+01     5.11938e+01
   1.41433     2.52667e+01     2.81036e+01     3.50028e+01     5.00593e+01
   1.42047     2.49699e+01     2.72847e+01     3.44526e+01     4.95398e+01
   1.42660     2.44342e+01     2.75842e+01     3.41150e+01     4.90038e+01
   1.43274     2.42123e+01     2.69424e+01     3.36362e+01     4.88537e+01
   1.43887     2.41766e+01     2.67106e+01     3.31533e+01     4.82429e+01
   1.44501     2.37469e+01     2.62878e+01     3.28076e+01     4.78214e+01
   1.45115     2.33011e+01     2.59976e+01     3.25877e+01     4.76077e+01
   1.45728     2.31369e+01     2.55805e+01     3.21543e+01     4.67196e+01
   1.46342     2.28753e+01     2.52060e+01     3.22520e+01     4.63159e+01
   1.46955     2.25797e+01     2.49748e+01     3.16316e+01     4.56094e+01
   1.47569     2.25076e+01     2.47402e+01     3.11482e+01     4.57429e+01
   1.48183     2.19902e+01     2.45053e+01     3.06347e+01     4.46648e+01
   1.48796     2.19401e+01     2.43103e+01     3.01844e+01     4.42189e+01
   1.49410     2.14016e+01     2.37108e+01     2.97420e+01     4.37234e+01
   1.50023     2.14810e+01     2.35240e+01     2.98759e+01     4.32510e+01
   1.50637     2.09082e+01     2.32063e+01     2.93408e+01     4.30995e+01
   1.51251     2.06490e+01     2.29978e+01     2.91502e+01     4.23453e+01
   1.51864     2.04102e+01     2.26650e+01     2.86538e+01     4.20191e+01
   1.52478     2.01345e+01     2.24618e+01     2.82983e+01     4.17036e+01
   1.53091     1.99701e+01     2.22450e+01     2.79721e+01     4.12747e+01
   1.53705     1.96741e+01     2.18862e+01     2.76904e+01     4.07036e+01
   1.54318     1.97008e+01     2.16964e+01     2.72717e+01     4.01062e+01
   1.54932     1.92091e+01     2.14141e+01     2.70758e+01     3.99617e+01
   1.55546     1.90208e+01     2.10100e+01     2.64596e+01     3.91805e+01
   1.56159     1.87472e+01     2.07172e+01     2.63399e+01     3.89235e+01
   1.56773     1.84571e+01     2.04104e+01     2.57699e+01     3.87578e+01
   1.57386     1.81277e+01     2.03775e+01     2.56734e+01     3.80222e+01
   1.58000     1.79771e+01     2.03061e+01     2.56904e+01     3.78011e+01
   1.58614     1.77699e+01     1.98261e+01     2.50058e+01     3.71138e+01
   1.59227     1.75138e+01     1.94546e+01     2.48306e+01     3.67645e+01
   1.59841     1.72263e+01     1.92387e+01     2.43959e+01     3.66120e+01
   1.60454     1.69101e+01     1.89848e+01     2.41796e+01     3.61869e+01
   1.61068     1.67872e+01     1.88306e+01     2.40701e+01     3.56591e+01
   1.61682     1.65728e+01     1.83541e+01     2.36449e+01     3.53149e+01
   1.62295     1.62993e+01     1.82795e+01     2.33691e+01     3.45315e+01
   1.62909     1.63231e+01     1.80863e+01     2.30432e+01     3.45714e+01
   1.63522     1.60376e+01     1.78184e+01     2.27951e+01     3.39557e+01
   1.64136     1.57005e+01     1.75013e+01     2.23522e+01     3.37719e+01
   1.64750     1.55272e+01     1.73541e+01     2.22607e+01     3.32918e+01
   1.65363     1.53172e+01     1.72380e+01     2.18887e+01     3.27224e+01
   1.65977     1.52514e+01     1.68186e+01     2.16266e+01     3.26034e+01
   1.66590     1.47834e+01     1.66813e+01     2.13115e+01     3.21188e+01
   1.67204     1.47675e+01     1.64841e+01     2.10787e+01     3.20396e+01
   1.67817     1.46235e+01     1.62921e+01     2.08803e+01     3.15379e+01
   1.68431     1.42906e+01     1.60987e+01     2.04453e+01     3.11475e+01
   1.69045     1.41470e+01     1.58757e+01     2.01718e+01     3.06392e+01
   1.69658     1.39380e+01     1.55523e+01     2.01982e+01     3.04275e+01
   1.70272     1.36222e+01     1.54590e+01     1.98076e+01     2.98134e+01
   1.70885     1.36552e+01     1.52185e+01     1.95488e+01     2.97601e+01
   1.71499     1.34371e+01     1.49449e+01     1.94025e+01     2.94557e+01
   1.72113     1.31569e+01     1.47289e+01     1.90795e+01     2.91914e+01
   1.72726     1.29488e+01     1.45162e+01     1.87452e+01     2.86177e+01
   1.73340     1.29079e+01     1.44172e+01     1.86250e+01     2.82928e+01
   1.73953     1.26235e+01     1.40318e+01     1.83158e+01     2.79917e+01
   1.74567     1.24082e+01     1.40129e+01     1.79734e+01     2.76942e+01
   1.75181     1.22366e+01     1.37544e+01     1.79201e+01     2.72218e+01
   1.75794     1.20453e+01     1.35426e+01     1.75660e+01     2.70922e+01
   1.76408     1.18293e+01     1.33199e+01     1.74965e+01     2.68175e+01
   1.77021     1.16593e+01     1.31498e+01     1.70302e+01     2.64582e+01
   1.77635     1.15857e+01     1.29389e+01     1.69486e+01     2.61514e+01
   1.78249     1.13988e+01     1.28625e+01     1.67762e+01     2.59679e+01
   1.78862     1.11878e+01     1.26249e+01     1.64553e+01     2.57097e+01
   1.79476     1.10874e+01     1.23930e+01     1.62427e+01     2.53260e+01
   1.80089     1.08763e+01     1.23083e+01     1.61289e+01     2.49995e+01
   1.80703     1.06784e+01     1.20638e+01     1.58239e+01     2.45499e+01
   1.81317     1.04816e+01     1.17877e+01     1.56057e+01     2.41510e+01
   1.81930     1.05162e+01     1.17340e+01     1.53683e+01     2.40815e+01
   1.82544     1.01213e+01     1.14998e+01     1.52241e+01     2.36742e+01
   1.83157     9.94173e+00     1.14529e+01     1.48707e+01     2.33228e+01
   1.83771     9.86433e+00     1.11158e+01     1.47024e+01     2.31878e+01
   1.84384     9.69000e+00     1.09876e+01     1.44089e+01     2.28907e+01
   1.84998     9.54188e+00     1.09264e+01     1.43339e+01     2.25661e+01
   1.85612     9.37202e+00     1.06243e+01     1.41989e+01     2.23480e+01
   1.86225     9.32109e+00     1.05503e+01     1.38475e+01     2.19804e+01
   1.86839     9.09152e+00     1.04351e+01     1.36719e+01     2.17194e+01
   1.87452     8.95289e+00     1.02418e+01     1.34675e+01     2.14974e+01
   1.88066     8.72429e+00     1.00243e+01     1.32847e+01     2.12205e+01
   1.88680     8.62224e+00     9.82694e+00     1.31351e+01     2.09644e+01
   1.89293     8.48111e+00     9.66499e+00     1.28644e+01     2.05923e+01
   1.89907     8.28741e+00     9.61514e+00     1.28570e+01     2.03872e+01
   1.90520     8.23106e+00     9.37343e+00     1.24657e+01     2.00404e+01
   1.91134     8.03294e+00     9.20020e+00     1.22815e+01     1.98355e+01
   1.91748     7.94542e+00     9.02325e+00     1.21981e+01     1.96043e+01
   1.92361     7.79147e+00     8.95918e+00     1.20081e+01     1.93797e+01
   1.92975     7.63953e+00     8.70687e+00     1.18818e+01     1.93076e+01
   1.93588     7.47788e+00     8.58590e+00     1.16143e+01     1.88473e+01
   1.94202     7.36403e+00     8.47948e+00     1.15090e+01     1.86831e+01
   1.94816     7.27820e+00     8.34349e+00     1.12456e+01     1.84372e+01
   1.95429     7.09580e+00     8.12868e+00     1.11043e+01     1.82580e+01
   1.96043     6.88179e+00     8.00420e+00     1.08115e+01     1.78748e+01
   1.96656     6.83989e+00     7.83955e+00     1.07382e+01     1.77423e+01
   1.97270     6.67030e+00     7.68364e+00     1.05611e+01     1.74687e+01
   1.97884     6.62390e+00     7.53940e+00     1.03056e+01     1.72655e+01
   1.98497     6.40363e+00     7.42948e+00     1.01752e+01     1.69168e+01
   1.99111     6.37034e+00     7.27526e+00     9.97859e+00     1.67560e+01
   1.99724     6.19216e+00     7.10197e+00     9.82607e+00     1.65236e+01
   2.00338     6.08604e+00     7.06618e+00     9.80950e+00     1.63494e+01
   2.00951     5.87163e+00     6.90589e+00     9.57893e+00     1.60709e+01
   2.01565     5.82214e+00     6.67738e+00     9.36577e+00     1.58814e+01
   2.02179     5.64821e+00     6.60971e+00     9.18747e+00     1.57035e+01
   2.02792     5.48673e+00     6.48572e+00     9.02839e+00     1.52514e+01
   2.03406     5.37858e+00     6.35964e+00     8.83198e+00     1.51761e+01
   2.04019     5.21879e+00     6.13163e+00     8.75090e+00     1.49302e+01
   2.04633     5.15347e+00     6.06357e+00     8.55686e+00     1.47524e+01
   2.05247     5.06917e+00     5.88813e+00     8.52363e+00     1.45764e+01
   2.05860     4.97713e+00     5.79517e+00     8.25098e+00     1.44050e+01
   2.06474     4.86581e+00     5.68382e+00     8.10877e+00     1.42029e+01
   2.07087     4.73325e+00     5.59067e+00     7.91776e+00     1.39921e+01
   2.07701     4.64941e+00     5.38417e+00     7.80991e+00     1.37822e+01
   2.08315     4.45144e+00     5.31521e+00     7.67349e+00     1.35225e+01
   2.08928     4.37176e+00     5.11634e+00     7.54133e+00     1.32498e+01
   2.09542     4.28391e+00     5.08449e+00     7.30165e+00     1.30003e+01
   2.10155     4.08849e+00     4.95120e+00     7.20379e+00     1.29261e+01
   2.10769     4.09050e+00     4.82684e+00     7.06150e+00     1.28455e+01
   2.11383     3.95866e+00     4.70992e+00     7.01461e+00     1.25502e+01
   2.11996     3.76783e+00     4.50239e+00     6.74212e+00     1.23141e+01
   2.12610     3.70662e+00     4.44143e+00     6.63346e+00     1.21759e+01
   2.13223     3.63500e+00     4.34885e+00     6.53808e+00     1.20084e+01
   2.13837     3.47828e+00     4.23964e+00     6.33311e+00     1.18394e+01
   2.14451     3.37994e+00     4.07986e+00     6.25787e+00     1.15258e+01
   2.15064     3.27554e+00     3.97113e+00     6.08086e+00     1.13584e+01
   2.15678     3.18701e+00     3.85885e+00     5.97080e+00     1.11872e+01
   2.16291     3.08479e+00     3.81760e+00     5.83337e+00     1.10767e+01
   2.16905     2.98485e+00     3.64307e+00     5.65065e+00     1.08058e+01
   2.17518     2.95036e+00     3.55911e+00     5.50107e+00     1.07326e+01
   2.18132     2.74491e+00     3.42502e+00     5.43683e+00     1.05388e+01
   2.18746     2.68462e+00     3.33809e+00     5.28924e+00     1.03035e+01
   2.19359     2.60433e+00     3.20540e+00     5.19308e+00     1.00853e+01
   2.19973     2.47086e+00     3.08834e+00     5.00430e+00     9.94443e+00
   2.20586     2.39507e+00     3.01140e+00     4.86928e+00     9.86153e+00
   2.21200     2.31955e+00     2.93146e+00     4.79215e+00     9.70675e+00
   2.21814     2.22131e+00     2.79092e+00     4.68562e+00     9.49573e+00
   2.22427     2.11370e+00     2.72695e+00     4.49876e+00     9.30526e+00
   2.23041     2.03659e+00     2.60298e+00     4.38720e+00     9.12516e+00
   2.23654     1.97611e+00     2.48269e+00     4.32827e+00     8.98660e+00
   2.24268     1.83161e+00     2.34129e+00     4.17114e+00     8.83591e+00
   2.24882     1.76178e+00     2.34306e+00     4.08631e+00     8.61435e+00
   2.25495     1.65751e+00     2.20272e+00     3.92038e+00     8.51715e+00
   2.26109     1.54451e+00     2.08819e+00     3.82851e+00     8.31390e+00
   2.26722     1.48194e+00     2.02748e+00     3.68923e+00     8.21225e+00
   2.27336     1.36892e+00     1.93409e+00     3.56085e+00     8.00001e+00
   2.27950     1.25505e+00     1.83797e+00     3.45121e+00     7.89585e+00
   2.28563     1.25173e+00     1.73497e+00     3.34758e+00     7.67628e+00
   2.29177     1.15247e+00     1.60180e+00     3.20058e+00     7.60554e+00
   2.29790     1.02444e+00     1.57660e+00     3.08045e+00     7.39550e+00
   2.30404     9.07562e-01     1.39592e+00     2.97859e+00     7.37395e+00
   2.31018     8.79259e-01     1.32108e+00     2.87438e+00     7.05104e+00
   2.31631     7.87345e-01     1.25638e+00     2.79482e+00     6.94739e+00
   2.32245     7.17340e-01     1.16764e+00     2.62973e+00     6.82003e+00
   2.32858     6.20698e-01     1.10751e+00     2.58033e+00     6.69250e+00
   2.33472     5.16420e-01     9.75677e-01     2.42042e+00     6.50717e+00
   2.34085     4.41355e-01     8.65868e-01     2.30092e+00     6.37988e+00
   2.34699     3.83682e-01     7.83026e-01     2.25738e+00     6.22324e+00
   2.35313     3.37235e-01     7.29232e-01     2.13695e+00     6.10043e+00
   2.35926     2.11085e-01     6.08811e-01     1.99677e+00     5.95532e+00
   2.36540     1.64109e-01     5.52815e-01     1.89801e+00     5.80343e+00
   2.37153     1.36194e-01     4.35174e-01     1.84187e+00     5.70191e+00
   2.37767     2.22878e-02     3.86571e-01     1.69180e+00     5.61134e+00
   2.38381     5.22043e-02     3.02161e-01     1.63990e+00     5.45110e+00
   2.38994     1.41132e-01     1.72257e-01     1.49072e+00     5.28077e+00
   2.39608     2.11670e-01     7.32508e-02     1.46510e+00     5.23608e+00
   2.40221     3.12134e-01     3.69569e-02     1.31484e+00     5.05669e+00
   2.40835     3.83365e-01     2.90981e-02     1.22426e+00     4.98234e+00
   2.41449     5.04604e-01     1.59536e-01     1.10597e+00     4.81730e+00
   2.42062     5.30164e-01     1.73417e-01     1.08739e+00     4.67658e+00
   2.42676     6.06323e-01     3.25296e-01     9.35453e-01     4.62414e+00
   2.43289     6.36553e-01     3.67827e-01     8.47325e-01     4.48148e+00
   2.43903     7.30397e-01     4.28214e-01     7.45554e-01     4.35999e+00
   2.44517     7.79054e-01     5.22058e-01     6.38753e-01     4.20825e+00
   2.45130     8.53990e-01     6.04314e-01     5.09523e-01     4.04816e+00
   2.45744     9.43440e-01     6.44568e-01     4.61394e-01     3.97268e+00
   2.46357     1.00747e+00     7.28370e-01     3.14902e-01     3.88726e+00
   2.46971     1.08650e+00     8.09910e-01     3.03495e-01     3.71854e+00
   2.47584     1.17590e+00     9.17869e-01     1.82730e-01     3.61410e+00
   2.48198     1.21066e+00     9.62348e-01     1.16335e-01     3.51250e+00
   2.48812     1.27509e+00     1.06838e+00     2.47069e-02     3.37611e+00
   2.49425     1.32152e+00     1.11636e+00     6.76280e-03     3.27581e+00
   2.50039     1.38439e+00     1.22603e+00     1.53855e-01     3.16053e+00
   2.50652     1.45408e+00     1.24076e+00     2.36056e-01     3.06299e+00
   2.51266     1.54291e+00     1.33201e+00     3.18791e-01     2.92169e+00
   2.51880     1.56677e+00     1.37446e+00     4.06557e-01     2.82770e+00
   2.52493     1.63470e+00     1.42874e+00     4.95271e-01     2.71348e+00
   2.53107     1.73351e+00     1.53428e+00     5.66424e-01     2.57390e+00
   2.53720     1.78853e+00     1.58463e+00     6.71224e-01     2.55933e+00
   2.54334     1.85021e+00     1.65115e+00     6.96837e-01     2.37241e+00
   2.54948     1.89502e+00     1.74048e+00     7.72005e-01     2.32326e+00
   2.55561     1.93684e+00     1.76584e+00     8.73309e-01     2.23634e+00
   2.56175     2.05110e+00     1.85804e+00     9.55826e-01     2.14983e+00
   2.56788     2.09441e+00     1.93272e+00     1.01400e+00     1.98988e+00
   2.57402     2.12519e+00     2.01342e+00     1.13228e+00     1.92437e+00
   2.58016     2.21132e+00     2.05758e+00     1.18656e+00     1.82401e+00
   2.58629     2.22538e+00     2.11482e+00     1.27594e+00     1.71319e+00
   2.59243     2.29707e+00     2.20988e+00     1.36966e+00     1.61385e+00
   2.59856     2.34713e+00     2.24022e+00     1.43437e+00     1.52785e+00
   2.60470     2.41366e+00     2.30389e+00     1.50690e+00     1.39344e+00
   2.61084     2.46711e+00     2.35242e+00     1.56382e+00     1.37204e+00
   2.61697     2.50978e+00     2.42374e+00     1.68824e+00     1.20320e+00
   2.62311     2.56589e+00     2.48660e+00     1.73723e+00     1.12567e+00
   2.62924     2.59456e+00     2.54111e+00     1.79637e+00     1.04881e+00
   2.63538     2.66353e+00     2.59975e+00     1.85500e+00     9.35041e-01
   2.64151     2.75756e+00     2.66024e+00     1.95070e+00     8.89128e-01
   2.64765     2.75506e+00     2.71909e+00     2.03787e+00     7.83515e-01
   2.65379     2.83030e+00     2.77724e+00     2.08342e+00     7.36287e-01
   2.65992     2.88300e+00     2.84315e+00     2.16965e+00     5.91627e-01
   2.66606     2.92585e+00     2.85847e+00     2.22513e+00     5.61771e-01
   2.67219     2.99813e+00     2.93954e+00     2.26955e+00     4.29557e-01
   2.67833     3.04986e+00     2.99913e+00     2.35190e+00     3.61014e-01
   2.68447     3.09257e+00     3.08388e+00     2.41573e+00     2.84063e-01
   2.69060     3.13216e+00     3.11618e+00     2.48612e+00     1.56487e-01
   2.69674     3.15805e+00     3.14890e+00     2.55836e+00     1.37455e-01
   2.70287     3.21916e+00     3.21685e+00     2.60544e+00     4.08847e-03
   2.70901     3.27330e+00     3.28659e+00     2.70035e+00     8.12822e-02
   2.71515     3.31327e+00     3.32965e+00     2.75301e+00     1.24659e-01
   2.72128     3.38812e+00     3.34881e+00     2.82617e+00     2.49039e-01
   2.72742     3.39553e+00     3.43690e+00     2.88785e+00     3.15041e-01
   2.73355     3.43581e+00     3.48980e+00     2.93544e+00     3.48192e-01
   2.73969     3.46474e+00     3.52988e+00     2.98147e+00     4.55806e-01
   2.74583     3.54608e+00     3.58958e+00     3.04792e+00     5.27257e-01
   2.75196     3.59419e+00     3.64499e+00     3.12534e+00     5.98749e-01
   2.75810     3.60375e+00     3.70944e+00     3.20367e+00     6.51203e-01
   2.76423     3.68528e+00     3.74691e+00     3.24078e+00     7.44449e-01
   2.77037     3.70352e+00     3.78919e+00     3.33345e+00     8.01368e-01
   2.77651     3.73674e+00     3.82937e+00     3.38841e+00     8.57103e-01
   2.78264     3.78902e+00     3.89575e+00     3.41608e+00     9.38531e-01
   2.78878     3.85862e+00     3.92358e+00     3.45907e+00     1.02561e+00
   2.79491     3.88491e+00     3.97392e+00     3.56922e+00     1.05996e+00
   2.80105     3.90430e+00     4.01407e+00     3.61270e+00     1.15622e+00
   2.80718     3.93562e+00     4.05986e+00     3.66624e+00     1.21303e+00
   2.81332     3.99787e+00     4.14013e+00     3.72532e+00     1.29240e+00
   2.81946     4.00544e+00     4.15468e+00     3.76963e+00     1.33786e+00
   2.82559     4.06456e+00     4.19585e+00     3.81201e+00     1.41654e+00
   2.83173     4.10056e+00     4.24511e+00     3.87748e+00     1.49304e+00
   2.83786     4.14178e+00     4.30239e+00     3.92717e+00     1.53840e+00
   2.84400     4.17358e+00     4.35768e+00     3.99149e+00     1.59508e+00
   2.85014     4.21237e+00     4.38656e+00     4.04313e+00     1.63704e+00
   2.85627     4.23307e+00     4.44697e+00     4.09890e+00     1.73268e+00
   2.86241     4.28415e+00     4.46512e+00     4.14513e+00     1.80631e+00
   2.86854     4.30275e+00     4.50186e+00     4.20508e+00     1.84321e+00
   2.87468     4.33330e+00     4.55425e+00     4.25772e+00     1.92878e+00
   2.88082     4.37565e+00     4.57926e+00     4.32070e+00     1.96369e+00
   2.88695     4.40580e+00     4.63189e+00     4.36381e+00     2.00847e+00
   2.89309     4.43628e+00     4.66163e+00     4.41117e+00     2.09769e+00
   2.89922     4.50234e+00     4.71613e+00     4.46172e+00     2.13906e+00
   2.90536     4.52129e+00     4.75680e+00     4.51842e+00     2.19121e+00
   2.91150     4.54897e+00     4.78860e+00     4.56577e+00     2.25098e+00
   2.91763     4.57519e+00     4.83416e+00     4.60436e+00     2.33466e+00
   2.92377     4.58856e+00     4.88132e+00     4.65355e+00     2.37049e+00
   2.92990     4.63301e+00     4.90831e+00     4.69958e+00     2.43335e+00
   2.93604     4.66548e+00     4.94270e+00     4.76293e+00     2.46282e+00
   2.94218     4.69905e+00     4.98435e+00     4.80176e+00     2.51778e+00
   2.94831     4.74493e+00     5.02673e+00     4.84916e+00     2.54997e+00
   2.95445     4.76017e+00     5.03260e+00     4.88244e+00     2.61263e+00
   2.96058     4.79328e+00     5.08002e+00     4.94272e+00     2.69327e+00
   2.96672     4.82646e+00     5.12256e+00     4.98577e+00     2.72909e+00
   2.97285     4.86367e+00     5.16964e+00     5.02991e+00     2.77344e+00
   2.97899     4.87722e+00     5.19619e+00     5.07012e+00     2.81610e+00
   2.98513     4.89737e+00     5.24098e+00     5.12318e+00     2.85458e+00
   2.99126     4.93240e+00     5.27319e+00     5.15982e+00     2.89570e+00
   2.99740     4.97461e+00     5.29037e+00     5.19610e+00     2.95757e+00
   3.00353     4.98771e+00     5.34565e+00     5.24217e+00     3.02246e+00
   3.00967     5.00907e+00     5.37735e+00     5.29101e+00     3.03912e+00
   3.01581     5.03672e+00     5.39379e+00     5.32344e+00     3.09912e+00
   3.02194     5.05753e+00     5.43383e+00     5.37129e+00     3.12225e+00
   3.02808     5.10247e+00     5.46903e+00     5.42689e+00     3.17711e+00
   3.03421     5.12138e+00     5.50523e+00     5.44574e+00     3.23321e+00
   3.04035     5.15502e+00     5.52845e+00     5.49148e+00     3.28129e+00
   3.04649     5.15100e+00     5.57644e+00     5.54047e+00     3.31585e+00
   3.05262     5.18268e+00     5.59388e+00     5.59039e+00     3.35476e+00
   3.05876     5.20842e+00     5.63770e+00     5.62105e+00     3.42797e+00
   3.06489     5.21348e+00     5.65154e+00     5.67461e+00     3.43541e+00
   3.07103     5.25573e+00     5.67834e+00     5.69787e+00     3.45839e+00
   3.07717     5.26900e+00     5.71830e+00     5.74760e+00     3.52686e+00
   3.08330     5.30290e+00     5.73800e+00     5.78175e+00     3.54061e+00
   3.08944     5.30795e+00     5.77923e+00     5.81666e+00     3.59320e+00
   3.09557     5.34015e+00     5.80944e+00     5.85843e+00     3.62217e+00
   3.10171     5.36426e+00     5.83761e+00     5.89559e+00     3.65983e+00
   3.10785     5.38375e+00     5.85685e+00     5.93779e+00     3.69657e+00
   3.11398     5.39663e+00     5.88254e+00     5.97177e+00     3.73055e+00
   3.12012     5.42925e+00     5.91455e+00     6.02217e+00     3.76121e+00
   3.12625     5.44281e+00     5.93670e+00     6.03491e+00     3.79544e+00
   3.13239     5.46493e+00     5.96655e+00     6.08137e+00     3.80791e+00
   3.13852     5.47247e+00     6.00431e+00     6.09693e+00     3.87060e+00
