# Halo Mass, Number Halos, HI halos, HI centrals, HI satellites
1.451376e+09 5.091284e+06 2.391325e+05 0.000000e+00 0.000000e+00
1.988398e+09 9.883806e+06 3.952928e+05 0.000000e+00 0.000000e+00
3.153225e+09 6.249375e+06 7.537861e+05 0.000000e+00 0.000000e+00
4.975143e+09 4.067415e+06 1.335104e+06 0.000000e+00 0.000000e+00
7.873885e+09 2.639023e+06 2.274807e+06 0.000000e+00 0.000000e+00
1.247988e+10 1.699369e+06 3.778203e+06 0.000000e+00 0.000000e+00
1.976611e+10 1.100410e+06 6.163245e+06 0.000000e+00 0.000000e+00
3.134404e+10 7.074780e+05 9.957568e+06 0.000000e+00 0.000000e+00
4.970508e+10 4.454490e+05 1.597773e+07 0.000000e+00 0.000000e+00
7.868203e+10 2.803190e+05 2.548043e+07 0.000000e+00 0.000000e+00
1.246853e+11 1.740210e+05 4.056789e+07 0.000000e+00 0.000000e+00
1.975843e+11 1.070320e+05 6.447699e+07 0.000000e+00 0.000000e+00
3.124903e+11 6.427700e+04 1.021638e+08 0.000000e+00 0.000000e+00
4.956322e+11 3.801700e+04 1.622308e+08 0.000000e+00 0.000000e+00
7.848936e+11 2.170100e+04 2.571033e+08 0.000000e+00 0.000000e+00
1.241791e+12 1.218500e+04 4.069574e+08 0.000000e+00 0.000000e+00
1.967748e+12 6.814000e+03 6.450580e+08 0.000000e+00 0.000000e+00
3.107741e+12 3.379000e+03 1.018955e+09 0.000000e+00 0.000000e+00
4.928215e+12 1.625000e+03 1.616038e+09 0.000000e+00 0.000000e+00
7.798813e+12 7.400000e+02 2.557543e+09 0.000000e+00 0.000000e+00
1.215796e+13 2.910000e+02 3.987264e+09 0.000000e+00 0.000000e+00
1.880411e+13 1.010000e+02 6.167083e+09 0.000000e+00 0.000000e+00
3.088348e+13 3.000000e+01 1.012890e+10 0.000000e+00 0.000000e+00
4.882141e+13 1.000000e+01 1.601222e+10 0.000000e+00 0.000000e+00
6.450351e+13 2.000000e+00 2.115567e+10 0.000000e+00 0.000000e+00
0.000000e+00 0.000000e+00 0.000000e+00 0.000000e+00 0.000000e+00
0.000000e+00 0.000000e+00 0.000000e+00 0.000000e+00 0.000000e+00
0.000000e+00 0.000000e+00 0.000000e+00 0.000000e+00 0.000000e+00
0.000000e+00 0.000000e+00 0.000000e+00 0.000000e+00 0.000000e+00
0.000000e+00 0.000000e+00 0.000000e+00 0.000000e+00 0.000000e+00
