# Halo Mass, Number Halos, HI halos, HI centrals, HI satellites
1.451559e+09 4.933376e+06 8.820327e+02 0.000000e+00 0.000000e+00
1.989112e+09 9.632146e+06 8.743120e+03 0.000000e+00 0.000000e+00
3.153214e+09 6.105070e+06 7.481911e+04 0.000000e+00 0.000000e+00
4.974111e+09 3.965264e+06 3.436137e+05 0.000000e+00 0.000000e+00
7.873222e+09 2.552672e+06 1.068396e+06 0.000000e+00 0.000000e+00
1.247329e+10 1.631982e+06 2.562669e+06 0.000000e+00 0.000000e+00
1.975258e+10 1.040096e+06 5.193340e+06 0.000000e+00 0.000000e+00
3.132201e+10 6.547560e+05 9.471427e+06 0.000000e+00 0.000000e+00
4.965541e+10 4.043220e+05 1.612773e+07 0.000000e+00 0.000000e+00
7.861333e+10 2.490450e+05 2.626208e+07 0.000000e+00 0.000000e+00
1.245339e+11 1.496530e+05 4.164017e+07 0.000000e+00 0.000000e+00
1.971883e+11 8.933300e+04 6.486420e+07 0.000000e+00 0.000000e+00
3.120083e+11 5.135300e+04 9.987867e+07 0.000000e+00 0.000000e+00
4.942633e+11 2.870300e+04 1.529067e+08 0.000000e+00 0.000000e+00
7.822566e+11 1.586400e+04 2.328723e+08 0.000000e+00 0.000000e+00
1.238382e+12 8.401000e+03 3.537686e+08 0.000000e+00 0.000000e+00
1.952888e+12 4.135000e+03 5.346223e+08 0.000000e+00 0.000000e+00
3.091810e+12 1.968000e+03 8.099368e+08 0.000000e+00 0.000000e+00
4.870172e+12 7.910000e+02 1.220488e+09 0.000000e+00 0.000000e+00
7.670137e+12 3.420000e+02 1.838398e+09 0.000000e+00 0.000000e+00
1.182638e+13 1.020000e+02 2.715879e+09 0.000000e+00 0.000000e+00
1.879994e+13 2.600000e+01 4.122537e+09 0.000000e+00 0.000000e+00
3.154580e+13 1.000000e+01 6.572156e+09 0.000000e+00 0.000000e+00
3.991512e+13 1.000000e+00 8.126839e+09 0.000000e+00 0.000000e+00
0.000000e+00 0.000000e+00 0.000000e+00 0.000000e+00 0.000000e+00
0.000000e+00 0.000000e+00 0.000000e+00 0.000000e+00 0.000000e+00
0.000000e+00 0.000000e+00 0.000000e+00 0.000000e+00 0.000000e+00
0.000000e+00 0.000000e+00 0.000000e+00 0.000000e+00 0.000000e+00
0.000000e+00 0.000000e+00 0.000000e+00 0.000000e+00 0.000000e+00
0.000000e+00 0.000000e+00 0.000000e+00 0.000000e+00 0.000000e+00
