# Redshift space power spectrum in mu bins.
# Subtracting SN=    1.91202e+01.
#     k\mu         0.12500         0.37500         0.62500         0.87500
   0.03682     9.07965e+03             nan     1.07581e+04     1.90820e+04
   0.06136     4.61718e+03     5.68303e+03     7.69838e+03     9.06703e+03
   0.08590     3.17422e+03     3.62748e+03     4.38367e+03     5.22481e+03
   0.11045     2.36448e+03     2.54911e+03     3.17134e+03     3.73276e+03
   0.13499     2.00478e+03     1.73515e+03     2.25285e+03     3.55033e+03
   0.15953     1.21270e+03     1.55330e+03     1.78775e+03     2.38126e+03
   0.18408     1.08729e+03     1.06750e+03     1.44042e+03     1.73063e+03
   0.20862     8.65762e+02     9.74155e+02     1.32906e+03     1.47896e+03
   0.23317     7.49753e+02     8.53014e+02     9.87306e+02     1.41642e+03
   0.25771     5.96400e+02     6.70378e+02     8.83397e+02     1.01212e+03
   0.28225     5.75247e+02     5.63771e+02     7.23291e+02     8.92068e+02
   0.30680     4.46873e+02     5.19211e+02     6.07370e+02     8.83642e+02
   0.33134     4.08928e+02     4.90656e+02     5.58522e+02     8.19700e+02
   0.35588     3.56320e+02     4.05457e+02     4.48770e+02     6.36853e+02
   0.38043     2.96932e+02     3.35160e+02     4.21938e+02     5.72719e+02
   0.40497     2.95158e+02     3.36334e+02     4.01444e+02     5.55183e+02
   0.42951     2.60007e+02     3.04435e+02     3.36455e+02     4.81002e+02
   0.45406     2.30528e+02     2.52769e+02     3.06276e+02     4.00621e+02
   0.47860     1.99222e+02     2.25949e+02     3.09896e+02     4.34864e+02
   0.50315     1.92106e+02     2.19112e+02     2.64126e+02     3.82642e+02
   0.52769     1.85403e+02     1.86813e+02     2.55781e+02     3.46292e+02
   0.55223     1.56869e+02     1.90947e+02     2.48989e+02     2.99890e+02
   0.57678     1.64481e+02     1.71159e+02     2.11537e+02     2.80348e+02
   0.60132     1.38747e+02     1.63975e+02     2.00352e+02     2.68792e+02
   0.62586     1.34426e+02     1.49975e+02     1.86196e+02     2.55339e+02
   0.65041     1.23147e+02     1.38473e+02     1.68131e+02     2.40750e+02
   0.67495     1.05820e+02     1.27680e+02     1.65250e+02     2.29786e+02
   0.69950     1.04819e+02     1.27606e+02     1.60816e+02     2.23563e+02
   0.72404     1.00617e+02     1.13165e+02     1.42188e+02     1.96109e+02
   0.74858     9.47009e+01     1.01096e+02     1.35320e+02     1.92594e+02
   0.77313     9.15659e+01     1.00185e+02     1.28381e+02     1.78628e+02
   0.79767     8.68505e+01     9.89817e+01     1.11980e+02     1.74573e+02
   0.82221     8.04717e+01     8.81550e+01     1.14791e+02     1.59833e+02
   0.84676     7.01299e+01     8.68247e+01     1.06203e+02     1.48094e+02
   0.87130     7.01962e+01     8.15472e+01     1.00835e+02     1.42830e+02
   0.89584     6.50257e+01     7.67151e+01     9.73210e+01     1.37229e+02
   0.92039     6.19590e+01     7.08937e+01     9.00086e+01     1.38020e+02
   0.94493     5.80036e+01     6.94340e+01     8.78431e+01     1.30932e+02
   0.96948     5.75124e+01     6.47952e+01     8.11762e+01     1.20198e+02
   0.99402     5.59502e+01     6.24332e+01     8.03185e+01     1.11130e+02
   1.01856     5.34564e+01     6.11600e+01     7.85384e+01     1.08696e+02
   1.04311     5.17664e+01     5.83737e+01     7.10976e+01     1.06804e+02
   1.06765     4.83060e+01     5.59698e+01     6.94935e+01     1.02683e+02
   1.09219     4.62665e+01     5.09394e+01     6.49438e+01     9.04469e+01
   1.11674     4.60918e+01     5.04371e+01     6.07826e+01     8.82180e+01
   1.14128     4.37506e+01     4.80409e+01     5.81749e+01     8.54267e+01
   1.16583     4.25254e+01     4.39283e+01     5.71719e+01     8.34188e+01
   1.19037     3.82695e+01     4.15052e+01     5.49766e+01     8.04991e+01
   1.21491     3.44266e+01     3.94659e+01     5.20033e+01     7.62591e+01
   1.23946     3.55081e+01     3.85995e+01     4.74633e+01     7.11919e+01
   1.26400     3.26320e+01     3.76292e+01     4.71436e+01     6.97627e+01
   1.28854     3.18030e+01     3.60896e+01     4.64504e+01     6.61041e+01
   1.31309     3.04809e+01     3.40452e+01     4.23622e+01     6.24550e+01
   1.33763     3.15875e+01     3.30652e+01     4.22862e+01     6.07817e+01
   1.36217     2.96189e+01     3.23487e+01     3.90422e+01     5.73043e+01
   1.38672     2.83110e+01     3.03118e+01     3.73380e+01     5.49375e+01
   1.41126     2.68446e+01     2.95814e+01     3.73259e+01     5.31907e+01
   1.43581     2.55497e+01     2.76881e+01     3.59027e+01     5.18106e+01
   1.46035     2.39504e+01     2.74290e+01     3.21276e+01     4.82358e+01
   1.48489     2.33981e+01     2.57922e+01     3.22620e+01     4.43954e+01
   1.50944     2.29332e+01     2.49878e+01     3.04076e+01     4.38249e+01
   1.53398     2.20817e+01     2.33525e+01     3.01022e+01     4.17722e+01
   1.55852     2.18835e+01     2.20445e+01     2.79174e+01     4.23702e+01
   1.58307     2.02232e+01     2.16324e+01     2.61228e+01     3.77909e+01
   1.60761     1.94240e+01     2.10231e+01     2.59598e+01     3.73618e+01
   1.63216     1.76439e+01     2.05229e+01     2.45149e+01     3.58450e+01
   1.65670     1.73175e+01     1.89799e+01     2.30067e+01     3.50795e+01
   1.68124     1.66897e+01     1.76226e+01     2.28851e+01     3.32958e+01
   1.70579     1.67526e+01     1.75623e+01     2.14729e+01     3.21665e+01
   1.73033     1.50234e+01     1.69751e+01     2.09460e+01     3.10229e+01
   1.75487     1.54111e+01     1.51323e+01     1.85850e+01     2.88960e+01
   1.77942     1.42298e+01     1.49480e+01     1.84997e+01     2.70210e+01
   1.80396     1.33335e+01     1.43676e+01     1.86348e+01     2.62052e+01
   1.82851     1.34761e+01     1.42121e+01     1.65552e+01     2.48543e+01
   1.85305     1.26677e+01     1.33575e+01     1.57036e+01     2.46295e+01
   1.87759     1.29579e+01     1.25793e+01     1.57660e+01     2.43918e+01
   1.90214     1.20065e+01     1.28553e+01     1.49722e+01     2.26845e+01
   1.92668     1.12359e+01     1.17117e+01     1.46312e+01     2.16830e+01
   1.95122     1.03841e+01     1.09321e+01     1.32079e+01     2.06119e+01
   1.97577     1.02467e+01     1.04153e+01     1.30730e+01     2.02562e+01
   2.00031     1.00047e+01     9.43947e+00     1.17367e+01     1.88349e+01
   2.02485     9.44994e+00     9.70784e+00     1.22118e+01     1.78472e+01
   2.04940     8.76940e+00     8.42814e+00     1.10951e+01     1.72916e+01
   2.07394     8.82865e+00     8.12392e+00     1.09317e+01     1.65425e+01
   2.09849     7.80558e+00     7.54398e+00     1.01507e+01     1.52845e+01
   2.12303     7.44288e+00     7.65860e+00     9.78788e+00     1.43703e+01
   2.14757     7.44814e+00     7.26674e+00     9.14451e+00     1.37525e+01
   2.17212     6.69881e+00     6.83050e+00     7.96945e+00     1.34869e+01
   2.19666     6.79422e+00     6.13303e+00     8.66939e+00     1.29049e+01
   2.22120     5.99545e+00     6.17146e+00     7.45414e+00     1.22000e+01
   2.24575     5.52363e+00     5.25632e+00     7.62689e+00     1.13796e+01
   2.27029     5.20789e+00     4.93965e+00     6.67124e+00     1.09423e+01
   2.29484     4.94304e+00     4.88528e+00     6.48721e+00     1.04998e+01
   2.31938     4.69809e+00     4.66590e+00     5.39665e+00     9.88230e+00
   2.34392     4.38616e+00     4.14527e+00     5.22367e+00     9.00319e+00
   2.36847     4.10434e+00     3.80500e+00     5.13230e+00     8.90517e+00
   2.39301     3.45500e+00     3.30039e+00     4.49557e+00     8.20857e+00
   2.41755     3.38896e+00     3.01762e+00     4.11335e+00     7.41410e+00
   2.44210     3.45533e+00     2.74387e+00     3.81032e+00     7.04132e+00
   2.46664     2.74295e+00     2.76220e+00     3.43510e+00     6.63808e+00
   2.49118     2.33089e+00     2.47422e+00     3.27700e+00     6.17915e+00
   2.51573     2.02247e+00     1.90597e+00     2.72016e+00     5.83051e+00
   2.54027     2.22511e+00     1.96664e+00     2.42198e+00     5.55642e+00
   2.56482     1.84011e+00     1.45335e+00     2.13418e+00     4.93244e+00
   2.58936     1.53258e+00     9.80709e-01     1.96462e+00     4.59349e+00
   2.61390     1.30340e+00     5.35575e-01     1.47815e+00     3.94872e+00
   2.63845     1.05038e+00     5.19829e-01     1.32085e+00     3.74544e+00
   2.66299     6.20661e-01     8.09785e-02     9.40013e-01     3.82511e+00
   2.68753     4.36420e-01     1.17815e-01     8.97205e-01     3.13100e+00
   2.71208     4.23972e-01     3.58126e-01     4.41916e-01     2.78979e+00
   2.73662     2.79444e-02     1.98214e-01     5.45291e-02     1.93492e+00
   2.76117     2.40863e-01     6.80775e-01     4.39550e-02     1.88305e+00
   2.78571     4.96217e-01     8.06515e-01     3.57500e-01     1.68203e+00
   2.81025     7.80592e-01     1.02186e+00     3.54801e-01     1.72062e+00
   2.83480     8.53378e-01     1.18988e+00     8.83038e-01     9.67643e-01
   2.85934     1.19241e+00     1.43508e+00     9.67542e-01     8.58809e-01
   2.88388     1.47099e+00     1.76467e+00     1.23678e+00     4.40908e-01
   2.90843     1.55966e+00     1.73100e+00     1.58157e+00     3.42099e-01
   2.93297     1.84272e+00     2.06442e+00     1.83721e+00     1.92425e-01
   2.95751     1.85144e+00     2.28467e+00     1.89726e+00     2.78173e-01
   2.98206     2.17627e+00     2.50642e+00     1.86926e+00     5.60869e-01
   3.00660     2.25611e+00     2.64540e+00     2.24629e+00     7.79433e-01
   3.03115     2.41191e+00     2.94132e+00     2.47556e+00     9.00244e-01
   3.05569     2.65628e+00     2.93239e+00     2.75940e+00     9.47004e-01
   3.08023     2.68730e+00     3.20998e+00     2.80674e+00     1.48132e+00
   3.10478     3.04221e+00     3.41234e+00     3.11906e+00     1.61403e+00
   3.12932     3.13207e+00     3.57703e+00     3.28260e+00     2.12838e+00
   3.15386     3.36751e+00     3.87776e+00     3.26726e+00     2.16075e+00
   3.17841     3.49944e+00     3.98058e+00     3.60954e+00     2.27852e+00
   3.20295     3.75726e+00     4.21480e+00     3.98092e+00     2.76860e+00
   3.22750     3.82472e+00     4.29830e+00     3.92636e+00     2.92018e+00
   3.25204     4.00248e+00     4.48620e+00     4.16480e+00     3.00892e+00
   3.27658     4.18704e+00     4.60789e+00     4.35736e+00     3.26877e+00
   3.30113     4.44839e+00     4.84145e+00     4.39089e+00     3.45628e+00
   3.32567     4.53951e+00     4.94461e+00     4.63249e+00     3.54167e+00
   3.35021     4.64759e+00     5.16155e+00     4.62600e+00     3.79262e+00
   3.37476     4.91866e+00     5.25982e+00     4.89615e+00     3.89074e+00
   3.39930     4.91871e+00     5.44855e+00     5.10526e+00     3.91815e+00
   3.42385     4.98813e+00     5.56943e+00     5.07298e+00     4.39187e+00
   3.44839     5.27376e+00     5.75400e+00     5.31923e+00     4.51958e+00
   3.47293     5.40734e+00     5.75350e+00     5.53587e+00     4.68850e+00
   3.49748     5.51888e+00     6.07700e+00     5.73552e+00     5.00111e+00
   3.52202     5.71423e+00     6.12341e+00     5.97121e+00     5.02876e+00
   3.54656     5.92068e+00     6.26862e+00     5.99323e+00     5.22486e+00
   3.57111     5.73081e+00     6.38927e+00     6.11046e+00     5.49086e+00
   3.59565     6.08368e+00     6.48808e+00     6.21820e+00     5.56384e+00
   3.62019     6.35742e+00     6.59395e+00     6.33761e+00     5.79862e+00
   3.64474     6.40154e+00     6.81644e+00     6.45049e+00     5.75689e+00
   3.66928     6.34748e+00     6.82636e+00     6.76628e+00     6.02574e+00
   3.69383     6.62150e+00     6.96014e+00     6.79250e+00     6.21276e+00
   3.71837     6.78717e+00     7.07806e+00     6.79870e+00     6.34321e+00
   3.74291     6.82143e+00     7.29721e+00     7.11232e+00     6.39424e+00
   3.76746     6.93684e+00     7.38517e+00     7.10044e+00     6.50287e+00
   3.79200     7.06228e+00     7.50766e+00     7.24397e+00     6.68867e+00
   3.81654     7.16520e+00     7.50757e+00     7.42336e+00     6.74352e+00
   3.84109     7.27820e+00     7.74014e+00     7.65193e+00     6.95734e+00
   3.86563     7.42890e+00     7.78435e+00     7.61246e+00     7.12916e+00
   3.89018     7.57928e+00     7.92682e+00     7.70999e+00     7.30821e+00
   3.91472     7.71139e+00     8.02643e+00     7.93599e+00     7.31558e+00
   3.93926     7.83452e+00     8.13169e+00     7.97052e+00     7.45168e+00
   3.96381     8.00996e+00     8.13721e+00     8.03532e+00     7.52831e+00
   3.98835     7.98499e+00     8.33489e+00     8.14916e+00     7.78563e+00
   4.01289     8.10679e+00     8.42669e+00     8.36558e+00     7.84256e+00
   4.03744     8.16441e+00     8.54900e+00     8.35061e+00     7.89556e+00
   4.06198     8.23819e+00     8.62438e+00     8.51646e+00     8.09712e+00
   4.08652     8.41467e+00     8.72995e+00     8.61663e+00     8.17876e+00
   4.11107     8.46007e+00     8.92860e+00     8.79079e+00     8.32166e+00
   4.13561     8.63821e+00     8.98863e+00     8.78940e+00     8.47078e+00
   4.16016     8.77671e+00     9.07819e+00     8.99178e+00     8.51150e+00
   4.18470     8.86800e+00     9.18649e+00     9.04797e+00     8.56805e+00
   4.20924     8.93268e+00     9.25350e+00     9.22046e+00     8.78172e+00
   4.23379     9.05771e+00     9.41356e+00     9.30139e+00     8.91822e+00
   4.25833     9.15861e+00     9.51885e+00     9.34969e+00     8.98825e+00
   4.28287     9.17434e+00     9.53506e+00     9.46769e+00     9.08847e+00
   4.30742     9.35854e+00     9.71486e+00     9.51977e+00     9.19357e+00
   4.33196     9.38424e+00     9.73279e+00     9.68601e+00     9.26958e+00
   4.35651     9.52083e+00     9.76668e+00     9.83137e+00     9.29195e+00
   4.38105     9.55946e+00     9.93366e+00     9.89065e+00     9.47630e+00
   4.40559     9.68819e+00     9.93529e+00     9.91395e+00     9.62376e+00
   4.43014     9.73637e+00     1.01160e+01     1.00791e+01     9.68176e+00
   4.45468     9.92353e+00     1.02456e+01     1.01533e+01     9.71360e+00
   4.47922     1.00271e+01     1.01915e+01     1.03125e+01     9.92105e+00
   4.50377     1.00169e+01     1.03239e+01     1.04049e+01     9.94269e+00
   4.52831     1.01686e+01     1.04017e+01     1.04293e+01     9.98723e+00
   4.55285     1.02873e+01     1.05124e+01     1.05176e+01     1.00232e+01
   4.57740     1.03174e+01     1.06204e+01     1.05944e+01     1.02713e+01
   4.60194     1.03187e+01     1.06472e+01     1.06495e+01     1.03753e+01
   4.62649     1.04473e+01     1.07054e+01     1.07245e+01     1.04221e+01
   4.65103     1.05258e+01     1.06643e+01     1.08599e+01     1.05202e+01
   4.67557     1.06517e+01     1.08847e+01     1.09061e+01     1.06168e+01
   4.70012     1.07553e+01     1.09973e+01     1.10430e+01     1.06796e+01
   4.72466     1.08261e+01     1.10191e+01     1.10233e+01     1.06958e+01
   4.74920     1.08525e+01     1.10403e+01     1.11802e+01     1.07692e+01
   4.77375     1.09215e+01     1.11974e+01     1.12719e+01     1.09396e+01
   4.79829     1.10268e+01     1.12742e+01     1.13280e+01     1.09346e+01
   4.82284     1.11062e+01     1.13542e+01     1.13874e+01     1.10382e+01
   4.84738     1.11736e+01     1.14892e+01     1.14727e+01     1.11250e+01
   4.87192     1.12284e+01     1.14868e+01     1.15506e+01     1.12129e+01
   4.89647     1.12705e+01     1.15684e+01     1.16797e+01     1.12439e+01
   4.92101     1.13280e+01     1.16660e+01     1.16610e+01     1.12605e+01
   4.94555     1.14920e+01     1.17341e+01     1.18106e+01     1.14319e+01
   4.97010     1.14967e+01     1.17737e+01     1.19114e+01     1.14732e+01
   4.99464     1.15558e+01     1.18151e+01     1.19554e+01     1.15437e+01
   5.01919     1.16287e+01     1.19240e+01     1.19831e+01     1.16720e+01
   5.04373     1.16963e+01     1.19970e+01     1.20540e+01     1.17588e+01
   5.06827     1.17686e+01     1.19768e+01     1.21552e+01     1.17940e+01
   5.09282     1.17731e+01     1.20945e+01     1.22221e+01     1.18513e+01
   5.11736     1.19533e+01     1.21982e+01     1.23396e+01     1.19215e+01
   5.14190     1.19623e+01     1.22997e+01     1.23236e+01     1.20312e+01
   5.16645     1.19907e+01     1.22864e+01     1.24212e+01     1.20489e+01
   5.19099     1.21384e+01     1.23659e+01     1.25440e+01     1.21026e+01
   5.21553     1.20849e+01     1.23946e+01     1.25704e+01     1.21863e+01
   5.24008     1.22029e+01     1.24519e+01     1.26395e+01     1.22619e+01
   5.26462     1.22607e+01     1.25893e+01     1.27823e+01     1.23131e+01
   5.28917     1.23047e+01     1.26038e+01     1.27809e+01     1.23874e+01
   5.31371     1.23897e+01     1.27044e+01     1.28776e+01     1.24315e+01
   5.33825     1.24182e+01     1.27806e+01     1.29223e+01     1.25047e+01
   5.36280     1.24923e+01     1.28002e+01     1.30138e+01     1.26088e+01
   5.38734     1.25454e+01     1.28201e+01     1.30468e+01     1.26378e+01
   5.41188     1.26174e+01     1.29306e+01     1.31285e+01     1.26746e+01
   5.43643     1.26380e+01     1.29425e+01     1.32015e+01     1.27019e+01
   5.46097     1.26951e+01     1.30210e+01     1.32721e+01     1.27412e+01
   5.48552     1.27173e+01     1.30558e+01     1.33017e+01     1.28473e+01
   5.51006     1.28090e+01     1.31544e+01     1.34057e+01     1.28895e+01
   5.53460     1.28617e+01     1.32022e+01     1.34285e+01     1.29864e+01
   5.55915     1.29213e+01     1.32158e+01     1.34854e+01     1.29987e+01
   5.58369     1.29441e+01     1.33068e+01     1.35549e+01     1.30762e+01
   5.60823     1.30306e+01     1.33679e+01     1.36465e+01     1.30824e+01
   5.63278     1.30824e+01     1.34031e+01     1.36336e+01     1.31929e+01
   5.65732     1.31051e+01     1.34593e+01     1.36935e+01     1.32189e+01
   5.68186     1.31428e+01     1.35017e+01     1.37833e+01     1.32988e+01
   5.70641     1.31823e+01     1.35766e+01     1.38007e+01     1.33187e+01
   5.73095     1.32163e+01     1.35979e+01     1.39019e+01     1.33853e+01
   5.75550     1.32553e+01     1.36653e+01     1.39482e+01     1.34096e+01
   5.78004     1.32926e+01     1.36933e+01     1.39869e+01     1.34490e+01
   5.80458     1.33387e+01     1.37422e+01     1.40419e+01     1.34948e+01
   5.82913     1.33878e+01     1.38410e+01     1.40735e+01     1.35753e+01
   5.85367     1.34166e+01     1.38436e+01     1.41544e+01     1.36091e+01
   5.87821     1.34812e+01     1.38901e+01     1.42056e+01     1.36270e+01
   5.90276     1.34823e+01     1.39526e+01     1.42173e+01     1.36620e+01
   5.92730     1.35143e+01     1.39809e+01     1.43177e+01     1.37098e+01
   5.95185     1.35593e+01     1.40306e+01     1.43214e+01     1.37155e+01
   5.97639     1.35980e+01     1.40531e+01     1.43927e+01     1.37628e+01
   6.00093     1.36159e+01     1.41186e+01     1.44553e+01     1.38396e+01
   6.02548     1.36706e+01     1.41347e+01     1.45075e+01     1.38795e+01
   6.05002     1.36919e+01     1.41735e+01     1.45469e+01     1.38919e+01
   6.07456     1.37221e+01     1.41994e+01     1.45843e+01     1.39351e+01
   6.09911     1.37573e+01     1.42358e+01     1.46510e+01     1.39579e+01
   6.12365     1.37914e+01     1.42940e+01     1.46810e+01     1.39932e+01
   6.14819     1.37787e+01     1.43467e+01     1.47477e+01     1.40580e+01
   6.17274     1.38529e+01     1.43612e+01     1.47832e+01     1.40595e+01
   6.19728     1.38484e+01     1.44291e+01     1.48402e+01     1.41010e+01
   6.22183     1.38975e+01     1.44533e+01     1.48754e+01     1.41295e+01
   6.24637     1.39225e+01     1.44536e+01     1.49268e+01     1.41709e+01
   6.27091     1.39287e+01     1.45036e+01     1.49774e+01     1.41997e+01
