# Redshift space power spectrum in mu bins.
# Subtracting SN=    2.92321e+01.
#     k\mu         0.12500         0.37500         0.62500         0.87500
   0.03682     1.29476e+04             nan     1.35043e+04     1.70192e+04
   0.06136     6.27581e+03     7.66906e+03     9.34620e+03     9.99750e+03
   0.08590     4.56327e+03     4.95171e+03     5.33397e+03     5.85512e+03
   0.11045     3.49291e+03     3.32265e+03     4.01112e+03     4.15767e+03
   0.13499     2.91188e+03     2.34066e+03     2.84442e+03     3.90973e+03
   0.15953     1.76701e+03     2.20883e+03     2.41329e+03     2.79685e+03
   0.18408     1.56775e+03     1.49772e+03     1.92215e+03     2.10948e+03
   0.20862     1.35404e+03     1.37663e+03     1.68529e+03     1.79472e+03
   0.23317     1.14414e+03     1.24658e+03     1.36886e+03     1.73691e+03
   0.25771     8.94633e+02     9.30408e+02     1.14845e+03     1.15335e+03
   0.28225     8.35351e+02     8.42201e+02     9.74714e+02     1.10473e+03
   0.30680     6.93910e+02     8.15477e+02     8.28950e+02     1.10701e+03
   0.33134     6.22674e+02     7.17724e+02     7.92371e+02     9.84352e+02
   0.35588     5.42621e+02     6.23717e+02     6.17455e+02     7.84375e+02
   0.38043     4.95304e+02     5.21613e+02     5.75007e+02     7.03099e+02
   0.40497     4.77751e+02     5.10199e+02     5.79186e+02     6.78442e+02
   0.42951     4.11471e+02     4.68058e+02     4.82540e+02     6.34842e+02
   0.45406     3.77470e+02     3.99106e+02     4.48975e+02     5.19333e+02
   0.47860     3.37732e+02     3.70481e+02     4.55753e+02     5.16862e+02
   0.50315     3.20638e+02     3.48799e+02     3.92909e+02     4.82617e+02
   0.52769     3.09334e+02     3.16239e+02     3.74515e+02     4.64135e+02
   0.55223     2.61836e+02     3.20912e+02     3.56104e+02     3.95173e+02
   0.57678     2.74232e+02     2.86355e+02     3.28151e+02     4.01776e+02
   0.60132     2.34106e+02     2.61967e+02     3.02125e+02     3.69739e+02
   0.62586     2.28181e+02     2.47356e+02     2.80185e+02     3.60574e+02
   0.65041     2.14519e+02     2.30776e+02     2.75006e+02     3.36326e+02
   0.67495     1.97449e+02     2.20545e+02     2.63862e+02     3.30612e+02
   0.69950     1.88026e+02     2.21027e+02     2.49576e+02     3.14445e+02
   0.72404     1.68938e+02     2.02122e+02     2.26728e+02     2.87131e+02
   0.74858     1.68013e+02     1.74734e+02     2.21206e+02     2.90346e+02
   0.77313     1.64358e+02     1.80547e+02     2.07454e+02     2.73238e+02
   0.79767     1.56791e+02     1.75888e+02     1.87201e+02     2.58270e+02
   0.82221     1.50291e+02     1.61576e+02     1.98714e+02     2.44019e+02
   0.84676     1.29346e+02     1.55653e+02     1.78529e+02     2.29779e+02
   0.87130     1.34189e+02     1.48300e+02     1.71331e+02     2.28927e+02
   0.89584     1.20574e+02     1.34857e+02     1.70997e+02     2.11581e+02
   0.92039     1.15343e+02     1.28991e+02     1.59573e+02     2.22969e+02
   0.94493     1.15889e+02     1.27429e+02     1.47883e+02     1.97117e+02
   0.96948     1.12416e+02     1.21719e+02     1.45904e+02     1.93434e+02
   0.99402     1.07536e+02     1.15027e+02     1.38591e+02     1.92879e+02
   1.01856     1.06671e+02     1.14152e+02     1.37277e+02     1.82548e+02
   1.04311     9.89870e+01     1.12617e+02     1.30804e+02     1.76077e+02
   1.06765     9.48371e+01     1.06772e+02     1.19611e+02     1.72915e+02
   1.09219     9.14051e+01     9.67134e+01     1.20420e+02     1.60906e+02
   1.11674     9.20262e+01     1.00716e+02     1.09512e+02     1.58346e+02
   1.14128     9.02286e+01     9.50230e+01     1.09479e+02     1.52491e+02
   1.16583     8.19149e+01     8.87158e+01     1.07189e+02     1.43356e+02
   1.19037     8.02074e+01     8.53108e+01     1.05666e+02     1.40023e+02
   1.21491     7.21023e+01     8.22324e+01     1.01753e+02     1.41620e+02
   1.23946     7.22874e+01     8.43345e+01     9.17983e+01     1.35096e+02
   1.26400     6.96048e+01     7.63642e+01     9.33809e+01     1.27642e+02
   1.28854     6.85354e+01     7.34045e+01     9.08569e+01     1.22996e+02
   1.31309     6.64069e+01     7.15335e+01     8.32041e+01     1.20166e+02
   1.33763     6.64980e+01     7.17609e+01     8.44067e+01     1.12473e+02
   1.36217     6.26734e+01     6.99297e+01     8.15648e+01     1.11946e+02
   1.38672     6.04519e+01     6.54250e+01     7.57583e+01     1.09925e+02
   1.41126     5.97049e+01     6.53695e+01     7.65364e+01     1.08585e+02
   1.43581     5.61883e+01     5.85041e+01     7.29795e+01     1.03692e+02
   1.46035     5.23592e+01     6.01114e+01     6.92592e+01     1.00410e+02
   1.48489     5.18839e+01     5.79338e+01     6.88504e+01     9.34381e+01
   1.50944     5.07109e+01     5.55236e+01     6.54543e+01     9.22435e+01
   1.53398     5.05538e+01     5.39092e+01     6.52522e+01     9.13568e+01
   1.55852     4.72687e+01     5.27245e+01     6.20705e+01     8.84168e+01
   1.58307     4.59419e+01     4.89009e+01     6.14727e+01     8.54237e+01
   1.60761     4.34273e+01     4.92161e+01     5.74609e+01     8.02708e+01
   1.63216     4.34511e+01     4.68997e+01     5.60299e+01     8.14451e+01
   1.65670     4.16724e+01     4.41676e+01     5.37263e+01     7.94217e+01
   1.68124     4.00046e+01     4.31380e+01     5.24408e+01     7.68425e+01
   1.70579     3.94563e+01     4.09516e+01     4.99592e+01     7.46092e+01
   1.73033     3.78710e+01     3.99099e+01     5.02666e+01     7.05041e+01
   1.75487     3.65860e+01     3.84301e+01     4.84761e+01     6.95340e+01
   1.77942     3.66068e+01     3.80651e+01     4.61185e+01     6.78534e+01
   1.80396     3.41694e+01     3.71986e+01     4.61383e+01     6.60333e+01
   1.82851     3.35554e+01     3.56430e+01     4.43599e+01     6.63079e+01
   1.85305     3.23215e+01     3.43235e+01     4.42149e+01     6.17497e+01
   1.87759     3.13484e+01     3.43774e+01     4.36231e+01     6.00880e+01
   1.90214     3.11959e+01     3.18422e+01     4.07999e+01     6.01760e+01
   1.92668     2.91087e+01     3.10814e+01     3.87744e+01     5.66346e+01
   1.95122     2.80033e+01     3.09404e+01     3.85238e+01     5.49592e+01
   1.97577     2.74030e+01     2.93863e+01     3.75367e+01     5.51805e+01
   2.00031     2.65288e+01     2.78497e+01     3.61218e+01     5.30050e+01
   2.02485     2.52347e+01     2.84476e+01     3.45925e+01     5.00236e+01
   2.04940     2.50273e+01     2.63517e+01     3.20329e+01     5.03818e+01
   2.07394     2.40597e+01     2.53867e+01     3.28561e+01     4.79396e+01
   2.09849     2.24578e+01     2.41536e+01     3.07636e+01     4.53300e+01
   2.12303     2.23628e+01     2.40300e+01     3.04241e+01     4.43007e+01
   2.14757     2.14214e+01     2.26917e+01     2.88670e+01     4.27861e+01
   2.17212     2.06952e+01     2.23103e+01     2.77936e+01     4.31685e+01
   2.19666     2.00899e+01     2.08061e+01     2.68235e+01     4.14792e+01
   2.22120     1.92184e+01     2.03305e+01     2.61552e+01     3.91901e+01
   2.24575     1.83534e+01     1.96457e+01     2.44767e+01     3.77634e+01
   2.27029     1.72204e+01     1.93253e+01     2.45693e+01     3.75055e+01
   2.29484     1.76698e+01     1.82872e+01     2.32181e+01     3.67788e+01
   2.31938     1.59578e+01     1.73136e+01     2.26521e+01     3.45727e+01
   2.34392     1.55296e+01     1.68161e+01     2.12566e+01     3.39507e+01
   2.36847     1.52313e+01     1.57048e+01     2.08261e+01     3.27652e+01
   2.39301     1.48566e+01     1.55624e+01     1.97369e+01     3.08127e+01
   2.41755     1.38096e+01     1.47687e+01     1.86823e+01     2.99939e+01
   2.44210     1.30667e+01     1.41654e+01     1.80024e+01     2.86924e+01
   2.46664     1.23870e+01     1.40934e+01     1.78254e+01     2.78409e+01
   2.49118     1.18968e+01     1.30847e+01     1.70738e+01     2.72028e+01
   2.51573     1.12685e+01     1.22192e+01     1.57366e+01     2.69869e+01
   2.54027     1.20161e+01     1.21914e+01     1.49460e+01     2.54129e+01
   2.56482     1.05149e+01     1.13926e+01     1.52253e+01     2.44667e+01
   2.58936     1.03298e+01     1.02712e+01     1.40957e+01     2.38178e+01
   2.61390     8.92489e+00     1.03938e+01     1.37813e+01     2.34429e+01
   2.63845     8.61097e+00     9.76692e+00     1.29718e+01     2.27006e+01
   2.66299     7.91472e+00     9.43803e+00     1.22814e+01     2.16625e+01
   2.68753     7.88681e+00     8.55621e+00     1.16214e+01     2.00108e+01
   2.71208     7.54173e+00     8.32754e+00     1.10193e+01     1.90520e+01
   2.73662     7.13405e+00     7.51297e+00     9.93527e+00     1.85006e+01
   2.76117     6.14585e+00     7.07916e+00     1.00834e+01     1.79806e+01
   2.78571     5.80003e+00     6.69223e+00     8.98224e+00     1.67008e+01
   2.81025     5.49907e+00     6.14003e+00     8.72331e+00     1.58996e+01
   2.83480     5.20180e+00     5.56179e+00     8.31811e+00     1.55481e+01
   2.85934     4.94908e+00     4.67069e+00     7.66499e+00     1.49009e+01
   2.88388     4.27618e+00     4.69512e+00     6.90693e+00     1.36283e+01
   2.90843     4.13740e+00     4.12150e+00     6.92031e+00     1.37123e+01
   2.93297     3.35663e+00     3.73380e+00     6.28499e+00     1.29407e+01
   2.95751     3.01849e+00     3.61362e+00     5.72371e+00     1.20737e+01
   2.98206     2.58143e+00     2.71336e+00     4.85484e+00     1.17239e+01
   3.00660     1.88537e+00     3.16984e+00     4.59703e+00     1.06878e+01
   3.03115     2.27820e+00     2.52080e+00     4.21711e+00     1.04090e+01
   3.05569     1.74555e+00     1.80396e+00     3.56371e+00     9.20344e+00
   3.08023     1.14593e+00     1.17692e+00     3.18724e+00     8.90384e+00
   3.10478     9.55854e-01     7.27530e-01     2.90658e+00     8.10920e+00
   3.12932     1.07934e-01     7.06324e-01     2.15386e+00     7.81435e+00
   3.15386     1.52586e-01     1.13545e-01     1.96923e+00     7.16943e+00
   3.17841     1.29193e-01     1.70077e-01     1.34127e+00     6.20243e+00
   3.20295     3.58859e-01     5.57481e-01     9.45039e-01     6.25730e+00
   3.22750     1.02164e+00     5.06631e-01     6.89730e-01     5.35404e+00
   3.25204     1.29721e+00     1.31908e+00     2.47485e-01     4.98199e+00
   3.27658     1.45039e+00     1.46294e+00     1.64947e-01     4.18973e+00
   3.30113     2.24608e+00     1.84616e+00     3.90192e-01     3.94998e+00
   3.32567     2.26388e+00     2.55669e+00     9.93488e-01     3.54435e+00
   3.35021     2.66716e+00     2.84746e+00     1.54306e+00     3.25825e+00
   3.37476     2.97295e+00     3.03190e+00     1.24351e+00     2.70617e+00
   3.39930     3.20581e+00     3.40180e+00     1.90401e+00     2.30588e+00
   3.42385     3.44344e+00     3.68149e+00     2.59980e+00     1.53336e+00
   3.44839     3.74401e+00     3.89314e+00     2.80029e+00     1.38763e+00
   3.47293     4.17623e+00     4.50809e+00     3.30925e+00     6.34111e-01
   3.49748     4.67646e+00     4.49655e+00     3.45092e+00     4.31556e-01
   3.52202     4.58463e+00     4.60059e+00     3.78451e+00     2.04643e-01
   3.54656     5.05299e+00     5.06035e+00     4.04387e+00     4.35591e-01
   3.57111     5.29156e+00     5.30938e+00     4.62496e+00     8.28408e-01
   3.59565     5.88907e+00     5.77247e+00     4.73284e+00     1.43300e+00
   3.62019     5.69297e+00     6.09508e+00     5.24153e+00     1.60688e+00
   3.64474     6.09163e+00     6.24616e+00     5.46265e+00     1.78980e+00
   3.66928     6.46792e+00     6.59325e+00     5.77800e+00     2.22732e+00
   3.69383     6.47920e+00     6.91640e+00     6.01111e+00     2.95876e+00
   3.71837     6.97649e+00     7.21935e+00     6.46136e+00     3.33017e+00
   3.74291     6.98216e+00     7.53874e+00     6.59311e+00     3.28034e+00
   3.76746     7.53401e+00     7.72586e+00     7.06100e+00     3.85061e+00
   3.79200     7.46875e+00     8.09375e+00     6.99458e+00     4.23010e+00
   3.81654     7.98050e+00     8.10684e+00     7.49819e+00     4.67780e+00
   3.84109     8.13745e+00     8.57705e+00     7.77591e+00     4.65163e+00
   3.86563     8.33458e+00     8.93028e+00     7.97006e+00     5.39825e+00
   3.89018     8.83201e+00     9.15964e+00     8.45902e+00     5.91469e+00
   3.91472     8.79697e+00     9.21984e+00     8.49574e+00     5.93158e+00
   3.93926     8.93876e+00     9.55038e+00     8.96191e+00     6.38297e+00
   3.96381     9.47159e+00     9.72169e+00     9.16225e+00     6.63221e+00
   3.98835     9.54586e+00     1.00347e+01     9.38243e+00     6.75228e+00
   4.01289     9.71134e+00     1.01484e+01     9.87187e+00     6.95305e+00
   4.03744     9.95803e+00     1.03416e+01     9.95873e+00     7.31885e+00
   4.06198     1.02437e+01     1.06359e+01     9.96418e+00     7.81501e+00
   4.08652     1.05375e+01     1.07810e+01     1.03776e+01     8.03203e+00
   4.11107     1.07005e+01     1.09399e+01     1.05258e+01     8.34064e+00
   4.13561     1.06188e+01     1.11605e+01     1.06782e+01     8.66035e+00
   4.16016     1.10211e+01     1.16089e+01     1.09642e+01     8.92527e+00
   4.18470     1.11960e+01     1.15979e+01     1.12293e+01     9.06291e+00
   4.20924     1.15993e+01     1.17579e+01     1.14934e+01     9.44424e+00
   4.23379     1.17282e+01     1.20265e+01     1.16447e+01     9.74966e+00
   4.25833     1.17969e+01     1.20670e+01     1.18275e+01     9.86540e+00
   4.28287     1.19525e+01     1.22203e+01     1.20356e+01     1.01364e+01
   4.30742     1.22766e+01     1.27120e+01     1.23241e+01     1.04256e+01
   4.33196     1.24399e+01     1.28381e+01     1.26695e+01     1.06702e+01
   4.35651     1.25461e+01     1.29043e+01     1.28900e+01     1.07562e+01
   4.38105     1.29201e+01     1.31700e+01     1.29924e+01     1.11833e+01
   4.40559     1.30271e+01     1.34000e+01     1.32700e+01     1.12855e+01
   4.43014     1.31112e+01     1.35969e+01     1.34941e+01     1.14204e+01
   4.45468     1.33317e+01     1.36727e+01     1.36098e+01     1.17724e+01
   4.47922     1.34239e+01     1.38987e+01     1.37331e+01     1.19166e+01
   4.50377     1.37177e+01     1.40444e+01     1.39711e+01     1.21857e+01
   4.52831     1.37903e+01     1.42724e+01     1.41915e+01     1.24384e+01
   4.55285     1.39886e+01     1.43641e+01     1.43256e+01     1.25254e+01
   4.57740     1.40376e+01     1.45277e+01     1.45756e+01     1.28589e+01
   4.60194     1.42277e+01     1.47221e+01     1.46984e+01     1.31707e+01
   4.62649     1.43823e+01     1.48395e+01     1.48971e+01     1.31539e+01
   4.65103     1.46162e+01     1.51544e+01     1.50217e+01     1.36078e+01
   4.67557     1.46657e+01     1.52092e+01     1.52397e+01     1.36421e+01
   4.70012     1.48915e+01     1.53575e+01     1.53879e+01     1.39237e+01
   4.72466     1.50778e+01     1.55898e+01     1.55416e+01     1.40606e+01
   4.74920     1.52153e+01     1.57687e+01     1.57358e+01     1.40898e+01
   4.77375     1.53748e+01     1.60016e+01     1.58676e+01     1.44280e+01
   4.79829     1.55412e+01     1.60097e+01     1.60883e+01     1.46498e+01
   4.82284     1.56600e+01     1.62059e+01     1.62353e+01     1.47660e+01
   4.84738     1.57929e+01     1.62992e+01     1.63784e+01     1.50245e+01
   4.87192     1.60021e+01     1.64266e+01     1.65716e+01     1.51367e+01
   4.89647     1.61046e+01     1.66249e+01     1.67698e+01     1.53426e+01
   4.92101     1.62513e+01     1.67122e+01     1.68582e+01     1.54726e+01
   4.94555     1.64080e+01     1.68358e+01     1.69747e+01     1.56445e+01
   4.97010     1.65554e+01     1.70387e+01     1.71381e+01     1.57133e+01
   4.99464     1.66821e+01     1.71522e+01     1.73555e+01     1.60193e+01
   5.01919     1.67488e+01     1.72095e+01     1.74896e+01     1.61831e+01
   5.04373     1.69505e+01     1.73872e+01     1.75637e+01     1.63553e+01
   5.06827     1.70596e+01     1.75135e+01     1.76589e+01     1.64487e+01
   5.09282     1.71930e+01     1.77256e+01     1.79428e+01     1.64880e+01
   5.11736     1.72848e+01     1.78708e+01     1.79751e+01     1.67884e+01
   5.14190     1.74798e+01     1.80243e+01     1.81608e+01     1.69236e+01
   5.16645     1.76244e+01     1.81231e+01     1.83019e+01     1.70491e+01
   5.19099     1.77140e+01     1.82515e+01     1.84502e+01     1.71505e+01
   5.21553     1.78091e+01     1.83693e+01     1.85395e+01     1.71946e+01
   5.24008     1.79462e+01     1.84651e+01     1.86287e+01     1.73786e+01
   5.26462     1.79652e+01     1.86186e+01     1.88593e+01     1.76014e+01
   5.28917     1.81616e+01     1.86238e+01     1.89956e+01     1.77006e+01
   5.31371     1.82329e+01     1.88136e+01     1.91738e+01     1.77840e+01
   5.33825     1.82848e+01     1.89455e+01     1.91678e+01     1.79053e+01
   5.36280     1.84084e+01     1.90354e+01     1.93151e+01     1.80972e+01
   5.38734     1.84911e+01     1.91514e+01     1.94302e+01     1.81251e+01
   5.41188     1.85926e+01     1.92418e+01     1.95575e+01     1.82630e+01
   5.43643     1.87514e+01     1.93268e+01     1.96368e+01     1.84134e+01
   5.46097     1.87870e+01     1.95327e+01     1.97856e+01     1.85397e+01
   5.48552     1.89349e+01     1.95229e+01     1.98450e+01     1.86425e+01
   5.51006     1.90607e+01     1.95774e+01     1.99778e+01     1.87707e+01
   5.53460     1.90668e+01     1.97510e+01     2.01033e+01     1.88537e+01
   5.55915     1.91208e+01     1.98219e+01     2.02251e+01     1.89911e+01
   5.58369     1.92861e+01     1.99478e+01     2.03054e+01     1.90063e+01
   5.60823     1.94118e+01     2.00391e+01     2.04177e+01     1.91516e+01
   5.63278     1.94360e+01     2.01111e+01     2.05209e+01     1.92454e+01
   5.65732     1.95379e+01     2.01903e+01     2.05929e+01     1.93369e+01
   5.68186     1.95913e+01     2.03491e+01     2.06720e+01     1.94063e+01
   5.70641     1.96573e+01     2.04129e+01     2.08110e+01     1.96000e+01
   5.73095     1.98045e+01     2.04855e+01     2.09100e+01     1.97146e+01
   5.75550     1.98464e+01     2.05910e+01     2.10262e+01     1.97047e+01
   5.78004     1.99251e+01     2.06684e+01     2.10983e+01     1.98266e+01
   5.80458     1.99801e+01     2.07405e+01     2.12001e+01     1.98889e+01
   5.82913     2.00720e+01     2.07991e+01     2.12886e+01     2.00230e+01
   5.85367     2.01394e+01     2.09470e+01     2.13943e+01     2.00881e+01
   5.87821     2.01965e+01     2.10184e+01     2.14613e+01     2.01325e+01
   5.90276     2.02612e+01     2.10356e+01     2.15900e+01     2.02032e+01
   5.92730     2.02891e+01     2.11492e+01     2.16527e+01     2.03446e+01
   5.95185     2.03453e+01     2.12337e+01     2.17466e+01     2.03787e+01
   5.97639     2.04739e+01     2.13095e+01     2.18402e+01     2.04587e+01
   6.00093     2.05218e+01     2.13775e+01     2.19289e+01     2.05465e+01
   6.02548     2.05896e+01     2.14445e+01     2.20595e+01     2.06156e+01
   6.05002     2.06709e+01     2.15135e+01     2.20879e+01     2.06889e+01
   6.07456     2.06747e+01     2.15779e+01     2.22151e+01     2.07333e+01
   6.09911     2.07736e+01     2.16525e+01     2.22465e+01     2.07943e+01
   6.12365     2.08539e+01     2.17026e+01     2.23574e+01     2.08726e+01
   6.14819     2.08381e+01     2.17417e+01     2.24017e+01     2.09625e+01
   6.17274     2.08941e+01     2.18320e+01     2.25410e+01     2.10722e+01
   6.19728     2.09909e+01     2.19122e+01     2.25665e+01     2.10697e+01
   6.22183     2.09841e+01     2.19633e+01     2.26663e+01     2.11641e+01
   6.24637     2.10461e+01     2.20700e+01     2.27067e+01     2.12248e+01
   6.27091     2.10455e+01     2.20936e+01     2.27840e+01     2.12271e+01
