#        k       b1_x       b1_a            Pkmm
   0.00920    2.22423    2.22736     1.66233e+03
   0.01534    2.23613    2.23839     1.97689e+03
   0.02148    2.26637    2.26849     1.91637e+03
   0.02761    2.27783    2.28057     1.70883e+03
   0.03375    2.29903    2.30156     1.45970e+03
   0.03988    2.30360    2.30679     1.24091e+03
   0.04602    2.30464    2.30836     1.08138e+03
   0.05216    2.31632    2.32039     9.68953e+02
   0.05829    2.32040    2.32476     9.05765e+02
   0.06443    2.31556    2.32020     8.33585e+02
   0.07056    2.31892    2.32420     7.84152e+02
   0.07670    2.32876    2.33474     7.06591e+02
   0.08283    2.33020    2.33695     6.30540e+02
   0.08897    2.33445    2.34214     5.51972e+02
   0.09511    2.33076    2.33937     4.86923e+02
   0.10124    2.34429    2.35379     4.38877e+02
   0.10738    2.33731    2.34772     4.00048e+02
   0.11351    2.34405    2.35510     3.75337e+02
   0.11965    2.34564    2.35743     3.56556e+02
   0.12579    2.35039    2.36232     3.44555e+02
   0.13192    2.36262    2.37514     3.26990e+02
   0.13806    2.35728    2.37105     3.02775e+02
   0.14419    2.36556    2.38028     2.82153e+02
   0.15033    2.36417    2.38010     2.55991e+02
   0.15647    2.36424    2.38186     2.34525e+02
   0.16260    2.36938    2.38810     2.16251e+02
   0.16874    2.37528    2.39460     2.05087e+02
   0.17487    2.37549    2.39622     1.93333e+02
   0.18101    2.37238    2.39378     1.84251e+02
   0.18715    2.37959    2.40167     1.78613e+02
   0.19328    2.38445    2.40683     1.73453e+02
   0.19942    2.38194    2.40569     1.62937e+02
   0.20555    2.38841    2.41326     1.53331e+02
   0.21169    2.39131    2.41697     1.45098e+02
   0.21783    2.39513    2.42202     1.36415e+02
   0.22396    2.39800    2.42651     1.26383e+02
   0.23010    2.40477    2.43411     1.22364e+02
   0.23623    2.40766    2.43860     1.16543e+02
   0.24237    2.40351    2.43518     1.11171e+02
   0.24850    2.41009    2.44211     1.08776e+02
   0.25464    2.41256    2.44504     1.04837e+02
   0.26078    2.41595    2.45004     1.00258e+02
   0.26691    2.41534    2.45063     9.59210e+01
   0.27305    2.42224    2.45819     9.19566e+01
   0.27918    2.42822    2.46463     8.83718e+01
   0.28532    2.42880    2.46588     8.49314e+01
   0.29146    2.43368    2.47331     8.06006e+01
   0.29759    2.43461    2.47551     7.72716e+01
   0.30373    2.43984    2.48152     7.47731e+01
   0.30986    2.44355    2.48599     7.25743e+01
   0.31600    2.44104    2.48387     7.00677e+01
   0.32214    2.44756    2.49065     6.81895e+01
   0.32827    2.44368    2.48870     6.55668e+01
   0.33441    2.45285    2.49927     6.32609e+01
   0.34054    2.45318    2.50050     6.09556e+01
   0.34668    2.45943    2.50862     5.91969e+01
   0.35282    2.46130    2.51006     5.67687e+01
   0.35895    2.46682    2.51705     5.51379e+01
   0.36509    2.46679    2.51773     5.33568e+01
   0.37122    2.47130    2.52197     5.26447e+01
   0.37736    2.47864    2.53058     5.06798e+01
   0.38350    2.47903    2.53328     4.85457e+01
   0.38963    2.47720    2.53235     4.74665e+01
   0.39577    2.48374    2.53839     4.65468e+01
   0.40190    2.48462    2.54138     4.50613e+01
   0.40804    2.49099    2.54799     4.40206e+01
   0.41417    2.48687    2.54608     4.22118e+01
   0.42031    2.49499    2.55394     4.14290e+01
   0.42645    2.49935    2.55943     4.00084e+01
   0.43258    2.49597    2.55869     3.83692e+01
   0.43872    2.50015    2.56200     3.81106e+01
   0.44485    2.50121    2.56382     3.69885e+01
   0.45099    2.50535    2.56856     3.61769e+01
   0.45713    2.50747    2.57291     3.51261e+01
   0.46326    2.51055    2.57577     3.45151e+01
   0.46940    2.51540    2.58109     3.38299e+01
   0.47553    2.51719    2.58420     3.28114e+01
   0.48167    2.52065    2.58797     3.19790e+01
   0.48781    2.52087    2.58886     3.13039e+01
   0.49394    2.52665    2.59542     3.05804e+01
   0.50008    2.52685    2.59780     2.95702e+01
   0.50621    2.52831    2.59992     2.91338e+01
   0.51235    2.53002    2.60260     2.81460e+01
   0.51849    2.53270    2.60572     2.77258e+01
   0.52462    2.53305    2.60616     2.72484e+01
   0.53076    2.53766    2.61158     2.66532e+01
   0.53689    2.54000    2.61515     2.60183e+01
   0.54303    2.53839    2.61432     2.55440e+01
   0.54917    2.54523    2.62202     2.50240e+01
   0.55530    2.54649    2.62434     2.43791e+01
   0.56144    2.55108    2.62949     2.39928e+01
   0.56757    2.55001    2.62983     2.33169e+01
   0.57371    2.55274    2.63265     2.29453e+01
   0.57984    2.54961    2.63046     2.24925e+01
   0.58598    2.55544    2.63701     2.20810e+01
   0.59212    2.56049    2.64230     2.16792e+01
   0.59825    2.56164    2.64381     2.12777e+01
   0.60439    2.56532    2.64796     2.10449e+01
   0.61052    2.56300    2.64713     2.04578e+01
   0.61666    2.56840    2.65349     2.02183e+01
   0.62280    2.56861    2.65437     1.96918e+01
   0.62893    2.57184    2.65844     1.93149e+01
   0.63507    2.57670    2.66327     1.90713e+01
   0.64120    2.57681    2.66370     1.87547e+01
   0.64734    2.58018    2.66821     1.84239e+01
   0.65348    2.58047    2.66984     1.80046e+01
   0.65961    2.57754    2.66741     1.77406e+01
   0.66575    2.58292    2.67284     1.74265e+01
   0.67188    2.58536    2.67694     1.71153e+01
   0.67802    2.58738    2.67899     1.68694e+01
   0.68416    2.59077    2.68317     1.65650e+01
   0.69029    2.59313    2.68693     1.62610e+01
   0.69643    2.59204    2.68550     1.60164e+01
   0.70256    2.59261    2.68705     1.57458e+01
   0.70870    2.59401    2.68973     1.54809e+01
   0.71484    2.59815    2.69366     1.52251e+01
   0.72097    2.59791    2.69364     1.50993e+01
   0.72711    2.60270    2.69990     1.48248e+01
   0.73324    2.60271    2.70037     1.44983e+01
   0.73938    2.60653    2.70508     1.43149e+01
   0.74551    2.60494    2.70377     1.41564e+01
   0.75165    2.60546    2.70450     1.39836e+01
   0.75779    2.60564    2.70568     1.37086e+01
   0.76392    2.60904    2.71008     1.34637e+01
   0.77006    2.61148    2.71238     1.32955e+01
   0.77619    2.61195    2.71302     1.31218e+01
   0.78233    2.61380    2.71527     1.30227e+01
   0.78847    2.61602    2.71832     1.27875e+01
   0.79460    2.61633    2.71993     1.25209e+01
   0.80074    2.61846    2.72227     1.24099e+01
   0.80687    2.61960    2.72415     1.21910e+01
   0.81301    2.61996    2.72480     1.20660e+01
   0.81915    2.62164    2.72714     1.18811e+01
   0.82528    2.62244    2.72817     1.17405e+01
   0.83142    2.62039    2.72730     1.15417e+01
   0.83755    2.62458    2.73158     1.14075e+01
   0.84369    2.62579    2.73309     1.12472e+01
   0.84983    2.62847    2.73669     1.10874e+01
   0.85596    2.62874    2.73809     1.09247e+01
   0.86210    2.63105    2.74006     1.08306e+01
   0.86823    2.63117    2.74092     1.06968e+01
   0.87437    2.63375    2.74390     1.05351e+01
   0.88050    2.63430    2.74497     1.04269e+01
   0.88664    2.63428    2.74528     1.02587e+01
   0.89278    2.63425    2.74508     1.01558e+01
   0.89891    2.63268    2.74542     1.00086e+01
   0.90505    2.63542    2.74825     9.86715e+00
   0.91118    2.63544    2.74848     9.79822e+00
   0.91732    2.63794    2.75101     9.67340e+00
   0.92346    2.63553    2.74987     9.51660e+00
   0.92959    2.63895    2.75331     9.42666e+00
   0.93573    2.63845    2.75337     9.30162e+00
   0.94186    2.63981    2.75542     9.22204e+00
   0.94800    2.63821    2.75458     9.08667e+00
   0.95414    2.64211    2.75847     8.99028e+00
   0.96027    2.64457    2.76137     8.87707e+00
   0.96641    2.64424    2.76109     8.81553e+00
   0.97254    2.64301    2.76099     8.68581e+00
   0.97868    2.64382    2.76191     8.59452e+00
   0.98482    2.64501    2.76356     8.49708e+00
   0.99095    2.64582    2.76494     8.43110e+00
   0.99709    2.64378    2.76448     8.28632e+00
   1.00322    2.64711    2.76757     8.19018e+00
   1.00936    2.64543    2.76516     8.12449e+00
   1.01550    2.64603    2.76759     7.99828e+00
   1.02163    2.64612    2.76724     7.93059e+00
   1.02777    2.64885    2.77064     7.87577e+00
   1.03390    2.64797    2.77011     7.79132e+00
   1.04004    2.64881    2.77128     7.71983e+00
   1.04617    2.65036    2.77310     7.62085e+00
   1.05231    2.64651    2.77012     7.54994e+00
   1.05845    2.65043    2.77350     7.46971e+00
   1.06458    2.64955    2.77373     7.38004e+00
   1.07072    2.64963    2.77476     7.27468e+00
   1.07685    2.65031    2.77547     7.21981e+00
   1.08299    2.64831    2.77390     7.16129e+00
   1.08913    2.64941    2.77599     7.06094e+00
   1.09526    2.64672    2.77272     7.03068e+00
   1.10140    2.64998    2.77603     6.95844e+00
   1.10753    2.65126    2.77841     6.87987e+00
   1.11367    2.64920    2.77660     6.82560e+00
   1.11981    2.64820    2.77549     6.75858e+00
   1.12594    2.65144    2.77943     6.67819e+00
   1.13208    2.64978    2.77831     6.61515e+00
   1.13821    2.64699    2.77573     6.55119e+00
   1.14435    2.64885    2.77858     6.46707e+00
   1.15049    2.64814    2.77788     6.41770e+00
   1.15662    2.65041    2.77982     6.38004e+00
   1.16276    2.64968    2.77988     6.30213e+00
   1.16889    2.64903    2.77914     6.25913e+00
   1.17503    2.64881    2.77963     6.19033e+00
   1.18117    2.64809    2.77924     6.13667e+00
   1.18730    2.64897    2.78018     6.06368e+00
   1.19344    2.64789    2.78009     6.01706e+00
   1.19957    2.64677    2.77905     5.96642e+00
   1.20571    2.64687    2.77883     5.93684e+00
   1.21184    2.64471    2.77826     5.84036e+00
   1.21798    2.64518    2.77800     5.82695e+00
   1.22412    2.64648    2.77964     5.76868e+00
   1.23025    2.64237    2.77634     5.70834e+00
   1.23639    2.64348    2.77780     5.64890e+00
   1.24252    2.64518    2.77916     5.62741e+00
   1.24866    2.64384    2.77813     5.57511e+00
   1.25480    2.64421    2.77922     5.51612e+00
   1.26093    2.64433    2.77981     5.46380e+00
   1.26707    2.64057    2.77655     5.40294e+00
   1.27320    2.64065    2.77684     5.39376e+00
   1.27934    2.64007    2.77628     5.33527e+00
   1.28548    2.63915    2.77556     5.30157e+00
   1.29161    2.63962    2.77584     5.25909e+00
   1.29775    2.63682    2.77396     5.20064e+00
   1.30388    2.63803    2.77536     5.16971e+00
   1.31002    2.63611    2.77423     5.11376e+00
   1.31616    2.63692    2.77491     5.07390e+00
   1.32229    2.63751    2.77503     5.04258e+00
   1.32843    2.63434    2.77261     5.00612e+00
   1.33456    2.63377    2.77224     4.95495e+00
   1.34070    2.63070    2.76958     4.94045e+00
   1.34684    2.63363    2.77259     4.88982e+00
   1.35297    2.62876    2.76882     4.84264e+00
   1.35911    2.62999    2.76973     4.80263e+00
   1.36524    2.62812    2.76800     4.78201e+00
   1.37138    2.62734    2.76774     4.73504e+00
   1.37751    2.62619    2.76745     4.68360e+00
   1.38365    2.62594    2.76692     4.66119e+00
   1.38979    2.62603    2.76693     4.63251e+00
   1.39592    2.62213    2.76361     4.60190e+00
   1.40206    2.62238    2.76387     4.56500e+00
   1.40819    2.62017    2.76241     4.51181e+00
   1.41433    2.62032    2.76303     4.48446e+00
   1.42047    2.61823    2.76028     4.45954e+00
   1.42660    2.61743    2.75924     4.44168e+00
   1.43274    2.61687    2.75989     4.39938e+00
   1.43887    2.61577    2.75909     4.36704e+00
   1.44501    2.61254    2.75614     4.33350e+00
   1.45115    2.61167    2.75592     4.29851e+00
   1.45728    2.61040    2.75427     4.26624e+00
   1.46342    2.61133    2.75589     4.23084e+00
   1.46955    2.60761    2.75250     4.21026e+00
   1.47569    2.60740    2.75251     4.17436e+00
   1.48183    2.60495    2.75036     4.14236e+00
   1.48796    2.60439    2.74942     4.13035e+00
   1.49410    2.60446    2.75035     4.08311e+00
   1.50023    2.60108    2.74663     4.06989e+00
   1.50637    2.60115    2.74679     4.04418e+00
   1.51251    2.59934    2.74559     4.01506e+00
   1.51864    2.59637    2.74302     3.98111e+00
   1.52478    2.59368    2.74089     3.95438e+00
   1.53091    2.59351    2.74060     3.93550e+00
   1.53705    2.59282    2.74029     3.90903e+00
   1.54318    2.59000    2.73765     3.87889e+00
   1.54932    2.58957    2.73727     3.85874e+00
   1.55546    2.58745    2.73576     3.81784e+00
   1.56159    2.58648    2.73470     3.80435e+00
   1.56773    2.58421    2.73243     3.77666e+00
   1.57386    2.58067    2.72979     3.75084e+00
   1.58000    2.57984    2.72862     3.73731e+00
   1.58614    2.57768    2.72715     3.70067e+00
   1.59227    2.57607    2.72574     3.67294e+00
   1.59841    2.57467    2.72478     3.65568e+00
   1.60454    2.57328    2.72265     3.63494e+00
   1.61068    2.57086    2.72139     3.60489e+00
   1.61682    2.56818    2.71870     3.58951e+00
   1.62295    2.56693    2.71835     3.55202e+00
   1.62909    2.56616    2.71642     3.54555e+00
   1.63522    2.56458    2.71635     3.51025e+00
   1.64136    2.56111    2.71252     3.50167e+00
   1.64750    2.55953    2.71083     3.48108e+00
   1.65363    2.55669    2.70842     3.45685e+00
   1.65977    2.55466    2.70712     3.43303e+00
   1.66590    2.55344    2.70587     3.41604e+00
   1.67204    2.55058    2.70342     3.39278e+00
   1.67817    2.54841    2.70141     3.37872e+00
   1.68431    2.54530    2.69872     3.35303e+00
   1.69045    2.54485    2.69820     3.33723e+00
   1.69658    2.54264    2.69623     3.31327e+00
   1.70272    2.53874    2.69287     3.28896e+00
   1.70885    2.53719    2.69117     3.27923e+00
   1.71499    2.53722    2.69124     3.25744e+00
   1.72113    2.53387    2.68869     3.23474e+00
   1.72726    2.53155    2.68650     3.21807e+00
   1.73340    2.52970    2.68494     3.19884e+00
   1.73953    2.52531    2.68149     3.17682e+00
   1.74567    2.52413    2.68035     3.15238e+00
   1.75181    2.52231    2.67813     3.14483e+00
   1.75794    2.51814    2.67481     3.11785e+00
   1.76408    2.51817    2.67504     3.10453e+00
   1.77021    2.51397    2.67112     3.08650e+00
   1.77635    2.51228    2.66943     3.07587e+00
   1.78249    2.51007    2.66732     3.05707e+00
   1.78862    2.50806    2.66573     3.03661e+00
   1.79476    2.50558    2.66333     3.02331e+00
   1.80089    2.50295    2.66111     3.00325e+00
   1.80703    2.49932    2.65795     2.98767e+00
   1.81317    2.49770    2.65657     2.97474e+00
   1.81930    2.49519    2.65364     2.96301e+00
   1.82544    2.49330    2.65282     2.94069e+00
   1.83157    2.48991    2.64984     2.92064e+00
   1.83771    2.48771    2.64779     2.90203e+00
   1.84384    2.48416    2.64446     2.88900e+00
   1.84998    2.48121    2.64188     2.87710e+00
   1.85612    2.48025    2.64097     2.86111e+00
   1.86225    2.47618    2.63700     2.84799e+00
   1.86839    2.47202    2.63294     2.83652e+00
   1.87452    2.47068    2.63211     2.81936e+00
   1.88066    2.46863    2.63048     2.80051e+00
   1.88680    2.46533    2.62682     2.79165e+00
   1.89293    2.46131    2.62385     2.76883e+00
   1.89907    2.46145    2.62415     2.76235e+00
   1.90520    2.45846    2.62142     2.74538e+00
   1.91134    2.45498    2.61882     2.72612e+00
   1.91748    2.45267    2.61601     2.71483e+00
   1.92361    2.44885    2.61311     2.70266e+00
   1.92975    2.44554    2.60997     2.68753e+00
   1.93588    2.44215    2.60692     2.67864e+00
   1.94202    2.44011    2.60520     2.66274e+00
   1.94816    2.43663    2.60148     2.65353e+00
   1.95429    2.43457    2.59984     2.63565e+00
   1.96043    2.42953    2.59601     2.61464e+00
   1.96656    2.42801    2.59427     2.61306e+00
   1.97270    2.42456    2.59108     2.60003e+00
   1.97884    2.42235    2.58942     2.57813e+00
   1.98497    2.41864    2.58517     2.57671e+00
   1.99111    2.41596    2.58330     2.55639e+00
   1.99724    2.41362    2.58173     2.54574e+00
   2.00338    2.41093    2.57921     2.53967e+00
   2.00951    2.40583    2.57470     2.52211e+00
   2.01565    2.40370    2.57329     2.50384e+00
   2.02179    2.40122    2.57025     2.50070e+00
   2.02792    2.39766    2.56762     2.48355e+00
   2.03406    2.39336    2.56387     2.47225e+00
   2.04019    2.39110    2.56131     2.46563e+00
   2.04633    2.38719    2.55774     2.45176e+00
   2.05247    2.38273    2.55441     2.43911e+00
   2.05860    2.38054    2.55214     2.43005e+00
   2.06474    2.37811    2.54987     2.41978e+00
   2.07087    2.37629    2.54867     2.40453e+00
   2.07701    2.37182    2.54461     2.39700e+00
   2.08315    2.36848    2.54169     2.38544e+00
   2.08928    2.36515    2.53887     2.37115e+00
   2.09542    2.36208    2.53654     2.36054e+00
   2.10155    2.35714    2.53165     2.35206e+00
   2.10769    2.35506    2.52996     2.33912e+00
   2.11383    2.35214    2.52765     2.33011e+00
   2.11996    2.34868    2.52501     2.31853e+00
   2.12610    2.34430    2.52081     2.30773e+00
   2.13223    2.34157    2.51810     2.29965e+00
   2.13837    2.33667    2.51334     2.28793e+00
   2.14451    2.33368    2.51177     2.27360e+00
   2.15064    2.32967    2.50826     2.26464e+00
   2.15678    2.32666    2.50524     2.25645e+00
   2.16291    2.32406    2.50314     2.24582e+00
   2.16905    2.32048    2.50002     2.23727e+00
   2.17518    2.31765    2.49766     2.22674e+00
   2.18132    2.31334    2.49406     2.21769e+00
   2.18746    2.30862    2.49019     2.20450e+00
   2.19359    2.30581    2.48762     2.19676e+00
   2.19973    2.30137    2.48336     2.19135e+00
   2.20586    2.29909    2.48140     2.18340e+00
   2.21200    2.29637    2.47937     2.16935e+00
   2.21814    2.29027    2.47356     2.16376e+00
   2.22427    2.28773    2.47156     2.15259e+00
   2.23041    2.28409    2.46876     2.14209e+00
   2.23654    2.27972    2.46488     2.13600e+00
   2.24268    2.27639    2.46233     2.12400e+00
   2.24882    2.27329    2.45961     2.11977e+00
   2.25495    2.27015    2.45743     2.10548e+00
   2.26109    2.26609    2.45367     2.09886e+00
   2.26722    2.26250    2.45047     2.09044e+00
   2.27336    2.25938    2.44852     2.08158e+00
   2.27950    2.25477    2.44413     2.07117e+00
   2.28563    2.25172    2.44190     2.06191e+00
   2.29177    2.24607    2.43726     2.05252e+00
   2.29790    2.24292    2.43388     2.04902e+00
   2.30404    2.23942    2.43115     2.03742e+00
   2.31018    2.23455    2.42781     2.02693e+00
   2.31631    2.23281    2.42559     2.02507e+00
   2.32245    2.22730    2.42121     2.01064e+00
   2.32858    2.22493    2.41949     2.00929e+00
   2.33472    2.22046    2.41610     1.99453e+00
   2.34085    2.21609    2.41190     1.98885e+00
   2.34699    2.21287    2.40975     1.98040e+00
   2.35313    2.20769    2.40531     1.97261e+00
   2.35926    2.20416    2.40173     1.96580e+00
   2.36540    2.20205    2.40057     1.95882e+00
   2.37153    2.19693    2.39623     1.95376e+00
   2.37767    2.19417    2.39411     1.94503e+00
   2.38381    2.18814    2.38925     1.93961e+00
   2.38994    2.18408    2.38619     1.92752e+00
   2.39608    2.18193    2.38435     1.91983e+00
   2.40221    2.17670    2.38004     1.91289e+00
   2.40835    2.17166    2.37556     1.90825e+00
   2.41449    2.16827    2.37319     1.89637e+00
   2.42062    2.16429    2.37018     1.88932e+00
   2.42676    2.16169    2.36796     1.88310e+00
   2.43289    2.15573    2.36323     1.87433e+00
   2.43903    2.15255    2.36079     1.86752e+00
   2.44517    2.14775    2.35683     1.86097e+00
   2.45130    2.14358    2.35397     1.85390e+00
   2.45744    2.14101    2.35191     1.84938e+00
   2.46357    2.13530    2.34713     1.84160e+00
   2.46971    2.13115    2.34336     1.83671e+00
   2.47584    2.12749    2.34068     1.82827e+00
   2.48198    2.12411    2.33828     1.81976e+00
   2.48812    2.11899    2.33499     1.81176e+00
   2.49425    2.11483    2.33083     1.80913e+00
   2.50039    2.11106    2.32907     1.79651e+00
   2.50652    2.10437    2.32291     1.79440e+00
   2.51266    2.10164    2.32050     1.79148e+00
   2.51880    2.09835    2.31843     1.78255e+00
   2.52493    2.09456    2.31568     1.77342e+00
   2.53107    2.08896    2.31109     1.76970e+00
   2.53720    2.08524    2.30842     1.76251e+00
   2.54334    2.08124    2.30511     1.75667e+00
   2.54948    2.07694    2.30235     1.74980e+00
   2.55561    2.07272    2.29946     1.74291e+00
   2.56175    2.06901    2.29647     1.73560e+00
   2.56788    2.06460    2.29304     1.73147e+00
   2.57402    2.05992    2.28997     1.72219e+00
   2.58016    2.05582    2.28677     1.71772e+00
   2.58629    2.05119    2.28314     1.71264e+00
   2.59243    2.04670    2.27968     1.70607e+00
   2.59856    2.04294    2.27775     1.69789e+00
   2.60470    2.03699    2.27245     1.69553e+00
   2.61084    2.03432    2.27074     1.68909e+00
   2.61697    2.02932    2.26696     1.68445e+00
   2.62311    2.02403    2.26354     1.67628e+00
   2.62924    2.02172    2.26175     1.67196e+00
   2.63538    2.01601    2.25762     1.66254e+00
   2.64151    2.01189    2.25444     1.65925e+00
   2.64765    2.00700    2.25145     1.65274e+00
   2.65379    2.00432    2.24939     1.64740e+00
   2.65992    1.99873    2.24596     1.64239e+00
   2.66606    1.99438    2.24252     1.63683e+00
   2.67219    1.98846    2.23838     1.63009e+00
   2.67833    1.98550    2.23624     1.62386e+00
   2.68447    1.97991    2.23204     1.62129e+00
   2.69060    1.97642    2.22961     1.61506e+00
   2.69674    1.97123    2.22726     1.60806e+00
   2.70287    1.96685    2.22348     1.60414e+00
   2.70901    1.96326    2.22151     1.59596e+00
   2.71515    1.95850    2.21783     1.59271e+00
   2.72128    1.95335    2.21418     1.58788e+00
   2.72742    1.94980    2.21235     1.58121e+00
   2.73355    1.94572    2.20940     1.57813e+00
   2.73969    1.93984    2.20463     1.57289e+00
   2.74583    1.93533    2.20235     1.56487e+00
   2.75196    1.93060    2.19948     1.56256e+00
   2.75810    1.92672    2.19690     1.55751e+00
   2.76423    1.92147    2.19344     1.55220e+00
   2.77037    1.91720    2.19076     1.54559e+00
   2.77651    1.91264    2.18758     1.54247e+00
   2.78264    1.90784    2.18472     1.53576e+00
   2.78878    1.90532    2.18353     1.52966e+00
   2.79491    1.89878    2.17924     1.52562e+00
   2.80105    1.89471    2.17662     1.52129e+00
   2.80718    1.88987    2.17345     1.51891e+00
   2.81332    1.88527    2.17075     1.51288e+00
   2.81946    1.88063    2.16772     1.50815e+00
   2.82559    1.87657    2.16509     1.50399e+00
   2.83173    1.87218    2.16217     1.49987e+00
   2.83786    1.86670    2.15888     1.49480e+00
   2.84400    1.86157    2.15634     1.48857e+00
   2.85014    1.85842    2.15420     1.48627e+00
   2.85627    1.85301    2.15105     1.47911e+00
   2.86241    1.84706    2.14721     1.47622e+00
   2.86854    1.84441    2.14678     1.46964e+00
   2.87468    1.83910    2.14337     1.46436e+00
   2.88082    1.83381    2.14002     1.46048e+00
   2.88695    1.83015    2.13808     1.45741e+00
   2.89309    1.82413    2.13456     1.45263e+00
   2.89922    1.82066    2.13313     1.44644e+00
   2.90536    1.81427    2.12846     1.44393e+00
   2.91150    1.81115    2.12756     1.43925e+00
   2.91763    1.80655    2.12477     1.43533e+00
   2.92377    1.80130    2.12201     1.42973e+00
   2.92990    1.79717    2.11978     1.42743e+00
   2.93604    1.79158    2.11697     1.42322e+00
   2.94218    1.78691    2.11423     1.41770e+00
   2.94831    1.78339    2.11250     1.41276e+00
   2.95445    1.77965    2.11042     1.41086e+00
   2.96058    1.77351    2.10788     1.40384e+00
   2.96672    1.76819    2.10481     1.39987e+00
   2.97285    1.76442    2.10319     1.39706e+00
   2.97899    1.75962    2.10024     1.39339e+00
   2.98513    1.75388    2.09785     1.38541e+00
   2.99126    1.74789    2.09400     1.38411e+00
   2.99740    1.74519    2.09323     1.38076e+00
   3.00353    1.74050    2.09117     1.37563e+00
   3.00967    1.73628    2.08921     1.37213e+00
   3.01581    1.73041    2.08626     1.36726e+00
   3.02194    1.72608    2.08336     1.36619e+00
   3.02808    1.72144    2.08238     1.35948e+00
   3.03421    1.71605    2.07950     1.35483e+00
   3.04035    1.71153    2.07813     1.35276e+00
   3.04649    1.70576    2.07504     1.34901e+00
   3.05262    1.70233    2.07330     1.34484e+00
   3.05876    1.69639    2.07083     1.33801e+00
   3.06489    1.69183    2.06908     1.33666e+00
   3.07103    1.68868    2.06816     1.33205e+00
   3.07717    1.68298    2.06523     1.32923e+00
   3.08330    1.67832    2.06402     1.32427e+00
   3.08944    1.67304    2.06188     1.32051e+00
   3.09557    1.66799    2.05865     1.31790e+00
   3.10171    1.66393    2.05772     1.31409e+00
   3.10785    1.65907    2.05510     1.31205e+00
   3.11398    1.65366    2.05329     1.30639e+00
   3.12012    1.64933    2.05231     1.30202e+00
   3.12625    1.64467    2.05057     1.29846e+00
   3.13239    1.63898    2.04853     1.29341e+00
   3.13852    1.63580    2.04719     1.29275e+00
