#        k       b1_x       b1_a            Pkmm
   0.00920    0.30925    0.38972     9.39010e+02
   0.01534    0.20700    0.25544     1.11625e+03
   0.02148    0.18027    0.22730     1.08551e+03
   0.02761    0.14708    0.19509     9.66807e+02
   0.03375    0.14312    0.17950     8.24689e+02
   0.03988    0.12199    0.16132     7.01905e+02
   0.04602    0.10100    0.14580     6.11826e+02
   0.05216    0.10078    0.14093     5.48666e+02
   0.05829    0.08906    0.13210     5.11632e+02
   0.06443    0.07939    0.12172     4.72421e+02
   0.07056    0.07500    0.11434     4.42941e+02
   0.07670    0.06820    0.10678     3.99648e+02
   0.08283    0.06503    0.10602     3.56110e+02
   0.08897    0.06120    0.10503     3.12478e+02
   0.09511    0.05322    0.10106     2.75447e+02
   0.10124    0.05112    0.09824     2.47748e+02
   0.10738    0.04998    0.09804     2.26111e+02
   0.11351    0.04863    0.09561     2.12286e+02
   0.11965    0.04448    0.09005     2.01776e+02
   0.12579    0.04466    0.08852     1.94517e+02
   0.13192    0.04238    0.08679     1.84477e+02
   0.13806    0.03991    0.08487     1.71064e+02
   0.14419    0.03914    0.08587     1.58745e+02
   0.15033    0.03883    0.08411     1.44233e+02
   0.15647    0.03543    0.08369     1.31868e+02
   0.16260    0.03373    0.08367     1.21522e+02
   0.16874    0.03340    0.08296     1.14794e+02
   0.17487    0.03234    0.08321     1.08428e+02
   0.18101    0.03156    0.08141     1.03516e+02
   0.18715    0.03112    0.08060     1.00283e+02
   0.19328    0.03048    0.07889     9.71092e+01
   0.19942    0.02908    0.07800     9.14698e+01
   0.20555    0.02774    0.07817     8.60457e+01
   0.21169    0.02894    0.07834     8.11760e+01
   0.21783    0.02548    0.07731     7.61322e+01
   0.22396    0.02724    0.07852     7.06956e+01
   0.23010    0.02548    0.07759     6.80269e+01
   0.23623    0.02493    0.07715     6.47919e+01
   0.24237    0.02506    0.07687     6.20319e+01
   0.24850    0.02339    0.07515     6.04557e+01
   0.25464    0.02350    0.07582     5.82194e+01
   0.26078    0.02258    0.07467     5.57764e+01
   0.26691    0.02141    0.07414     5.33442e+01
   0.27305    0.02293    0.07477     5.10701e+01
   0.27918    0.02138    0.07407     4.88595e+01
   0.28532    0.02111    0.07425     4.68494e+01
   0.29146    0.02107    0.07447     4.44908e+01
   0.29759    0.01996    0.07437     4.26221e+01
   0.30373    0.01901    0.07401     4.12003e+01
   0.30986    0.01952    0.07353     3.99105e+01
   0.31600    0.01879    0.07357     3.85855e+01
   0.32214    0.01921    0.07367     3.74830e+01
   0.32827    0.01841    0.07301     3.60424e+01
   0.33441    0.01822    0.07275     3.47624e+01
   0.34054    0.01874    0.07286     3.34409e+01
   0.34668    0.01765    0.07317     3.23915e+01
   0.35282    0.01722    0.07290     3.10780e+01
   0.35895    0.01694    0.07248     3.00924e+01
   0.36509    0.01771    0.07279     2.91453e+01
   0.37122    0.01634    0.07235     2.85838e+01
   0.37736    0.01710    0.07258     2.75463e+01
   0.38350    0.01648    0.07263     2.64536e+01
   0.38963    0.01606    0.07217     2.58584e+01
   0.39577    0.01586    0.07176     2.52377e+01
   0.40190    0.01600    0.07184     2.44137e+01
   0.40804    0.01492    0.07169     2.37835e+01
   0.41417    0.01461    0.07200     2.28408e+01
   0.42031    0.01509    0.07171     2.23605e+01
   0.42645    0.01444    0.07154     2.15887e+01
   0.43258    0.01466    0.07190     2.07574e+01
   0.43872    0.01436    0.07143     2.05192e+01
   0.44485    0.01448    0.07121     1.99129e+01
   0.45099    0.01388    0.07126     1.94352e+01
   0.45713    0.01340    0.07136     1.88566e+01
   0.46326    0.01393    0.07109     1.84810e+01
   0.46940    0.01383    0.07080     1.81073e+01
   0.47553    0.01337    0.07116     1.75208e+01
   0.48167    0.01377    0.07161     1.70396e+01
   0.48781    0.01308    0.07110     1.66931e+01
   0.49394    0.01321    0.07066     1.62493e+01
   0.50008    0.01296    0.07089     1.57473e+01
   0.50621    0.01279    0.07071     1.54896e+01
   0.51235    0.01243    0.07110     1.49968e+01
   0.51849    0.01236    0.07075     1.47213e+01
   0.52462    0.01275    0.07069     1.44334e+01
   0.53076    0.01239    0.07052     1.41144e+01
   0.53689    0.01191    0.07056     1.37340e+01
   0.54303    0.01198    0.07020     1.34878e+01
   0.54917    0.01225    0.07028     1.31892e+01
   0.55530    0.01154    0.07058     1.28696e+01
   0.56144    0.01199    0.07011     1.26183e+01
   0.56757    0.01156    0.07053     1.22607e+01
   0.57371    0.01121    0.07016     1.20737e+01
   0.57984    0.01123    0.07029     1.17966e+01
   0.58598    0.01115    0.07037     1.15457e+01
   0.59212    0.01093    0.06986     1.13508e+01
   0.59825    0.01082    0.06968     1.11281e+01
   0.60439    0.01122    0.06954     1.09811e+01
   0.61052    0.01120    0.06990     1.06660e+01
   0.61666    0.01118    0.06960     1.05240e+01
   0.62280    0.01069    0.06984     1.02241e+01
   0.62893    0.01061    0.06982     1.00293e+01
   0.63507    0.01042    0.06958     9.89203e+00
   0.64120    0.01072    0.06948     9.71265e+00
   0.64734    0.00991    0.06919     9.52428e+00
   0.65348    0.01024    0.06954     9.31847e+00
   0.65961    0.00990    0.06938     9.16631e+00
   0.66575    0.00973    0.06928     8.99377e+00
   0.67188    0.00993    0.06929     8.81515e+00
   0.67802    0.00995    0.06931     8.68447e+00
   0.68416    0.00960    0.06930     8.51747e+00
   0.69029    0.01000    0.06925     8.35641e+00
   0.69643    0.00989    0.06917     8.21353e+00
   0.70256    0.00959    0.06900     8.07257e+00
   0.70870    0.00958    0.06899     7.91759e+00
   0.71484    0.00933    0.06905     7.77227e+00
   0.72097    0.00966    0.06871     7.69892e+00
   0.72711    0.00904    0.06881     7.54159e+00
   0.73324    0.00910    0.06870     7.39563e+00
   0.73938    0.00925    0.06869     7.29150e+00
   0.74551    0.00916    0.06869     7.19000e+00
   0.75165    0.00912    0.06834     7.10131e+00
   0.75779    0.00905    0.06849     6.95956e+00
   0.76392    0.00910    0.06851     6.81370e+00
   0.77006    0.00876    0.06820     6.71142e+00
   0.77619    0.00865    0.06839     6.62041e+00
   0.78233    0.00872    0.06802     6.55988e+00
   0.78847    0.00883    0.06796     6.44750e+00
   0.79460    0.00878    0.06827     6.30723e+00
   0.80074    0.00858    0.06787     6.22087e+00
   0.80687    0.00848    0.06805     6.12420e+00
   0.81301    0.00844    0.06793     6.05577e+00
   0.81915    0.00845    0.06765     5.95653e+00
   0.82528    0.00845    0.06776     5.87327e+00
   0.83142    0.00820    0.06770     5.77256e+00
   0.83755    0.00820    0.06777     5.68301e+00
   0.84369    0.00803    0.06765     5.60809e+00
   0.84983    0.00812    0.06762     5.51897e+00
   0.85596    0.00808    0.06745     5.44160e+00
   0.86210    0.00811    0.06731     5.38505e+00
   0.86823    0.00796    0.06735     5.30589e+00
   0.87437    0.00795    0.06715     5.22501e+00
   0.88050    0.00783    0.06718     5.16154e+00
   0.88664    0.00788    0.06716     5.06680e+00
   0.89278    0.00777    0.06721     5.01147e+00
   0.89891    0.00763    0.06687     4.94331e+00
   0.90505    0.00781    0.06708     4.85962e+00
   0.91118    0.00755    0.06676     4.82467e+00
   0.91732    0.00762    0.06678     4.75921e+00
   0.92346    0.00754    0.06683     4.67381e+00
   0.92959    0.00766    0.06653     4.63176e+00
   0.93573    0.00762    0.06653     4.56305e+00
   0.94186    0.00720    0.06655     4.50740e+00
   0.94800    0.00750    0.06645     4.44766e+00
   0.95414    0.00729    0.06640     4.39715e+00
   0.96027    0.00744    0.06645     4.33206e+00
   0.96641    0.00730    0.06621     4.29216e+00
   0.97254    0.00714    0.06608     4.23924e+00
   0.97868    0.00733    0.06611     4.17860e+00
   0.98482    0.00717    0.06617     4.12114e+00
   0.99095    0.00715    0.06601     4.08169e+00
   0.99709    0.00699    0.06589     4.02558e+00
   1.00322    0.00700    0.06593     3.96552e+00
   1.00936    0.00707    0.06586     3.92543e+00
   1.01550    0.00707    0.06565     3.87953e+00
   1.02163    0.00679    0.06562     3.83581e+00
   1.02777    0.00674    0.06547     3.79916e+00
   1.03390    0.00693    0.06526     3.75434e+00
   1.04004    0.00662    0.06523     3.71104e+00
   1.04617    0.00679    0.06539     3.66710e+00
   1.05231    0.00669    0.06518     3.62544e+00
   1.05845    0.00681    0.06520     3.57566e+00
   1.06458    0.00654    0.06507     3.53392e+00
   1.07072    0.00647    0.06524     3.47820e+00
   1.07685    0.00658    0.06493     3.45318e+00
   1.08299    0.00639    0.06492     3.41616e+00
   1.08913    0.00651    0.06492     3.37291e+00
   1.09526    0.00660    0.06477     3.35330e+00
   1.10140    0.00658    0.06447     3.30908e+00
   1.10753    0.00629    0.06459     3.27708e+00
   1.11367    0.00634    0.06443     3.24426e+00
   1.11981    0.00646    0.06427     3.21018e+00
   1.12594    0.00627    0.06436     3.16157e+00
   1.13208    0.00607    0.06409     3.13269e+00
   1.13821    0.00643    0.06418     3.09950e+00
   1.14435    0.00618    0.06419     3.05815e+00
   1.15049    0.00624    0.06399     3.02597e+00
   1.15662    0.00619    0.06388     3.00759e+00
   1.16276    0.00612    0.06377     2.96882e+00
   1.16889    0.00610    0.06372     2.94573e+00
   1.17503    0.00598    0.06366     2.90954e+00
   1.18117    0.00616    0.06346     2.88099e+00
   1.18730    0.00595    0.06363     2.83758e+00
   1.19344    0.00603    0.06367     2.81591e+00
   1.19957    0.00606    0.06328     2.79769e+00
   1.20571    0.00592    0.06319     2.77233e+00
   1.21184    0.00596    0.06333     2.72904e+00
   1.21798    0.00586    0.06297     2.72360e+00
   1.22412    0.00582    0.06295     2.68807e+00
   1.23025    0.00583    0.06288     2.65755e+00
   1.23639    0.00590    0.06283     2.62916e+00
   1.24252    0.00581    0.06260     2.61473e+00
   1.24866    0.00583    0.06255     2.59068e+00
   1.25480    0.00580    0.06256     2.55655e+00
   1.26093    0.00579    0.06248     2.53510e+00
   1.26707    0.00574    0.06245     2.50661e+00
   1.27320    0.00566    0.06223     2.49613e+00
   1.27934    0.00560    0.06221     2.46744e+00
   1.28548    0.00566    0.06209     2.45061e+00
   1.29161    0.00563    0.06195     2.42805e+00
   1.29775    0.00559    0.06198     2.39348e+00
   1.30388    0.00564    0.06183     2.37967e+00
   1.31002    0.00566    0.06182     2.35057e+00
   1.31616    0.00558    0.06168     2.33136e+00
   1.32229    0.00553    0.06153     2.31290e+00
   1.32843    0.00551    0.06135     2.30046e+00
   1.33456    0.00538    0.06150     2.26793e+00
   1.34070    0.00533    0.06120     2.25952e+00
   1.34684    0.00544    0.06119     2.23404e+00
   1.35297    0.00533    0.06103     2.21402e+00
   1.35911    0.00545    0.06112     2.18624e+00
   1.36524    0.00521    0.06090     2.17387e+00
   1.37138    0.00537    0.06084     2.16090e+00
   1.37751    0.00527    0.06080     2.13268e+00
   1.38365    0.00517    0.06059     2.11519e+00
   1.38979    0.00531    0.06050     2.10003e+00
   1.39592    0.00517    0.06044     2.08487e+00
   1.40206    0.00528    0.06032     2.06893e+00
   1.40819    0.00524    0.06032     2.04486e+00
   1.41433    0.00524    0.06019     2.03133e+00
   1.42047    0.00523    0.05995     2.01617e+00
   1.42660    0.00497    0.05990     2.00117e+00
   1.43274    0.00506    0.05987     1.97894e+00
   1.43887    0.00521    0.05968     1.96640e+00
   1.44501    0.00496    0.05960     1.95393e+00
   1.45115    0.00505    0.05953     1.93420e+00
   1.45728    0.00512    0.05949     1.91422e+00
   1.46342    0.00505    0.05938     1.90022e+00
   1.46955    0.00505    0.05916     1.88715e+00
   1.47569    0.00494    0.05922     1.86935e+00
   1.48183    0.00478    0.05899     1.85732e+00
   1.48796    0.00484    0.05895     1.84552e+00
   1.49410    0.00491    0.05896     1.82343e+00
   1.50023    0.00487    0.05870     1.81592e+00
   1.50637    0.00470    0.05857     1.80344e+00
   1.51251    0.00490    0.05860     1.78839e+00
   1.51864    0.00471    0.05835     1.77337e+00
   1.52478    0.00470    0.05830     1.75823e+00
   1.53091    0.00472    0.05814     1.75043e+00
   1.53705    0.00484    0.05818     1.73251e+00
   1.54318    0.00466    0.05800     1.72177e+00
   1.54932    0.00456    0.05800     1.70550e+00
   1.55546    0.00461    0.05781     1.69114e+00
   1.56159    0.00473    0.05783     1.67824e+00
   1.56773    0.00460    0.05768     1.66524e+00
   1.57386    0.00455    0.05751     1.65686e+00
   1.58000    0.00451    0.05739     1.64679e+00
   1.58614    0.00448    0.05735     1.63118e+00
   1.59227    0.00448    0.05729     1.61808e+00
   1.59841    0.00458    0.05715     1.60844e+00
   1.60454    0.00432    0.05714     1.59208e+00
   1.61068    0.00442    0.05687     1.58481e+00
   1.61682    0.00444    0.05687     1.57009e+00
   1.62295    0.00444    0.05679     1.55898e+00
   1.62909    0.00436    0.05659     1.55250e+00
   1.63522    0.00439    0.05661     1.53809e+00
   1.64136    0.00451    0.05646     1.52602e+00
   1.64750    0.00441    0.05621     1.52065e+00
   1.65363    0.00438    0.05619     1.50857e+00
   1.65977    0.00422    0.05611     1.49576e+00
   1.66590    0.00427    0.05592     1.48773e+00
   1.67204    0.00433    0.05582     1.47651e+00
   1.67817    0.00421    0.05577     1.46789e+00
   1.68431    0.00416    0.05566     1.45529e+00
   1.69045    0.00428    0.05560     1.44645e+00
   1.69658    0.00420    0.05548     1.43625e+00
   1.70272    0.00414    0.05534     1.42744e+00
   1.70885    0.00421    0.05513     1.42375e+00
   1.71499    0.00416    0.05510     1.40641e+00
   1.72113    0.00421    0.05500     1.39787e+00
   1.72726    0.00405    0.05493     1.38833e+00
   1.73340    0.00414    0.05481     1.37990e+00
   1.73953    0.00414    0.05488     1.36745e+00
   1.74567    0.00412    0.05469     1.35789e+00
   1.75181    0.00406    0.05454     1.35309e+00
   1.75794    0.00410    0.05441     1.34225e+00
   1.76408    0.00405    0.05439     1.33311e+00
   1.77021    0.00397    0.05417     1.32580e+00
   1.77635    0.00409    0.05407     1.31746e+00
   1.78249    0.00404    0.05390     1.31002e+00
   1.78862    0.00402    0.05383     1.30162e+00
   1.79476    0.00385    0.05372     1.29225e+00
   1.80089    0.00397    0.05364     1.28445e+00
   1.80703    0.00397    0.05355     1.27824e+00
   1.81317    0.00392    0.05335     1.27001e+00
   1.81930    0.00397    0.05327     1.26254e+00
   1.82544    0.00390    0.05325     1.25263e+00
   1.83157    0.00389    0.05306     1.24516e+00
   1.83771    0.00384    0.05293     1.23584e+00
   1.84384    0.00385    0.05283     1.22837e+00
   1.84998    0.00390    0.05272     1.22347e+00
   1.85612    0.00378    0.05270     1.21239e+00
   1.86225    0.00379    0.05246     1.21016e+00
   1.86839    0.00384    0.05234     1.20199e+00
   1.87452    0.00368    0.05228     1.19642e+00
   1.88066    0.00372    0.05225     1.18377e+00
   1.88680    0.00378    0.05210     1.17797e+00
   1.89293    0.00364    0.05191     1.17160e+00
   1.89907    0.00373    0.05186     1.16492e+00
   1.90520    0.00370    0.05181     1.15689e+00
   1.91134    0.00378    0.05169     1.14916e+00
   1.91748    0.00370    0.05151     1.14584e+00
   1.92361    0.00365    0.05139     1.13774e+00
   1.92975    0.00359    0.05133     1.12938e+00
   1.93588    0.00365    0.05116     1.12600e+00
   1.94202    0.00364    0.05115     1.11647e+00
   1.94816    0.00363    0.05100     1.11072e+00
   1.95429    0.00365    0.05097     1.10330e+00
   1.96043    0.00362    0.05079     1.09434e+00
   1.96656    0.00350    0.05060     1.09144e+00
   1.97270    0.00354    0.05052     1.08572e+00
   1.97884    0.00352    0.05041     1.08036e+00
   1.98497    0.00355    0.05028     1.07397e+00
   1.99111    0.00354    0.05024     1.06581e+00
   1.99724    0.00348    0.05009     1.06132e+00
   2.00338    0.00349    0.04992     1.05872e+00
   2.00951    0.00344    0.04989     1.04967e+00
   2.01565    0.00347    0.04975     1.04231e+00
   2.02179    0.00351    0.04967     1.03879e+00
   2.02792    0.00337    0.04951     1.03083e+00
   2.03406    0.00342    0.04947     1.02499e+00
   2.04019    0.00337    0.04929     1.02130e+00
   2.04633    0.00347    0.04923     1.01419e+00
   2.05247    0.00334    0.04903     1.01014e+00
   2.05860    0.00338    0.04899     1.00446e+00
   2.06474    0.00335    0.04883     9.99220e-01
   2.07087    0.00337    0.04876     9.93946e-01
   2.07701    0.00330    0.04859     9.90513e-01
   2.08315    0.00327    0.04858     9.81503e-01
   2.08928    0.00325    0.04840     9.76679e-01
   2.09542    0.00331    0.04838     9.71128e-01
   2.10155    0.00332    0.04825     9.66208e-01
   2.10769    0.00324    0.04807     9.63844e-01
   2.11383    0.00327    0.04801     9.56862e-01
   2.11996    0.00330    0.04790     9.51230e-01
   2.12610    0.00324    0.04779     9.47815e-01
   2.13223    0.00319    0.04767     9.42575e-01
   2.13837    0.00318    0.04756     9.36190e-01
   2.14451    0.00319    0.04749     9.31455e-01
   2.15064    0.00315    0.04737     9.27003e-01
   2.15678    0.00323    0.04727     9.21630e-01
   2.16291    0.00312    0.04703     9.19267e-01
   2.16905    0.00311    0.04702     9.12869e-01
   2.17518    0.00314    0.04694     9.09854e-01
   2.18132    0.00308    0.04684     9.02662e-01
   2.18746    0.00304    0.04671     8.99173e-01
   2.19359    0.00311    0.04656     8.95281e-01
   2.19973    0.00304    0.04647     8.90582e-01
   2.20586    0.00308    0.04635     8.86554e-01
   2.21200    0.00307    0.04623     8.82126e-01
   2.21814    0.00305    0.04613     8.78091e-01
   2.22427    0.00303    0.04606     8.72768e-01
   2.23041    0.00302    0.04596     8.67039e-01
   2.23654    0.00295    0.04580     8.65090e-01
   2.24268    0.00293    0.04567     8.61071e-01
   2.24882    0.00302    0.04557     8.58073e-01
   2.25495    0.00294    0.04558     8.50048e-01
   2.26109    0.00298    0.04533     8.48057e-01
   2.26722    0.00290    0.04524     8.43923e-01
   2.27336    0.00287    0.04514     8.39758e-01
   2.27950    0.00292    0.04506     8.35647e-01
   2.28563    0.00285    0.04494     8.31291e-01
   2.29177    0.00283    0.04481     8.27951e-01
   2.29790    0.00289    0.04473     8.24135e-01
   2.30404    0.00282    0.04465     8.16575e-01
   2.31018    0.00289    0.04451     8.15611e-01
   2.31631    0.00288    0.04448     8.10326e-01
   2.32245    0.00285    0.04432     8.07863e-01
   2.32858    0.00280    0.04415     8.05373e-01
   2.33472    0.00282    0.04409     8.00171e-01
   2.34085    0.00285    0.04399     7.95967e-01
   2.34699    0.00281    0.04390     7.93558e-01
   2.35313    0.00276    0.04375     7.89611e-01
   2.35926    0.00275    0.04363     7.85789e-01
   2.36540    0.00274    0.04355     7.82411e-01
   2.37153    0.00276    0.04340     7.79729e-01
   2.37767    0.00276    0.04333     7.75121e-01
   2.38381    0.00272    0.04321     7.72134e-01
   2.38994    0.00267    0.04309     7.67913e-01
   2.39608    0.00266    0.04304     7.64018e-01
   2.40221    0.00266    0.04292     7.60799e-01
   2.40835    0.00267    0.04283     7.57168e-01
   2.41449    0.00264    0.04275     7.53233e-01
   2.42062    0.00265    0.04262     7.50594e-01
   2.42676    0.00269    0.04253     7.47481e-01
   2.43289    0.00264    0.04238     7.45070e-01
   2.43903    0.00264    0.04228     7.40581e-01
   2.44517    0.00262    0.04218     7.37790e-01
   2.45130    0.00259    0.04209     7.33513e-01
   2.45744    0.00259    0.04194     7.33046e-01
   2.46357    0.00257    0.04189     7.27793e-01
   2.46971    0.00255    0.04182     7.23986e-01
   2.47584    0.00262    0.04170     7.22660e-01
   2.48198    0.00253    0.04155     7.18009e-01
   2.48812    0.00253    0.04149     7.15586e-01
   2.49425    0.00251    0.04138     7.12396e-01
   2.50039    0.00254    0.04131     7.09187e-01
   2.50652    0.00248    0.04115     7.06799e-01
   2.51266    0.00250    0.04104     7.04157e-01
   2.51880    0.00244    0.04093     7.01266e-01
   2.52493    0.00246    0.04085     6.97946e-01
   2.53107    0.00241    0.04075     6.94799e-01
   2.53720    0.00243    0.04066     6.91831e-01
   2.54334    0.00240    0.04060     6.87739e-01
   2.54948    0.00247    0.04044     6.86168e-01
   2.55561    0.00243    0.04037     6.83036e-01
   2.56175    0.00239    0.04030     6.78497e-01
   2.56788    0.00237    0.04017     6.77799e-01
   2.57402    0.00240    0.04007     6.73742e-01
   2.58016    0.00238    0.04003     6.70230e-01
   2.58629    0.00236    0.03986     6.69387e-01
   2.59243    0.00240    0.03979     6.65509e-01
   2.59856    0.00234    0.03967     6.63202e-01
   2.60470    0.00237    0.03957     6.60996e-01
   2.61084    0.00233    0.03949     6.57775e-01
   2.61697    0.00236    0.03941     6.54711e-01
   2.62311    0.00231    0.03929     6.52708e-01
   2.62924    0.00231    0.03916     6.50503e-01
   2.63538    0.00232    0.03911     6.47813e-01
   2.64151    0.00232    0.03901     6.44033e-01
   2.64765    0.00227    0.03888     6.41582e-01
   2.65379    0.00231    0.03882     6.38915e-01
   2.65992    0.00227    0.03875     6.36475e-01
   2.66606    0.00220    0.03858     6.35421e-01
   2.67219    0.00224    0.03854     6.31913e-01
   2.67833    0.00224    0.03840     6.30245e-01
   2.68447    0.00223    0.03830     6.27287e-01
   2.69060    0.00225    0.03829     6.23419e-01
   2.69674    0.00218    0.03817     6.21235e-01
   2.70287    0.00219    0.03806     6.19108e-01
   2.70901    0.00218    0.03799     6.16769e-01
   2.71515    0.00216    0.03784     6.14873e-01
   2.72128    0.00219    0.03777     6.12699e-01
   2.72742    0.00215    0.03775     6.09058e-01
   2.73355    0.00217    0.03761     6.08315e-01
   2.73969    0.00215    0.03747     6.05928e-01
   2.74583    0.00215    0.03739     6.03773e-01
   2.75196    0.00217    0.03732     6.01032e-01
   2.75810    0.00210    0.03724     5.98938e-01
   2.76423    0.00206    0.03714     5.95977e-01
   2.77037    0.00209    0.03703     5.94117e-01
   2.77651    0.00204    0.03691     5.92963e-01
   2.78264    0.00207    0.03689     5.89208e-01
   2.78878    0.00204    0.03682     5.85690e-01
   2.79491    0.00206    0.03668     5.85279e-01
   2.80105    0.00204    0.03658     5.83268e-01
   2.80718    0.00204    0.03648     5.81456e-01
   2.81332    0.00206    0.03643     5.78859e-01
   2.81946    0.00201    0.03632     5.77072e-01
   2.82559    0.00205    0.03621     5.74918e-01
   2.83173    0.00198    0.03616     5.72815e-01
   2.83786    0.00200    0.03606     5.70349e-01
   2.84400    0.00197    0.03596     5.68642e-01
   2.85014    0.00198    0.03589     5.66669e-01
   2.85627    0.00199    0.03586     5.63492e-01
   2.86241    0.00198    0.03573     5.61691e-01
   2.86854    0.00197    0.03562     5.60274e-01
   2.87468    0.00194    0.03559     5.57494e-01
   2.88082    0.00191    0.03549     5.55870e-01
   2.88695    0.00190    0.03541     5.54208e-01
   2.89309    0.00195    0.03532     5.52214e-01
   2.89922    0.00190    0.03525     5.50214e-01
   2.90536    0.00189    0.03517     5.47574e-01
   2.91150    0.00193    0.03505     5.46944e-01
   2.91763    0.00189    0.03499     5.44446e-01
   2.92377    0.00187    0.03489     5.42859e-01
   2.92990    0.00186    0.03482     5.40461e-01
   2.93604    0.00187    0.03470     5.38856e-01
   2.94218    0.00187    0.03470     5.35960e-01
   2.94831    0.00185    0.03459     5.34442e-01
   2.95445    0.00182    0.03450     5.32980e-01
   2.96058    0.00181    0.03443     5.30981e-01
   2.96672    0.00182    0.03434     5.29036e-01
   2.97285    0.00182    0.03428     5.27079e-01
   2.97899    0.00181    0.03416     5.26329e-01
   2.98513    0.00180    0.03413     5.23284e-01
   2.99126    0.00180    0.03402     5.22092e-01
   2.99740    0.00179    0.03395     5.20100e-01
   3.00353    0.00176    0.03388     5.18186e-01
   3.00967    0.00176    0.03379     5.17019e-01
   3.01581    0.00180    0.03374     5.14974e-01
   3.02194    0.00177    0.03361     5.14184e-01
   3.02808    0.00174    0.03358     5.11442e-01
   3.03421    0.00173    0.03350     5.09612e-01
   3.04035    0.00173    0.03339     5.08504e-01
   3.04649    0.00171    0.03336     5.06095e-01
   3.05262    0.00171    0.03330     5.04212e-01
   3.05876    0.00171    0.03321     5.02343e-01
   3.06489    0.00172    0.03316     5.01124e-01
   3.07103    0.00174    0.03308     4.99576e-01
   3.07717    0.00165    0.03299     4.97372e-01
   3.08330    0.00167    0.03294     4.96100e-01
   3.08944    0.00169    0.03286     4.94384e-01
   3.09557    0.00166    0.03280     4.92813e-01
   3.10171    0.00167    0.03271     4.91505e-01
   3.10785    0.00165    0.03264     4.89902e-01
   3.11398    0.00160    0.03256     4.88390e-01
   3.12012    0.00167    0.03252     4.86106e-01
   3.12625    0.00160    0.03243     4.84930e-01
   3.13239    0.00158    0.03239     4.83414e-01
   3.13852    0.00162    0.03233     4.81378e-01
