#        k       b1_x       b1_a            Pkmm
   0.00920    3.82556    3.88812     9.39010e+02
   0.01534    3.24443    3.30828     1.11625e+03
   0.02148    2.65655    2.72017     1.08551e+03
   0.02761    2.27488    2.33952     9.66807e+02
   0.03375    1.95656    2.02001     8.24689e+02
   0.03988    1.76670    1.82329     7.01905e+02
   0.04602    1.54059    1.60625     6.11826e+02
   0.05216    1.38266    1.44629     5.48666e+02
   0.05829    1.28423    1.34479     5.11632e+02
   0.06443    1.13732    1.19565     4.72421e+02
   0.07056    1.06830    1.12963     4.42941e+02
   0.07670    1.00037    1.05839     3.99648e+02
   0.08283    0.93114    0.99588     3.56110e+02
   0.08897    0.86945    0.93868     3.12478e+02
   0.09511    0.81245    0.88081     2.75447e+02
   0.10124    0.78150    0.85641     2.47748e+02
   0.10738    0.72568    0.79838     2.26111e+02
   0.11351    0.69852    0.76906     2.12286e+02
   0.11965    0.66606    0.73650     2.01776e+02
   0.12579    0.63503    0.70467     1.94517e+02
   0.13192    0.62015    0.68855     1.84477e+02
   0.13806    0.58509    0.65600     1.71064e+02
   0.14419    0.56512    0.63925     1.58745e+02
   0.15033    0.54085    0.61668     1.44233e+02
   0.15647    0.52306    0.60014     1.31868e+02
   0.16260    0.50380    0.58508     1.21522e+02
   0.16874    0.48743    0.57019     1.14794e+02
   0.17487    0.46976    0.55331     1.08428e+02
   0.18101    0.44799    0.52962     1.03516e+02
   0.18715    0.44005    0.52132     1.00283e+02
   0.19328    0.42798    0.50833     9.71092e+01
   0.19942    0.41505    0.49778     9.14698e+01
   0.20555    0.40559    0.48821     8.60457e+01
   0.21169    0.39294    0.47656     8.11761e+01
   0.21783    0.38537    0.47189     7.61321e+01
   0.22396    0.37249    0.45881     7.06956e+01
   0.23010    0.36753    0.45520     6.80269e+01
   0.23623    0.35533    0.44456     6.47919e+01
   0.24237    0.34612    0.43560     6.20319e+01
   0.24850    0.33956    0.42823     6.04557e+01
   0.25464    0.32804    0.41776     5.82194e+01
   0.26078    0.32520    0.41499     5.57764e+01
   0.26691    0.31647    0.40597     5.33442e+01
   0.27305    0.30946    0.40020     5.10701e+01
   0.27918    0.30501    0.39467     4.88594e+01
   0.28532    0.29873    0.38786     4.68494e+01
   0.29146    0.29307    0.38568     4.44908e+01
   0.29759    0.28842    0.38081     4.26221e+01
   0.30373    0.28163    0.37430     4.12003e+01
   0.30986    0.27588    0.36888     3.99105e+01
   0.31600    0.27070    0.36309     3.85855e+01
   0.32214    0.26770    0.35829     3.74830e+01
   0.32827    0.25846    0.35163     3.60424e+01
   0.33441    0.25649    0.34849     3.47624e+01
   0.34054    0.25092    0.34460     3.34409e+01
   0.34668    0.24901    0.34327     3.23915e+01
   0.35282    0.24468    0.33850     3.10780e+01
   0.35895    0.24102    0.33483     3.00924e+01
   0.36509    0.23695    0.33134     2.91453e+01
   0.37122    0.23331    0.32679     2.85838e+01
   0.37736    0.23188    0.32517     2.75463e+01
   0.38350    0.22739    0.32285     2.64536e+01
   0.38963    0.22226    0.31680     2.58584e+01
   0.39577    0.21862    0.31236     2.52377e+01
   0.40190    0.21702    0.31126     2.44137e+01
   0.40804    0.21454    0.30869     2.37835e+01
   0.41417    0.20762    0.30358     2.28408e+01
   0.42031    0.20675    0.30175     2.23605e+01
   0.42645    0.20389    0.29918     2.15887e+01
   0.43258    0.20068    0.29753     2.07574e+01
   0.43872    0.19854    0.29353     2.05192e+01
   0.44485    0.19527    0.29083     1.99129e+01
   0.45099    0.19278    0.28757     1.94352e+01
   0.45713    0.18946    0.28588     1.88566e+01
   0.46326    0.18778    0.28251     1.84810e+01
   0.46940    0.18593    0.27975     1.81073e+01
   0.47553    0.18226    0.27725     1.75208e+01
   0.48167    0.18108    0.27591     1.70396e+01
   0.48781    0.17738    0.27152     1.66931e+01
   0.49394    0.17540    0.27040     1.62493e+01
   0.50008    0.17319    0.26844     1.57473e+01
   0.50621    0.17109    0.26598     1.54896e+01
   0.51235    0.16773    0.26369     1.49968e+01
   0.51849    0.16684    0.26174     1.47213e+01
   0.52462    0.16438    0.25889     1.44334e+01
   0.53076    0.16298    0.25682     1.41144e+01
   0.53689    0.16188    0.25539     1.37340e+01
   0.54303    0.15832    0.25217     1.34878e+01
   0.54917    0.15771    0.25060     1.31892e+01
   0.55530    0.15553    0.24905     1.28696e+01
   0.56144    0.15437    0.24708     1.26183e+01
   0.56757    0.15121    0.24500     1.22607e+01
   0.57371    0.15103    0.24346     1.20737e+01
   0.57984    0.14690    0.24011     1.17966e+01
   0.58598    0.14673    0.23962     1.15457e+01
   0.59212    0.14447    0.23646     1.13508e+01
   0.59825    0.14416    0.23539     1.11281e+01
   0.60439    0.14214    0.23249     1.09811e+01
   0.61052    0.13937    0.23090     1.06660e+01
   0.61666    0.13830    0.22919     1.05240e+01
   0.62280    0.13702    0.22801     1.02241e+01
   0.62893    0.13488    0.22577     1.00293e+01
   0.63507    0.13413    0.22407     9.89203e+00
   0.64120    0.13222    0.22170     9.71265e+00
   0.64734    0.13145    0.22074     9.52428e+00
   0.65348    0.12935    0.21914     9.31847e+00
   0.65961    0.12690    0.21621     9.16631e+00
   0.66575    0.12642    0.21486     8.99377e+00
   0.67188    0.12504    0.21338     8.81515e+00
   0.67802    0.12394    0.21252     8.68446e+00
   0.68416    0.12258    0.21064     8.51747e+00
   0.69029    0.12137    0.20884     8.35641e+00
   0.69643    0.11953    0.20645     8.21353e+00
   0.70256    0.11839    0.20551     8.07257e+00
   0.70870    0.11726    0.20454     7.91759e+00
   0.71484    0.11636    0.20299     7.77227e+00
   0.72097    0.11460    0.20063     7.69892e+00
   0.72711    0.11362    0.19968     7.54159e+00
   0.73324    0.11232    0.19772     7.39563e+00
   0.73938    0.11138    0.19642     7.29150e+00
   0.74551    0.10986    0.19437     7.19000e+00
   0.75165    0.10889    0.19288     7.10131e+00
   0.75779    0.10756    0.19146     6.95956e+00
   0.76392    0.10644    0.19010     6.81370e+00
   0.77006    0.10541    0.18881     6.71142e+00
   0.77619    0.10409    0.18696     6.62041e+00
   0.78233    0.10310    0.18506     6.55988e+00
   0.78847    0.10187    0.18346     6.44750e+00
   0.79460    0.10152    0.18285     6.30723e+00
   0.80074    0.09965    0.18059     6.22087e+00
   0.80687    0.09873    0.17981     6.12420e+00
   0.81301    0.09812    0.17834     6.05577e+00
   0.81915    0.09673    0.17664     5.95653e+00
   0.82528    0.09593    0.17524     5.87327e+00
   0.83142    0.09483    0.17357     5.77256e+00
   0.83755    0.09377    0.17253     5.68301e+00
   0.84369    0.09304    0.17102     5.60809e+00
   0.84983    0.09210    0.16997     5.51897e+00
   0.85596    0.09113    0.16856     5.44160e+00
   0.86210    0.09018    0.16731     5.38505e+00
   0.86823    0.08937    0.16568     5.30589e+00
   0.87437    0.08850    0.16447     5.22501e+00
   0.88050    0.08774    0.16321     5.16154e+00
   0.88664    0.08633    0.16209     5.06680e+00
   0.89278    0.08562    0.16037     5.01147e+00
   0.89891    0.08422    0.15903     4.94331e+00
   0.90505    0.08369    0.15794     4.85962e+00
   0.91118    0.08273    0.15608     4.82467e+00
   0.91732    0.08202    0.15499     4.75921e+00
   0.92346    0.08094    0.15364     4.67381e+00
   0.92959    0.08031    0.15235     4.63176e+00
   0.93573    0.07930    0.15104     4.56305e+00
   0.94186    0.07814    0.14993     4.50740e+00
   0.94800    0.07765    0.14892     4.44766e+00
   0.95414    0.07688    0.14752     4.39715e+00
   0.96027    0.07615    0.14635     4.33206e+00
   0.96641    0.07549    0.14476     4.29216e+00
   0.97254    0.07457    0.14373     4.23924e+00
   0.97868    0.07379    0.14238     4.17860e+00
   0.98482    0.07291    0.14150     4.12114e+00
   0.99095    0.07222    0.13995     4.08169e+00
   0.99709    0.07127    0.13883     4.02558e+00
   1.00322    0.07079    0.13812     3.96552e+00
   1.00936    0.07004    0.13635     3.92543e+00
   1.01550    0.06907    0.13531     3.87953e+00
   1.02163    0.06860    0.13416     3.83581e+00
   1.02777    0.06770    0.13296     3.79916e+00
   1.03390    0.06678    0.13168     3.75434e+00
   1.04004    0.06643    0.13069     3.71104e+00
   1.04617    0.06563    0.12938     3.66710e+00
   1.05231    0.06446    0.12807     3.62544e+00
   1.05845    0.06438    0.12724     3.57566e+00
   1.06458    0.06354    0.12608     3.53392e+00
   1.07072    0.06295    0.12499     3.47820e+00
   1.07685    0.06225    0.12376     3.45318e+00
   1.08299    0.06170    0.12261     3.41616e+00
   1.08913    0.06061    0.12167     3.37291e+00
   1.09526    0.06039    0.12044     3.35330e+00
   1.10140    0.05953    0.11928     3.30908e+00
   1.10753    0.05887    0.11798     3.27708e+00
   1.11367    0.05815    0.11685     3.24426e+00
   1.11981    0.05760    0.11587     3.21018e+00
   1.12594    0.05716    0.11504     3.16157e+00
   1.13208    0.05650    0.11397     3.13269e+00
   1.13821    0.05590    0.11282     3.09950e+00
   1.14435    0.05503    0.11175     3.05815e+00
   1.15049    0.05448    0.11073     3.02597e+00
   1.15662    0.05408    0.10962     3.00759e+00
   1.16276    0.05324    0.10869     2.96882e+00
   1.16889    0.05269    0.10741     2.94573e+00
   1.17503    0.05206    0.10658     2.90954e+00
   1.18117    0.05158    0.10562     2.88099e+00
   1.18730    0.05109    0.10464     2.83758e+00
   1.19344    0.05033    0.10344     2.81591e+00
   1.19957    0.04980    0.10244     2.79769e+00
   1.20571    0.04933    0.10138     2.77233e+00
   1.21184    0.04862    0.10060     2.72904e+00
   1.21798    0.04813    0.09925     2.72360e+00
   1.22412    0.04781    0.09862     2.68807e+00
   1.23025    0.04696    0.09757     2.65755e+00
   1.23639    0.04645    0.09650     2.62916e+00
   1.24252    0.04603    0.09538     2.61473e+00
   1.24866    0.04543    0.09448     2.59068e+00
   1.25480    0.04491    0.09372     2.55655e+00
   1.26093    0.04433    0.09255     2.53510e+00
   1.26707    0.04395    0.09179     2.50661e+00
   1.27320    0.04355    0.09082     2.49613e+00
   1.27934    0.04294    0.08991     2.46744e+00
   1.28548    0.04254    0.08899     2.45061e+00
   1.29161    0.04188    0.08792     2.42805e+00
   1.29775    0.04148    0.08720     2.39348e+00
   1.30388    0.04113    0.08636     2.37967e+00
   1.31002    0.04046    0.08550     2.35057e+00
   1.31616    0.04010    0.08445     2.33136e+00
   1.32229    0.03964    0.08356     2.31290e+00
   1.32843    0.03918    0.08262     2.30046e+00
   1.33456    0.03857    0.08187     2.26793e+00
   1.34070    0.03810    0.08080     2.25952e+00
   1.34684    0.03766    0.07998     2.23404e+00
   1.35297    0.03730    0.07935     2.21402e+00
   1.35911    0.03667    0.07848     2.18624e+00
   1.36524    0.03632    0.07755     2.17386e+00
   1.37138    0.03599    0.07672     2.16090e+00
   1.37751    0.03560    0.07602     2.13268e+00
   1.38365    0.03503    0.07507     2.11519e+00
   1.38979    0.03481    0.07441     2.10003e+00
   1.39592    0.03419    0.07338     2.08487e+00
   1.40206    0.03381    0.07265     2.06893e+00
   1.40819    0.03345    0.07189     2.04486e+00
   1.41433    0.03306    0.07108     2.03133e+00
   1.42047    0.03254    0.07023     2.01617e+00
   1.42660    0.03230    0.06963     2.00117e+00
   1.43274    0.03180    0.06884     1.97894e+00
   1.43887    0.03152    0.06798     1.96640e+00
   1.44501    0.03099    0.06715     1.95393e+00
   1.45115    0.03080    0.06650     1.93420e+00
   1.45728    0.03025    0.06573     1.91422e+00
   1.46342    0.02991    0.06498     1.90022e+00
   1.46955    0.02959    0.06442     1.88715e+00
   1.47569    0.02933    0.06362     1.86935e+00
   1.48183    0.02875    0.06274     1.85732e+00
   1.48796    0.02856    0.06206     1.84552e+00
   1.49410    0.02802    0.06133     1.82343e+00
   1.50023    0.02778    0.06065     1.81592e+00
   1.50637    0.02746    0.05985     1.80344e+00
   1.51251    0.02719    0.05927     1.78839e+00
   1.51864    0.02668    0.05848     1.77337e+00
   1.52478    0.02635    0.05785     1.75823e+00
   1.53091    0.02601    0.05719     1.75043e+00
   1.53705    0.02573    0.05649     1.73251e+00
   1.54318    0.02537    0.05581     1.72177e+00
   1.54932    0.02513    0.05520     1.70550e+00
   1.55546    0.02476    0.05453     1.69114e+00
   1.56159    0.02451    0.05396     1.67824e+00
   1.56773    0.02411    0.05332     1.66524e+00
   1.57386    0.02384    0.05267     1.65686e+00
   1.58000    0.02348    0.05192     1.64679e+00
   1.58614    0.02320    0.05141     1.63118e+00
   1.59227    0.02279    0.05077     1.61808e+00
   1.59841    0.02256    0.05009     1.60844e+00
   1.60454    0.02224    0.04950     1.59208e+00
   1.61068    0.02199    0.04890     1.58481e+00
   1.61682    0.02166    0.04833     1.57009e+00
   1.62295    0.02138    0.04773     1.55898e+00
   1.62909    0.02114    0.04711     1.55250e+00
   1.63522    0.02082    0.04654     1.53809e+00
   1.64136    0.02054    0.04597     1.52602e+00
   1.64750    0.02024    0.04530     1.52065e+00
   1.65363    0.02001    0.04478     1.50857e+00
   1.65977    0.01978    0.04428     1.49576e+00
   1.66590    0.01945    0.04362     1.48773e+00
   1.67204    0.01921    0.04319     1.47651e+00
   1.67817    0.01904    0.04262     1.46789e+00
   1.68431    0.01868    0.04206     1.45529e+00
   1.69045    0.01843    0.04152     1.44645e+00
   1.69658    0.01821    0.04101     1.43625e+00
   1.70272    0.01798    0.04051     1.42744e+00
   1.70885    0.01773    0.03990     1.42375e+00
   1.71499    0.01749    0.03948     1.40641e+00
   1.72113    0.01726    0.03893     1.39787e+00
   1.72726    0.01694    0.03843     1.38833e+00
   1.73340    0.01677    0.03796     1.37990e+00
   1.73953    0.01651    0.03742     1.36745e+00
   1.74567    0.01629    0.03696     1.35789e+00
   1.75181    0.01614    0.03648     1.35309e+00
   1.75794    0.01586    0.03601     1.34225e+00
   1.76408    0.01562    0.03552     1.33311e+00
   1.77021    0.01538    0.03506     1.32580e+00
   1.77635    0.01516    0.03456     1.31746e+00
   1.78249    0.01494    0.03408     1.31002e+00
   1.78862    0.01479    0.03370     1.30162e+00
   1.79476    0.01449    0.03316     1.29225e+00
   1.80089    0.01432    0.03277     1.28445e+00
   1.80703    0.01411    0.03228     1.27824e+00
   1.81317    0.01389    0.03180     1.27001e+00
   1.81930    0.01376    0.03145     1.26254e+00
   1.82544    0.01353    0.03104     1.25263e+00
   1.83157    0.01330    0.03060     1.24516e+00
   1.83771    0.01313    0.03018     1.23584e+00
   1.84384    0.01291    0.02976     1.22837e+00
   1.84998    0.01271    0.02928     1.22347e+00
   1.85612    0.01257    0.02895     1.21239e+00
   1.86225    0.01237    0.02851     1.21016e+00
   1.86839    0.01214    0.02810     1.20199e+00
   1.87452    0.01199    0.02771     1.19642e+00
   1.88066    0.01184    0.02737     1.18377e+00
   1.88680    0.01167    0.02699     1.17797e+00
   1.89293    0.01143    0.02654     1.17160e+00
   1.89907    0.01130    0.02623     1.16492e+00
   1.90520    0.01119    0.02587     1.15689e+00
   1.91134    0.01096    0.02548     1.14916e+00
   1.91748    0.01079    0.02509     1.14584e+00
   1.92361    0.01068    0.02480     1.13774e+00
   1.92975    0.01051    0.02443     1.12938e+00
   1.93588    0.01034    0.02404     1.12600e+00
   1.94202    0.01016    0.02371     1.11647e+00
   1.94816    0.01003    0.02337     1.11072e+00
   1.95429    0.00987    0.02305     1.10330e+00
   1.96043    0.00968    0.02272     1.09434e+00
   1.96656    0.00961    0.02240     1.09144e+00
   1.97270    0.00942    0.02206     1.08572e+00
   1.97884    0.00926    0.02170     1.08036e+00
   1.98497    0.00914    0.02141     1.07397e+00
   1.99111    0.00903    0.02113     1.06581e+00
   1.99724    0.00885    0.02079     1.06132e+00
   2.00338    0.00871    0.02044     1.05872e+00
   2.00951    0.00857    0.02017     1.04967e+00
   2.01565    0.00842    0.01986     1.04231e+00
   2.02179    0.00833    0.01957     1.03879e+00
   2.02792    0.00816    0.01930     1.03083e+00
   2.03406    0.00805    0.01899     1.02499e+00
   2.04019    0.00790    0.01871     1.02130e+00
   2.04633    0.00780    0.01843     1.01419e+00
   2.05247    0.00767    0.01816     1.01014e+00
   2.05860    0.00756    0.01787     1.00446e+00
   2.06474    0.00743    0.01761     9.99221e-01
   2.07087    0.00732    0.01735     9.93946e-01
   2.07701    0.00720    0.01707     9.90513e-01
   2.08315    0.00710    0.01684     9.81503e-01
   2.08928    0.00697    0.01656     9.76679e-01
   2.09542    0.00685    0.01632     9.71128e-01
   2.10155    0.00675    0.01607     9.66208e-01
   2.10769    0.00667    0.01582     9.63844e-01
   2.11383    0.00653    0.01556     9.56862e-01
   2.11996    0.00642    0.01533     9.51229e-01
   2.12610    0.00631    0.01508     9.47815e-01
   2.13223    0.00622    0.01484     9.42575e-01
   2.13837    0.00610    0.01460     9.36190e-01
   2.14451    0.00600    0.01438     9.31455e-01
   2.15064    0.00593    0.01416     9.27003e-01
   2.15678    0.00580    0.01394     9.21630e-01
   2.16291    0.00572    0.01372     9.19267e-01
   2.16905    0.00563    0.01350     9.12869e-01
   2.17518    0.00555    0.01330     9.09854e-01
   2.18132    0.00545    0.01308     9.02662e-01
   2.18746    0.00534    0.01287     8.99173e-01
   2.19359    0.00528    0.01268     8.95281e-01
   2.19973    0.00517    0.01246     8.90582e-01
   2.20586    0.00508    0.01225     8.86554e-01
   2.21200    0.00502    0.01206     8.82126e-01
   2.21814    0.00492    0.01186     8.78091e-01
   2.22427    0.00484    0.01168     8.72768e-01
   2.23041    0.00476    0.01150     8.67039e-01
   2.23654    0.00467    0.01130     8.65090e-01
   2.24268    0.00459    0.01111     8.61071e-01
   2.24882    0.00451    0.01092     8.58073e-01
   2.25495    0.00443    0.01077     8.50048e-01
   2.26109    0.00437    0.01058     8.48057e-01
   2.26722    0.00429    0.01041     8.43923e-01
   2.27336    0.00420    0.01023     8.39758e-01
   2.27950    0.00412    0.01006     8.35647e-01
   2.28563    0.00408    0.00991     8.31291e-01
   2.29177    0.00399    0.00974     8.27951e-01
   2.29790    0.00392    0.00957     8.24135e-01
   2.30404    0.00386    0.00942     8.16575e-01
   2.31018    0.00378    0.00926     8.15611e-01
   2.31631    0.00373    0.00911     8.10326e-01
   2.32245    0.00365    0.00896     8.07863e-01
   2.32858    0.00360    0.00880     8.05373e-01
   2.33472    0.00352    0.00865     8.00171e-01
   2.34085    0.00347    0.00851     7.95967e-01
   2.34699    0.00341    0.00835     7.93558e-01
   2.35313    0.00334    0.00822     7.89611e-01
   2.35926    0.00329    0.00809     7.85789e-01
   2.36540    0.00323    0.00794     7.82411e-01
   2.37153    0.00317    0.00780     7.79729e-01
   2.37767    0.00312    0.00767     7.75121e-01
   2.38381    0.00305    0.00754     7.72134e-01
   2.38994    0.00299    0.00741     7.67913e-01
   2.39608    0.00294    0.00729     7.64018e-01
   2.40221    0.00289    0.00716     7.60799e-01
   2.40835    0.00284    0.00703     7.57168e-01
   2.41449    0.00278    0.00691     7.53233e-01
   2.42062    0.00273    0.00680     7.50594e-01
   2.42676    0.00268    0.00668     7.47481e-01
   2.43289    0.00265    0.00656     7.45070e-01
   2.43903    0.00259    0.00644     7.40581e-01
   2.44517    0.00254    0.00633     7.37790e-01
   2.45130    0.00249    0.00622     7.33513e-01
   2.45744    0.00245    0.00610     7.33046e-01
   2.46357    0.00240    0.00600     7.27793e-01
   2.46971    0.00236    0.00590     7.23986e-01
   2.47584    0.00231    0.00579     7.22660e-01
   2.48198    0.00227    0.00569     7.18009e-01
   2.48812    0.00222    0.00559     7.15586e-01
   2.49425    0.00219    0.00549     7.12396e-01
   2.50039    0.00214    0.00539     7.09187e-01
   2.50652    0.00210    0.00529     7.06799e-01
   2.51266    0.00207    0.00519     7.04157e-01
   2.51880    0.00202    0.00510     7.01266e-01
   2.52493    0.00199    0.00501     6.97946e-01
   2.53107    0.00195    0.00492     6.94799e-01
   2.53720    0.00191    0.00483     6.91831e-01
   2.54334    0.00188    0.00475     6.87739e-01
   2.54948    0.00184    0.00466     6.86168e-01
   2.55561    0.00180    0.00457     6.83036e-01
   2.56175    0.00177    0.00449     6.78497e-01
   2.56788    0.00174    0.00441     6.77799e-01
   2.57402    0.00170    0.00433     6.73742e-01
   2.58016    0.00167    0.00425     6.70230e-01
   2.58629    0.00164    0.00417     6.69387e-01
   2.59243    0.00160    0.00410     6.65509e-01
   2.59856    0.00157    0.00402     6.63202e-01
   2.60470    0.00154    0.00394     6.60996e-01
   2.61084    0.00151    0.00387     6.57775e-01
   2.61697    0.00148    0.00380     6.54711e-01
   2.62311    0.00145    0.00373     6.52708e-01
   2.62924    0.00143    0.00366     6.50503e-01
   2.63538    0.00139    0.00359     6.47813e-01
   2.64151    0.00137    0.00353     6.44033e-01
   2.64765    0.00134    0.00346     6.41582e-01
   2.65379    0.00132    0.00340     6.38915e-01
   2.65992    0.00129    0.00333     6.36475e-01
   2.66606    0.00126    0.00326     6.35421e-01
   2.67219    0.00124    0.00320     6.31913e-01
   2.67833    0.00121    0.00314     6.30245e-01
   2.68447    0.00119    0.00308     6.27287e-01
   2.69060    0.00117    0.00303     6.23419e-01
   2.69674    0.00114    0.00297     6.21235e-01
   2.70287    0.00112    0.00291     6.19108e-01
   2.70901    0.00110    0.00286     6.16769e-01
   2.71515    0.00107    0.00280     6.14873e-01
   2.72128    0.00105    0.00275     6.12699e-01
   2.72742    0.00103    0.00270     6.09058e-01
   2.73355    0.00101    0.00264     6.08315e-01
   2.73969    0.00099    0.00259     6.05928e-01
   2.74583    0.00097    0.00254     6.03773e-01
   2.75196    0.00095    0.00249     6.01032e-01
   2.75810    0.00093    0.00245     5.98938e-01
   2.76423    0.00091    0.00240     5.95977e-01
   2.77037    0.00089    0.00235     5.94117e-01
   2.77651    0.00087    0.00230     5.92963e-01
   2.78264    0.00085    0.00226     5.89208e-01
   2.78878    0.00084    0.00222     5.85690e-01
   2.79491    0.00082    0.00217     5.85279e-01
   2.80105    0.00080    0.00213     5.83268e-01
   2.80718    0.00079    0.00209     5.81456e-01
   2.81332    0.00077    0.00205     5.78859e-01
   2.81946    0.00075    0.00201     5.77072e-01
   2.82559    0.00074    0.00197     5.74918e-01
   2.83173    0.00072    0.00193     5.72815e-01
   2.83786    0.00071    0.00189     5.70349e-01
   2.84400    0.00069    0.00185     5.68642e-01
   2.85014    0.00068    0.00182     5.66669e-01
   2.85627    0.00066    0.00178     5.63492e-01
   2.86241    0.00065    0.00175     5.61691e-01
   2.86854    0.00063    0.00171     5.60274e-01
   2.87468    0.00062    0.00168     5.57494e-01
   2.88082    0.00061    0.00164     5.55870e-01
   2.88695    0.00060    0.00161     5.54208e-01
   2.89309    0.00058    0.00158     5.52214e-01
   2.89922    0.00057    0.00155     5.50214e-01
   2.90536    0.00056    0.00152     5.47574e-01
   2.91150    0.00054    0.00148     5.46944e-01
   2.91763    0.00053    0.00146     5.44446e-01
   2.92377    0.00052    0.00143     5.42859e-01
   2.92990    0.00051    0.00140     5.40461e-01
   2.93604    0.00050    0.00137     5.38856e-01
   2.94218    0.00049    0.00134     5.35960e-01
   2.94831    0.00048    0.00131     5.34442e-01
   2.95445    0.00047    0.00129     5.32980e-01
   2.96058    0.00046    0.00126     5.30981e-01
   2.96672    0.00045    0.00124     5.29036e-01
   2.97285    0.00044    0.00121     5.27079e-01
   2.97899    0.00043    0.00119     5.26329e-01
   2.98513    0.00042    0.00116     5.23284e-01
   2.99126    0.00041    0.00114     5.22092e-01
   2.99740    0.00040    0.00111     5.20101e-01
   3.00353    0.00039    0.00109     5.18186e-01
   3.00967    0.00038    0.00107     5.17019e-01
   3.01581    0.00037    0.00105     5.14974e-01
   3.02194    0.00036    0.00102     5.14184e-01
   3.02808    0.00036    0.00100     5.11442e-01
   3.03421    0.00035    0.00098     5.09612e-01
   3.04035    0.00034    0.00096     5.08504e-01
   3.04649    0.00033    0.00094     5.06095e-01
   3.05262    0.00032    0.00092     5.04212e-01
   3.05876    0.00032    0.00090     5.02343e-01
   3.06489    0.00031    0.00089     5.01124e-01
   3.07103    0.00030    0.00087     4.99576e-01
   3.07717    0.00030    0.00085     4.97372e-01
   3.08330    0.00029    0.00083     4.96100e-01
   3.08944    0.00028    0.00081     4.94384e-01
   3.09557    0.00028    0.00080     4.92813e-01
   3.10171    0.00027    0.00078     4.91505e-01
   3.10785    0.00026    0.00076     4.89902e-01
   3.11398    0.00026    0.00075     4.88390e-01
   3.12012    0.00025    0.00073     4.86106e-01
   3.12625    0.00025    0.00072     4.84930e-01
   3.13239    0.00024    0.00070     4.83414e-01
   3.13852    0.00024    0.00069     4.81378e-01
