# k, P(k), Nmodes
0.000000000000000000e+00 0.000000000000000000e+00 1.000000000000000000e+00
3.476422409025522325e-02 1.571427092020092459e+03 2.600000000000000000e+01
6.013017737617095543e-02 9.585018080894266177e+02 7.200000000000000000e+01
8.418151618618714693e-02 6.489588074591183613e+02 1.520000000000000000e+02
1.087367500886957938e-01 4.263631945139046024e+02 2.340000000000000000e+02
1.343722219507281490e-01 3.467933096728468172e+02 4.160000000000000000e+02
1.587124844392140688e-01 2.477615856567138906e+02 4.800000000000000000e+02
1.829253236177555419e-01 1.963444093625243738e+02 7.220000000000000000e+02
2.074764920249410893e-01 1.604017971657670785e+02 8.740000000000000000e+02
2.323188502694161217e-01 1.321714983802088739e+02 1.162000000000000000e+03
2.568837897152542737e-01 1.069694399936538218e+02 1.358000000000000000e+03
2.811677721420339782e-01 9.406540098792225990e+01 1.632000000000000000e+03
3.062790434346451818e-01 7.815615331762519702e+01 2.036000000000000000e+03
3.313311990205343727e-01 6.996820436938794785e+01 2.310000000000000000e+03
3.554505676832757644e-01 5.834652485186009585e+01 2.528000000000000000e+03
3.797409759428852505e-01 5.162294714296215403e+01 3.068000000000000000e+03
4.042043237165472980e-01 4.687198422582510915e+01 3.306000000000000000e+03
4.287673421450296507e-01 4.105353512227125634e+01 3.934000000000000000e+03
4.534562801006977173e-01 3.628907286840528457e+01 4.266000000000000000e+03
4.780738444491431371e-01 3.293419835700429132e+01 4.794000000000000000e+03
5.026630068413446839e-01 3.022828816919804851e+01 5.270000000000000000e+03
5.271487706313333632e-01 2.757379470548827527e+01 5.754000000000000000e+03
5.515550784249925176e-01 2.502008872462896605e+01 6.344000000000000000e+03
5.762450688919315001e-01 2.369930303062380617e+01 7.014000000000000000e+03
6.007380805735611506e-01 2.081070606284585622e+01 7.364000000000000000e+03
6.253672373831143938e-01 1.958553475774698072e+01 8.402000000000000000e+03
6.501755823830386305e-01 1.790164196525239504e+01 8.738000000000000000e+03
6.747760941225345865e-01 1.701834162623100966e+01 9.670000000000000000e+03
6.991949513373587610e-01 1.576421057160226979e+01 9.880000000000000000e+03
7.236228637511089579e-01 1.451247318441673073e+01 1.113000000000000000e+04
7.480317977018523523e-01 1.357286917065017384e+01 1.140000000000000000e+04
7.726576112572679511e-01 1.289653108321532748e+01 1.272200000000000000e+04
7.973030407408827624e-01 1.188569503494416146e+01 1.317000000000000000e+04
8.219050394031606199e-01 1.115199256331655597e+01 1.418600000000000000e+04
8.465029529859586788e-01 1.044328964450770414e+01 1.495800000000000000e+04
8.710314617807571880e-01 1.016279223902985507e+01 1.580200000000000000e+04
8.955964540390221051e-01 9.149025409941486942e+00 1.674600000000000000e+04
9.200327912485964932e-01 8.974263797518251096e+00 1.753400000000000000e+04
9.445818830773816677e-01 8.446667749244772594e+00 1.869000000000000000e+04
9.691428403852909712e-01 7.844842184826954501e+00 1.958600000000000000e+04
9.936398339652569023e-01 7.655208124710924267e+00 2.052400000000000000e+04
1.018176782820507942e+00 7.317674569423189723e+00 2.165200000000000000e+04
1.042766853365621582e+00 6.862841980428713740e+00 2.276000000000000000e+04
1.067432079366278153e+00 6.503889993843263717e+00 2.389200000000000000e+04
1.092007825972616253e+00 6.207116892031718791e+00 2.485400000000000000e+04
1.116555949281071269e+00 6.042772813058590486e+00 2.604000000000000000e+04
1.140969998657552109e+00 5.784649798913198637e+00 2.680400000000000000e+04
1.165412799157594437e+00 5.411753845309912769e+00 2.850000000000000000e+04
1.190057268598827767e+00 5.232195164991416902e+00 2.956400000000000000e+04
1.214617866389426926e+00 5.014168987440075220e+00 3.083400000000000000e+04
1.239153515017866303e+00 4.823053835423497304e+00 3.189000000000000000e+04
1.263794672254038076e+00 4.559717353358937686e+00 3.376600000000000000e+04
1.288426493777925508e+00 4.373208440318635759e+00 3.446400000000000000e+04
1.313029045166066222e+00 4.268544486962077222e+00 3.622000000000000000e+04
1.337417753268757670e+00 4.080238826579447142e+00 3.667000000000000000e+04
1.361925448145902662e+00 3.956591264262851126e+00 3.911400000000000000e+04
1.386503814700803305e+00 3.800213395715493991e+00 3.989800000000000000e+04
1.410925965910736268e+00 3.654162127137699834e+00 4.126400000000000000e+04
1.435480380696713132e+00 3.522238145171034951e+00 4.332000000000000000e+04
1.460033395611762819e+00 3.373475111741584431e+00 4.418400000000000000e+04
1.484681614846454778e+00 3.315110177425880433e+00 4.654800000000000000e+04
1.509254924902153627e+00 3.172817459271555229e+00 4.719800000000000000e+04
1.533680946131934064e+00 3.048973535481131591e+00 4.880200000000000000e+04
1.558325242020618395e+00 2.937376686219042909e+00 5.141800000000000000e+04
1.582898818657196172e+00 2.845616696722206296e+00 5.158800000000000000e+04
1.607456402752097668e+00 2.760952651269751534e+00 5.464400000000000000e+04
1.631994660923775875e+00 2.707626168582245807e+00 5.484200000000000000e+04
1.656426602680801441e+00 2.562878843950564978e+00 5.733800000000000000e+04
1.681030763944247663e+00 2.528076631362532467e+00 5.921400000000000000e+04
1.705626778692082679e+00 2.443564166960692230e+00 6.064200000000000000e+04
1.730101932693856259e+00 2.340426037700254813e+00 6.220200000000000000e+04
1.754558260322716334e+00 2.272518482740386592e+00 6.399000000000000000e+04
1.779072581939174391e+00 2.208167810337908321e+00 6.596200000000000000e+04
1.803774998375834437e+00 2.158195896659423241e+00 6.893000000000000000e+04
1.828415224475618661e+00 2.097086461941249258e+00 6.921800000000000000e+04
1.852957785002211422e+00 2.033403825240931440e+00 7.208600000000000000e+04
1.877516303117015672e+00 1.973724209125362616e+00 7.321600000000000000e+04
1.902003194583360202e+00 1.920554044851682685e+00 7.536400000000000000e+04
1.926459206259836909e+00 1.863518211279082903e+00 7.714200000000000000e+04
1.950979244101561871e+00 1.810919496109198334e+00 7.932200000000000000e+04
1.975457770288180148e+00 1.756526148480486604e+00 8.112200000000000000e+04
1.999996309013334805e+00 1.721023373303309789e+00 8.374000000000000000e+04
2.024695913452227547e+00 1.673024275144529005e+00 8.622800000000000000e+04
2.049270495590969521e+00 1.609572263335535158e+00 8.724200000000000000e+04
2.073767679346899317e+00 1.586626154925691701e+00 8.950400000000000000e+04
2.098324428534850128e+00 1.538375455845143014e+00 9.236600000000000000e+04
2.122935889074646809e+00 1.493318793940382028e+00 9.390800000000000000e+04
2.147465173093049629e+00 1.449061896913483860e+00 9.622600000000000000e+04
2.171851386770913273e+00 1.430906540663367421e+00 9.717200000000000000e+04
2.196429360365885319e+00 1.386813118831984992e+00 1.019960000000000000e+05
2.221105043850578831e+00 1.349161812263579341e+00 1.028340000000000000e+05
2.245633118720809840e+00 1.308384405559562813e+00 1.049360000000000000e+05
2.270148613403661475e+00 1.280644649144646374e+00 1.076640000000000000e+05
2.294696009023289740e+00 1.261650645958613426e+00 1.097300000000000000e+05
2.319241441457444708e+00 1.217815771568482086e+00 1.122420000000000000e+05
2.343770146594723602e+00 1.190456312943150463e+00 1.145480000000000000e+05
2.368234709664871041e+00 1.165517592168315186e+00 1.162040000000000000e+05
2.392776617152194252e+00 1.130033131807866464e+00 1.202100000000000000e+05
2.417436309943946426e+00 1.099953212815984349e+00 1.222240000000000000e+05
2.441964092100820327e+00 1.084414543853574164e+00 1.240000000000000000e+05
2.466420201333919149e+00 1.058555786839467938e+00 1.264900000000000000e+05
2.491026169981223948e+00 1.038024256657135824e+00 1.302980000000000000e+05
2.515591102978649296e+00 1.012541970352703213e+00 1.315160000000000000e+05
2.540133082400877651e+00 9.902753751103944291e-01 1.350280000000000000e+05
2.564697215405975061e+00 9.697632656081095481e-01 1.370340000000000000e+05
2.589228454518015088e+00 9.408855375287564771e-01 1.399400000000000000e+05
2.613757183180440702e+00 9.228522061345179051e-01 1.420440000000000000e+05
2.638313502207512595e+00 8.979367948169478808e-01 1.460980000000000000e+05
2.662834301341306720e+00 8.782440752170261877e-01 1.466160000000000000e+05
2.687347884782291363e+00 8.673514831352999721e-01 1.516080000000000000e+05
2.711870266169386756e+00 8.450147477295216758e-01 1.521540000000000000e+05
2.736410240969383345e+00 8.256052809700450412e-01 1.573620000000000000e+05
2.760989340439442330e+00 8.017095671646843336e-01 1.585880000000000000e+05
2.785558473191997120e+00 7.867384263290172486e-01 1.622680000000000000e+05
2.810141778825738346e+00 7.717235004333276027e-01 1.650500000000000000e+05
2.834718102903821535e+00 7.527204474403984547e-01 1.677360000000000000e+05
2.859242120224363859e+00 7.392548616294990493e-01 1.702080000000000000e+05
2.883795674146918397e+00 7.227915574507383090e-01 1.739060000000000000e+05
2.908310367032441501e+00 7.055419166040598489e-01 1.755300000000000000e+05
2.932762648979863496e+00 6.956009873019876055e-01 1.792520000000000000e+05
2.957354671686772463e+00 6.792602676524569505e-01 1.830680000000000000e+05
2.981929099202057287e+00 6.672567793360784094e-01 1.854820000000000000e+05
3.006447522980065568e+00 6.479498857920779065e-01 1.880620000000000000e+05
3.031021325283102197e+00 6.406670554971622966e-01 1.926420000000000000e+05
3.055617158894413432e+00 6.233702105658520676e-01 1.947140000000000000e+05
3.080222423553735211e+00 6.115570037280565474e-01 1.988180000000000000e+05
3.104658431249708972e+00 5.955314615149798207e-01 1.985880000000000000e+05
3.129104157143472342e+00 5.850106774120558129e-01 2.049720000000000000e+05
3.153666107892540982e+00 5.762121883121522625e-01 2.070900000000000000e+05
3.178236510403852577e+00 5.630189156523629501e-01 2.116040000000000000e+05
3.202807723967755482e+00 5.563565582017674371e-01 2.135000000000000000e+05
3.227328988644422747e+00 5.445726555325673957e-01 2.174580000000000000e+05
3.251918303643163366e+00 5.296819152483493998e-01 2.211220000000000000e+05
3.276553677281378363e+00 5.180729651965874094e-01 2.251740000000000000e+05
3.301054613449531328e+00 5.087344233504299540e-01 2.254580000000000000e+05
3.325520506708000035e+00 5.029317829401862561e-01 2.307780000000000000e+05
3.350082606911083172e+00 4.885854338145441678e-01 2.346620000000000000e+05
3.374638471491168357e+00 4.778147956717712086e-01 2.370900000000000000e+05
3.399170621190092056e+00 4.672410735016631622e-01 2.414900000000000000e+05
3.423704409844894769e+00 4.593348966685540935e-01 2.436700000000000000e+05
3.448254086667305707e+00 4.525081229710957165e-01 2.489620000000000000e+05
3.472796448581847439e+00 4.429332591952452325e-01 2.509540000000000000e+05
3.497303225853108266e+00 4.348350245005483949e-01 2.546820000000000000e+05
3.521859985192977938e+00 4.246336522268416847e-01 2.597660000000000000e+05
3.546424286340617904e+00 4.190751696361649237e-01 2.614900000000000000e+05
3.570998981027290409e+00 4.111482337393398412e-01 2.677620000000000000e+05
3.595600871653301223e+00 4.020794556327066949e-01 2.692540000000000000e+05
3.620133714506168499e+00 3.946132423087952978e-01 2.734020000000000000e+05
3.644665090967286414e+00 3.878261687745074293e-01 2.769780000000000000e+05
3.669256741163455349e+00 3.781705631249837607e-01 2.819300000000000000e+05
3.693754493622263713e+00 3.715441490498263555e-01 2.827260000000000000e+05
3.718234765907703743e+00 3.646706382273576796e-01 2.886340000000000000e+05
3.742746452707597093e+00 3.564737569087217395e-01 2.911940000000000000e+05
3.767336798239477424e+00 3.529053291965794648e-01 2.983160000000000000e+05
3.791942667298908720e+00 3.431698960198615311e-01 2.991160000000000000e+05
3.816441815281845340e+00 3.402657892880542323e-01 3.037460000000000000e+05
3.840963437352050036e+00 3.310577757546390720e-01 3.071300000000000000e+05
3.865469441448510679e+00 3.264717011607510821e-01 3.114540000000000000e+05
3.890043745248791485e+00 3.208053037095373594e-01 3.167940000000000000e+05
3.914615689522903175e+00 3.148516207617116369e-01 3.191300000000000000e+05
3.939097121164933490e+00 3.076325161757422211e-01 3.227560000000000000e+05
3.963665290400354202e+00 3.021700411958598287e-01 3.289800000000000000e+05
3.988256645205220607e+00 2.974718851283176813e-01 3.321680000000000000e+05
4.012797453054211871e+00 2.914773807174872999e-01 3.354620000000000000e+05
4.037351537842088334e+00 2.855961220596621719e-01 3.405560000000000000e+05
4.061914585401027900e+00 2.805529588031493438e-01 3.444740000000000000e+05
4.086437815517499850e+00 2.718419744288882445e-01 3.471860000000000000e+05
4.110951046617015159e+00 2.705170028195930665e-01 3.532380000000000000e+05
4.135472734262805261e+00 2.643730417384422271e-01 3.551620000000000000e+05
4.160026531205497591e+00 2.598906163088039456e-01 3.627840000000000000e+05
4.184627233559072401e+00 2.553483693504095542e-01 3.655020000000000000e+05
4.209183402302661747e+00 2.504471973413204267e-01 3.694900000000000000e+05
4.233703910607026444e+00 2.453620485660839567e-01 3.736360000000000000e+05
4.258250420165045291e+00 2.422970792238408888e-01 3.781540000000000000e+05
4.282795097965550468e+00 2.366345455872725934e-01 3.831980000000000000e+05
4.307362905596606950e+00 2.322856060704700798e-01 3.872260000000000000e+05
4.331889236955777100e+00 2.279267579372828700e-01 3.904320000000000000e+05
4.356351782716353149e+00 2.243491504382482404e-01 3.945740000000000000e+05
4.380869968189077035e+00 2.196678805727530492e-01 4.005240000000000000e+05
4.405442015258435262e+00 2.157962858204932055e-01 4.060180000000000000e+05
4.430038154713768606e+00 2.116367243481309668e-01 4.097500000000000000e+05
4.454549098485687253e+00 2.082610200193803496e-01 4.124740000000000000e+05
4.479064117175447279e+00 2.049112699166793505e-01 4.191220000000000000e+05
4.503684799355169410e+00 2.014874882942075673e-01 4.249840000000000000e+05
4.528242374938078463e+00 1.972383043797645563e-01 4.265520000000000000e+05
4.552775342002050252e+00 1.938171452573240749e-01 4.331060000000000000e+05
4.577325162575355044e+00 1.908968488672184438e-01 4.364900000000000000e+05
4.601909666628191786e+00 1.876918757997308174e-01 4.441020000000000000e+05
4.626452257502047694e+00 1.835617796892172748e-01 4.438580000000000000e+05
4.650940074150386572e+00 1.789432846896630291e-01 4.520580000000000000e+05
4.675452428806773142e+00 1.772350530944766522e-01 4.539040000000000000e+05
4.700012478571549579e+00 1.744281015144178992e-01 4.635820000000000000e+05
4.724564252754682947e+00 1.700240597060982961e-01 4.632040000000000000e+05
4.749083637952227654e+00 1.671416981304183758e-01 4.718580000000000000e+05
4.773640954484383414e+00 1.651385114088264050e-01 4.748060000000000000e+05
4.798218062373196702e+00 1.624102085176594157e-01 4.816500000000000000e+05
4.822796979808900097e+00 1.588500419056795288e-01 4.857140000000000000e+05
4.847294457657936206e+00 1.569955069244687307e-01 4.876640000000000000e+05
4.871792762736153470e+00 1.542809754554714252e-01 4.956720000000000000e+05
4.896353863643452264e+00 1.506180608562896761e-01 5.003700000000000000e+05
4.920905835235039660e+00 1.480102354601398884e-01 5.050500000000000000e+05
4.945446202376126088e+00 1.454264608537198245e-01 5.106220000000000000e+05
4.969987170607944371e+00 1.427962365899041464e-01 5.141780000000000000e+05
4.994549881773915345e+00 1.410510683831937839e-01 5.225060000000000000e+05
5.019089867533919502e+00 1.382670863148752483e-01 5.232700000000000000e+05
5.043657965768904461e+00 1.354316585025981678e-01 5.339440000000000000e+05
5.068231648991710081e+00 1.334445665634597100e-01 5.340280000000000000e+05
5.092745460766996857e+00 1.309477088545492884e-01 5.411300000000000000e+05
5.117271972670701885e+00 1.291051822034592067e-01 5.458780000000000000e+05
5.141819468888066069e+00 1.258928867141500263e-01 5.518420000000000000e+05
5.166361760711475348e+00 1.242928989937426287e-01 5.564660000000000000e+05
5.190889147532012693e+00 1.224306687564099549e-01 5.615640000000000000e+05
5.215413797921450545e+00 1.205763069676722421e-01 5.671560000000000000e+05
5.240003176458370326e+00 1.179893556967541168e-01 5.754260000000000000e+05
5.264574876720439001e+00 1.163167735840776595e-01 5.765060000000000000e+05
5.289071055375218045e+00 1.142643317266209269e-01 5.830460000000000000e+05
5.313607607293103108e+00 1.126805692952442955e-01 5.894500000000000000e+05
5.338150456576858716e+00 1.106219346950883115e-01 5.935600000000000000e+05
5.362714209695266909e+00 1.086424393126353138e-01 6.020300000000000000e+05
5.387260596384244593e+00 1.070301568195140413e-01 6.033000000000000000e+05
5.411760803823801425e+00 1.051601254118029183e-01 6.110420000000000000e+05
5.436329641198601514e+00 1.036989942179549207e-01 6.176620000000000000e+05
5.460880694997348073e+00 1.019028915773938643e-01 6.211540000000000000e+05
5.485422509986556783e+00 9.966756400701125285e-02 6.289540000000000000e+05
5.509989251405812638e+00 9.874646815869518590e-02 6.326800000000000000e+05
5.534532319035204928e+00 9.725749424681218169e-02 6.401020000000000000e+05
5.559065918477322121e+00 9.608551906446889668e-02 6.427140000000000000e+05
5.583595599117018082e+00 9.386749602608344956e-02 6.517560000000000000e+05
5.608152791658149283e+00 9.235385785693173144e-02 6.554220000000000000e+05
5.632726999598411943e+00 9.107495958972527950e-02 6.638420000000000000e+05
5.657254664025309410e+00 8.993848878146940007e-02 6.653300000000000000e+05
5.681777520433850981e+00 8.830244138168330537e-02 6.742080000000000000e+05
5.706331074527888347e+00 8.684296693327059335e-02 6.793420000000000000e+05
5.730904673352310574e+00 8.511092962683053376e-02 6.863560000000000000e+05
5.755446631809934210e+00 8.401177537543927376e-02 6.898180000000000000e+05
5.779967117268531851e+00 8.251856204320476285e-02 6.971500000000000000e+05
5.804518294020360791e+00 8.147462225242857459e-02 7.025380000000000000e+05
5.829038799766856904e+00 8.065541470221478104e-02 7.080580000000000000e+05
5.853525995437967033e+00 7.910369959492927205e-02 7.122620000000000000e+05
5.878070134362088695e+00 7.832474835324031159e-02 7.233120000000000000e+05
5.902642201624480833e+00 7.696228421684923882e-02 7.258600000000000000e+05
5.927201969622910127e+00 7.566049197020223438e-02 7.345140000000000000e+05
5.951774900213502306e+00 7.459709284097107429e-02 7.394460000000000000e+05
5.976339359209581481e+00 7.376614356469837763e-02 7.457380000000000000e+05
6.000923976643488977e+00 7.272441479230522254e-02 7.530420000000000000e+05
6.025455341312832225e+00 7.174110939719570423e-02 7.548300000000000000e+05
6.049944459359555715e+00 7.064448149728724813e-02 7.625200000000000000e+05
6.074510760121339281e+00 6.995339354891193240e-02 7.725880000000000000e+05
6.099061386538314977e+00 6.895724565407021500e-02 7.732740000000000000e+05
6.123563796207534438e+00 6.809665121384590736e-02 7.823660000000000000e+05
6.148112506352654272e+00 6.750173239718154639e-02 7.888500000000000000e+05
6.172679221737511490e+00 6.652150122770889018e-02 7.957300000000000000e+05
6.197226931636002689e+00 6.569148981623701422e-02 8.008600000000000000e+05
6.221737176806632519e+00 6.439091551729451968e-02 8.052260000000000000e+05
6.246285785358609566e+00 6.392654642023397338e-02 8.169480000000000000e+05
6.270876701768449024e+00 6.293275035247071492e-02 8.200340000000000000e+05
