#        k       b1_x       b1_a            Pkmm
   0.00920    2.51717    2.51723     1.66233e+03
   0.01534    2.48725    2.48756     1.97689e+03
   0.02148    2.50163    2.50183     1.91637e+03
   0.02761    2.50791    2.50876     1.70883e+03
   0.03375    2.51880    2.51893     1.45970e+03
   0.03988    2.51465    2.51561     1.24091e+03
   0.04602    2.50589    2.50706     1.08138e+03
   0.05216    2.51959    2.52087     9.68953e+02
   0.05829    2.52251    2.52413     9.05765e+02
   0.06443    2.50912    2.51029     8.33585e+02
   0.07056    2.51128    2.51349     7.84152e+02
   0.07670    2.52115    2.52363     7.06591e+02
   0.08283    2.52076    2.52378     6.30540e+02
   0.08897    2.52473    2.52814     5.51972e+02
   0.09511    2.51828    2.52183     4.86923e+02
   0.10124    2.53525    2.53922     4.38877e+02
   0.10738    2.52418    2.52807     4.00048e+02
   0.11351    2.53112    2.53525     3.75337e+02
   0.11965    2.53223    2.53692     3.56556e+02
   0.12579    2.53752    2.54194     3.44555e+02
   0.13192    2.55275    2.55730     3.26990e+02
   0.13806    2.54499    2.55014     3.02775e+02
   0.14419    2.55415    2.55963     2.82153e+02
   0.15033    2.55200    2.55745     2.55991e+02
   0.15647    2.55219    2.55848     2.34525e+02
   0.16260    2.55898    2.56503     2.16251e+02
   0.16874    2.56510    2.57086     2.05087e+02
   0.17487    2.56467    2.57097     1.93333e+02
   0.18101    2.55888    2.56477     1.84251e+02
   0.18715    2.56883    2.57492     1.78613e+02
   0.19328    2.57325    2.57925     1.73453e+02
   0.19942    2.56991    2.57596     1.62937e+02
   0.20555    2.57948    2.58550     1.53331e+02
   0.21169    2.58210    2.58747     1.45098e+02
   0.21783    2.58750    2.59247     1.36415e+02
   0.22396    2.58924    2.59373     1.26383e+02
   0.23010    2.59821    2.60271     1.22364e+02
   0.23623    2.60142    2.60642     1.16543e+02
   0.24237    2.59639    2.60051     1.11171e+02
   0.24850    2.60462    2.60834     1.08776e+02
   0.25464    2.60682    2.60955     1.04837e+02
   0.26078    2.61129    2.61441     1.00258e+02
   0.26691    2.60931    2.61178     9.59210e+01
   0.27305    2.61837    2.61976     9.19566e+01
   0.27918    2.62543    2.62544     8.83718e+01
   0.28532    2.62626    2.62490     8.49314e+01
   0.29146    2.63352    2.63305     8.06006e+01
   0.29759    2.63364    2.63252     7.72716e+01
   0.30373    2.64102    2.63909     7.47731e+01
   0.30986    2.64420    2.64162     7.25743e+01
   0.31600    2.64207    2.63749     7.00677e+01
   0.32214    2.64939    2.64339     6.81895e+01
   0.32827    2.64443    2.63849     6.55668e+01
   0.33441    2.65580    2.64934     6.32609e+01
   0.34054    2.65702    2.64907     6.09556e+01
   0.34668    2.66387    2.65656     5.91969e+01
   0.35282    2.66618    2.65491     5.67687e+01
   0.35895    2.67269    2.66112     5.51379e+01
   0.36509    2.67242    2.65891     5.33568e+01
   0.37122    2.67871    2.66369     5.26447e+01
   0.37736    2.68744    2.67115     5.06798e+01
   0.38350    2.68856    2.67161     4.85457e+01
   0.38963    2.68632    2.66823     4.74665e+01
   0.39577    2.69421    2.67372     4.65468e+01
   0.40190    2.69477    2.67397     4.50613e+01
   0.40804    2.70279    2.68009     4.40206e+01
   0.41417    2.69835    2.67430     4.22118e+01
   0.42031    2.70860    2.68227     4.14290e+01
   0.42645    2.71445    2.68596     4.00084e+01
   0.43258    2.70935    2.67958     3.83692e+01
   0.43872    2.71489    2.68299     3.81106e+01
   0.44485    2.71647    2.68195     3.69885e+01
   0.45099    2.72114    2.68492     3.61769e+01
   0.45713    2.72434    2.68772     3.51261e+01
   0.46326    2.72835    2.68895     3.45151e+01
   0.46940    2.73401    2.69275     3.38299e+01
   0.47553    2.73635    2.69278     3.28114e+01
   0.48167    2.74066    2.69422     3.19790e+01
   0.48781    2.74128    2.69240     3.13039e+01
   0.49394    2.74865    2.69763     3.05804e+01
   0.50008    2.74846    2.69558     2.95702e+01
   0.50621    2.75069    2.69639     2.91338e+01
   0.51235    2.75262    2.69414     2.81460e+01
   0.51849    2.75638    2.69607     2.77258e+01
   0.52462    2.75693    2.69400     2.72484e+01
   0.53076    2.76271    2.69723     2.66532e+01
   0.53689    2.76586    2.69824     2.60183e+01
   0.54303    2.76409    2.69408     2.55440e+01
   0.54917    2.77268    2.70046     2.50240e+01
   0.55530    2.77417    2.69871     2.43791e+01
   0.56144    2.78033    2.70316     2.39928e+01
   0.56757    2.77859    2.69750     2.33169e+01
   0.57371    2.78296    2.69882     2.29453e+01
   0.57984    2.77852    2.69145     2.24925e+01
   0.58598    2.78627    2.69704     2.20810e+01
   0.59212    2.79244    2.69982     2.16792e+01
   0.59825    2.79391    2.69783     2.12777e+01
   0.60439    2.79916    2.70153     2.10449e+01
   0.61052    2.79631    2.69432     2.04578e+01
   0.61666    2.80292    2.70021     2.02183e+01
   0.62280    2.80324    2.69532     1.96918e+01
   0.62893    2.80745    2.69643     1.93149e+01
   0.63507    2.81453    2.70088     1.90713e+01
   0.64120    2.81493    2.69744     1.87547e+01
   0.64734    2.81921    2.69918     1.84239e+01
   0.65348    2.82005    2.69630     1.80046e+01
   0.65961    2.81586    2.68866     1.77406e+01
   0.66575    2.82291    2.69127     1.74265e+01
   0.67188    2.82605    2.69235     1.71153e+01
   0.67802    2.82856    2.69102     1.68694e+01
   0.68416    2.83266    2.69172     1.65650e+01
   0.69029    2.83628    2.69249     1.62610e+01
   0.69643    2.83426    2.68505     1.60164e+01
   0.70256    2.83618    2.68355     1.57458e+01
   0.70870    2.83824    2.68275     1.54809e+01
   0.71484    2.84346    2.68297     1.52251e+01
   0.72097    2.84329    2.68005     1.50993e+01
   0.72711    2.84981    2.68393     1.48248e+01
   0.73324    2.84961    2.67693     1.44983e+01
   0.73938    2.85450    2.67950     1.43149e+01
   0.74551    2.85310    2.67472     1.41564e+01
   0.75165    2.85377    2.67169     1.39836e+01
   0.75779    2.85434    2.66705     1.37086e+01
   0.76392    2.85922    2.66755     1.34637e+01
   0.77006    2.86225    2.66616     1.32955e+01
   0.77619    2.86278    2.66207     1.31218e+01
   0.78233    2.86591    2.66336     1.30227e+01
   0.78847    2.86882    2.66132     1.27875e+01
   0.79460    2.86901    2.65524     1.25209e+01
   0.80074    2.87259    2.65642     1.24099e+01
   0.80687    2.87355    2.65173     1.21910e+01
   0.81301    2.87446    2.64873     1.20660e+01
   0.81915    2.87737    2.64696     1.18811e+01
   0.82528    2.87828    2.64340     1.17405e+01
   0.83142    2.87583    2.63511     1.15417e+01
   0.83755    2.88146    2.63689     1.14075e+01
   0.84369    2.88316    2.63303     1.12472e+01
   0.84983    2.88682    2.63243     1.10874e+01
   0.85596    2.88782    2.62894     1.09247e+01
   0.86210    2.89085    2.62806     1.08306e+01
   0.86823    2.89150    2.62404     1.06968e+01
   0.87437    2.89509    2.62166     1.05351e+01
   0.88050    2.89622    2.61916     1.04269e+01
   0.88664    2.89614    2.61167     1.02587e+01
   0.89278    2.89670    2.60725     1.01558e+01
   0.89891    2.89438    2.60073     1.00086e+01
   0.90505    2.89883    2.59877     9.86715e+00
   0.91118    2.89849    2.59517     9.79822e+00
   0.91732    2.90215    2.59292     9.67340e+00
   0.92346    2.89928    2.58310     9.51660e+00
   0.92959    2.90449    2.58433     9.42666e+00
   0.93573    2.90363    2.57707     9.30162e+00
   0.94186    2.90626    2.57665     9.22204e+00
   0.94800    2.90417    2.56738     9.08667e+00
   0.95414    2.90970    2.56781     8.99028e+00
   0.96027    2.91309    2.56543     8.87707e+00
   0.96641    2.91272    2.56105     8.81553e+00
   0.97254    2.91208    2.55372     8.68581e+00
   0.97868    2.91304    2.54873     8.59452e+00
   0.98482    2.91501    2.54534     8.49708e+00
   0.99095    2.91628    2.54310     8.43110e+00
   0.99709    2.91429    2.53272     8.28632e+00
   1.00322    2.91875    2.53020     8.19018e+00
   1.00936    2.91717    2.52234     8.12449e+00
   1.01550    2.91800    2.51634     7.99828e+00
   1.02163    2.91848    2.51054     7.93059e+00
   1.02777    2.92265    2.51232     7.87577e+00
   1.03390    2.92146    2.50448     7.79132e+00
   1.04004    2.92349    2.50109     7.71983e+00
   1.04617    2.92550    2.49533     7.62085e+00
   1.05231    2.92151    2.48552     7.54994e+00
   1.05845    2.92642    2.48338     7.46971e+00
   1.06458    2.92568    2.47589     7.38004e+00
   1.07072    2.92603    2.46774     7.27468e+00
   1.07685    2.92739    2.46395     7.21981e+00
   1.08299    2.92523    2.45606     7.16129e+00
   1.08913    2.92721    2.44981     7.06094e+00
   1.09526    2.92430    2.44167     7.03068e+00
   1.10140    2.92868    2.43945     6.95844e+00
   1.10753    2.93034    2.43468     6.87987e+00
   1.11367    2.92845    2.42674     6.82560e+00
   1.11981    2.92766    2.41749     6.75858e+00
   1.12594    2.93249    2.41543     6.67819e+00
   1.13208    2.93031    2.40604     6.61515e+00
   1.13821    2.92765    2.39497     6.55119e+00
   1.14435    2.93017    2.38933     6.46707e+00
   1.15049    2.92986    2.38236     6.41770e+00
   1.15662    2.93338    2.38116     6.38004e+00
   1.16276    2.93226    2.37069     6.30213e+00
   1.16889    2.93272    2.36517     6.25913e+00
   1.17503    2.93258    2.35661     6.19033e+00
   1.18117    2.93202    2.34870     6.13667e+00
   1.18730    2.93348    2.33984     6.06368e+00
   1.19344    2.93296    2.33391     6.01706e+00
   1.19957    2.93146    2.32398     5.96642e+00
   1.20571    2.93272    2.32042     5.93684e+00
   1.21184    2.93050    2.30493     5.84036e+00
   1.21798    2.93164    2.30285     5.82695e+00
   1.22412    2.93353    2.29607     5.76868e+00
   1.23025    2.92841    2.28030     5.70834e+00
   1.23639    2.93069    2.27363     5.64890e+00
   1.24252    2.93318    2.27227     5.62741e+00
   1.24866    2.93188    2.26166     5.57511e+00
   1.25480    2.93265    2.25300     5.51612e+00
   1.26093    2.93377    2.24562     5.46380e+00
   1.26707    2.92929    2.22832     5.40294e+00
   1.27320    2.93007    2.22781     5.39376e+00
   1.27934    2.92943    2.21519     5.33527e+00
   1.28548    2.92940    2.20846     5.30157e+00
   1.29161    2.92980    2.19960     5.25909e+00
   1.29775    2.92722    2.18494     5.20064e+00
   1.30388    2.92907    2.18122     5.16971e+00
   1.31002    2.92741    2.16760     5.11376e+00
   1.31616    2.92840    2.15976     5.07390e+00
   1.32229    2.92948    2.15299     5.04258e+00
   1.32843    2.92658    2.14160     5.00612e+00
   1.33456    2.92596    2.12833     4.95495e+00
   1.34070    2.92305    2.12122     4.94045e+00
   1.34684    2.92754    2.11493     4.88982e+00
   1.35297    2.92220    2.09720     4.84264e+00
   1.35911    2.92411    2.08864     4.80263e+00
   1.36524    2.92169    2.07965     4.78201e+00
   1.37138    2.92152    2.06768     4.73504e+00
   1.37751    2.92078    2.05352     4.68360e+00
   1.38365    2.92089    2.04655     4.66119e+00
   1.38979    2.92172    2.03916     4.63251e+00
   1.39592    2.91720    2.02426     4.60190e+00
   1.40206    2.91783    2.01400     4.56500e+00
   1.40819    2.91564    1.99549     4.51181e+00
   1.41433    2.91625    1.98865     4.48446e+00
   1.42047    2.91437    1.97597     4.45954e+00
   1.42660    2.91413    1.96900     4.44168e+00
   1.43274    2.91376    1.95683     4.39938e+00
   1.43887    2.91323    1.94517     4.36704e+00
   1.44501    2.90975    1.92852     4.33350e+00
   1.45115    2.90929    1.91632     4.29851e+00
   1.45728    2.90793    1.90120     4.26624e+00
   1.46342    2.90988    1.89259     4.23084e+00
   1.46955    2.90580    1.87860     4.21026e+00
   1.47569    2.90584    1.86493     4.17436e+00
   1.48183    2.90339    1.84882     4.14236e+00
   1.48796    2.90290    1.84185     4.13035e+00
   1.49410    2.90390    1.82564     4.08311e+00
   1.50023    2.90039    1.81299     4.06989e+00
   1.50637    2.90097    1.80292     4.04418e+00
   1.51251    2.89914    1.78833     4.01506e+00
   1.51864    2.89606    1.76820     3.98111e+00
   1.52478    2.89327    1.75224     3.95438e+00
   1.53091    2.89369    1.74341     3.93550e+00
   1.53705    2.89359    1.73125     3.90903e+00
   1.54318    2.89064    1.71158     3.87889e+00
   1.54932    2.89099    1.70174     3.85874e+00
   1.55546    2.88858    1.67766     3.81784e+00
   1.56159    2.88799    1.66904     3.80435e+00
   1.56773    2.88523    1.64866     3.77666e+00
   1.57386    2.88163    1.62971     3.75084e+00
   1.58000    2.88164    1.62118     3.73731e+00
   1.58614    2.87974    1.59792     3.70067e+00
   1.59227    2.87797    1.57830     3.67294e+00
   1.59841    2.87679    1.56620     3.65568e+00
   1.60454    2.87544    1.54847     3.63494e+00
   1.61068    2.87338    1.52836     3.60489e+00
   1.61682    2.87021    1.51148     3.58951e+00
   1.62295    2.86955    1.48700     3.55202e+00
   1.62909    2.86919    1.47858     3.54555e+00
   1.63522    2.86787    1.45501     3.51025e+00
   1.64136    2.86419    1.43979     3.50167e+00
   1.64750    2.86275    1.42095     3.48108e+00
   1.65363    2.85993    1.39723     3.45685e+00
   1.65977    2.85811    1.37668     3.43303e+00
   1.66590    2.85691    1.35996     3.41604e+00
   1.67204    2.85386    1.33522     3.39278e+00
   1.67817    2.85207    1.31889     3.37872e+00
   1.68431    2.84887    1.29044     3.35303e+00
   1.69045    2.84872    1.27536     3.33723e+00
   1.69658    2.84701    1.24942     3.31327e+00
   1.70272    2.84264    1.21705     3.28896e+00
   1.70885    2.84108    1.20273     3.27923e+00
   1.71499    2.84214    1.18345     3.25744e+00
   1.72113    2.83814    1.15162     3.23474e+00
   1.72726    2.83616    1.12846     3.21807e+00
   1.73340    2.83389    1.10157     3.19884e+00
   1.73953    2.82943    1.06670     3.17682e+00
   1.74567    2.82870    1.03405     3.15238e+00
   1.75181    2.82712    1.01787     3.14483e+00
   1.75794    2.82266    0.97167     3.11785e+00
   1.76408    2.82329    0.95573     3.10453e+00
   1.77021    2.81869    0.91600     3.08650e+00
   1.77635    2.81715    0.89455     3.07587e+00
   1.78249    2.81489    0.85720     3.05707e+00
   1.78862    2.81302    0.81795     3.03661e+00
   1.79476    2.81053    0.78560     3.02331e+00
   1.80089    2.80813    0.74057     3.00325e+00
   1.80703    2.80405    0.69397     2.98767e+00
   1.81317    2.80296    0.66232     2.97474e+00
   1.81930    2.80023    0.61964     2.96301e+00
   1.82544    2.79856    0.56154     2.94069e+00
   1.83157    2.79509    0.48716     2.92064e+00
   1.83771    2.79298    0.41141     2.90203e+00
   1.84384    2.78923    0.32616     2.88900e+00
   1.84998    2.78620    0.23272     2.87710e+00
   1.85612    2.78571    0.01287     2.86111e+00
   1.86225    2.78136    0.25796     2.84799e+00
   1.86839    2.77677    0.36156     2.83652e+00
   1.87452    2.77560    0.43575     2.81936e+00
   1.88066    2.77376    0.50945     2.80051e+00
   1.88680    2.77036    0.55956     2.79165e+00
   1.89293    2.76615    0.63779     2.76883e+00
   1.89907    2.76690    0.65047     2.76235e+00
   1.90520    2.76392    0.70583     2.74538e+00
   1.91134    2.76020    0.76133     2.72612e+00
   1.91748    2.75823    0.79713     2.71483e+00
   1.92361    2.75378    0.83562     2.70266e+00
   1.92975    2.75064    0.87764     2.68753e+00
   1.93588    2.74691    0.90653     2.67864e+00
   1.94202    2.74510    0.94249     2.66274e+00
   1.94816    2.74132    0.97357     2.65353e+00
   1.95429    2.73952    1.01066     2.63565e+00
   1.96043    2.73398    1.06021     2.61464e+00
   1.96656    2.73252    1.06834     2.61306e+00
   1.97270    2.72900    1.10039     2.60003e+00
   1.97884    2.72711    1.14120     2.57813e+00
   1.98497    2.72300    1.15614     2.57671e+00
   1.99111    2.72040    1.19442     2.55639e+00
   1.99724    2.71835    1.21459     2.54574e+00
   2.00338    2.71560    1.23114     2.53967e+00
   2.00951    2.70959    1.27193     2.52211e+00
   2.01565    2.70780    1.30289     2.50384e+00
   2.02179    2.70565    1.31448     2.50070e+00
   2.02792    2.70158    1.34784     2.48355e+00
   2.03406    2.69683    1.37424     2.47225e+00
   2.04019    2.69497    1.38955     2.46563e+00
   2.04633    2.69055    1.41930     2.45176e+00
   2.05247    2.68610    1.44458     2.43911e+00
   2.05860    2.68399    1.46282     2.43005e+00
   2.06474    2.68152    1.48296     2.41978e+00
   2.07087    2.67992    1.50742     2.40453e+00
   2.07701    2.67495    1.52716     2.39700e+00
   2.08315    2.67165    1.54970     2.38544e+00
   2.08928    2.66792    1.57626     2.37115e+00
   2.09542    2.66529    1.59522     2.36054e+00
   2.10155    2.65950    1.61783     2.35206e+00
   2.10769    2.65793    1.63867     2.33912e+00
   2.11383    2.65494    1.65586     2.33011e+00
   2.11996    2.65107    1.67751     2.31853e+00
   2.12610    2.64646    1.70056     2.30773e+00
   2.13223    2.64378    1.71669     2.29965e+00
   2.13837    2.63834    1.74243     2.28793e+00
   2.14451    2.63526    1.76496     2.27360e+00
   2.15064    2.63107    1.78338     2.26464e+00
   2.15678    2.62815    1.80010     2.25645e+00
   2.16291    2.62544    1.81846     2.24582e+00
   2.16905    2.62155    1.83583     2.23727e+00
   2.17518    2.61875    1.85425     2.22674e+00
   2.18132    2.61415    1.87287     2.21769e+00
   2.18746    2.60905    1.89750     2.20450e+00
   2.19359    2.60618    1.91249     2.19676e+00
   2.19973    2.60133    1.92692     2.19135e+00
   2.20586    2.59915    1.94100     2.18340e+00
   2.21200    2.59667    1.96321     2.16935e+00
   2.21814    2.58969    1.98065     2.16376e+00
   2.22427    2.58729    1.99896     2.15259e+00
   2.23041    2.58313    2.01808     2.14209e+00
   2.23654    2.57868    2.03200     2.13600e+00
   2.24268    2.57549    2.05200     2.12400e+00
   2.24882    2.57213    2.06201     2.11977e+00
   2.25495    2.56886    2.08495     2.10548e+00
   2.26109    2.56452    2.09966     2.09886e+00
   2.26722    2.56073    2.11610     2.09044e+00
   2.27336    2.55753    2.13091     2.08158e+00
   2.27950    2.55266    2.15163     2.07117e+00
   2.28563    2.54945    2.16763     2.06191e+00
   2.29177    2.54340    2.18706     2.05252e+00
   2.29790    2.54008    2.19671     2.04902e+00
   2.30404    2.53643    2.21653     2.03742e+00
   2.31018    2.53078    2.23587     2.02693e+00
   2.31631    2.52960    2.24126     2.02507e+00
   2.32245    2.52337    2.26747     2.01064e+00
   2.32858    2.52137    2.27113     2.00929e+00
   2.33472    2.51661    2.29628     1.99453e+00
   2.34085    2.51144    2.31036     1.98885e+00
   2.34699    2.50818    2.32482     1.98040e+00
   2.35313    2.50277    2.34123     1.97261e+00
   2.35926    2.49917    2.35551     1.96580e+00
   2.36540    2.49713    2.36648     1.95882e+00
   2.37153    2.49143    2.37936     1.95376e+00
   2.37767    2.48854    2.39441     1.94503e+00
   2.38381    2.48159    2.40856     1.93961e+00
   2.38994    2.47759    2.42915     1.92752e+00
   2.39608    2.47561    2.44216     1.91983e+00
   2.40221    2.46998    2.45724     1.91289e+00
   2.40835    2.46425    2.46973     1.90825e+00
   2.41449    2.46060    2.48950     1.89637e+00
   2.42062    2.45643    2.50311     1.88932e+00
   2.42676    2.45368    2.51482     1.88310e+00
   2.43289    2.44729    2.53283     1.87433e+00
   2.43903    2.44413    2.54543     1.86752e+00
   2.44517    2.43867    2.55974     1.86097e+00
   2.45130    2.43428    2.57300     1.85390e+00
   2.45744    2.43203    2.58158     1.84938e+00
   2.46357    2.42548    2.59857     1.84160e+00
   2.46971    2.42120    2.61011     1.83671e+00
   2.47584    2.41703    2.62564     1.82827e+00
   2.48198    2.41357    2.64066     1.81976e+00
   2.48812    2.40819    2.65578     1.81176e+00
   2.49425    2.40363    2.66438     1.80913e+00
   2.50039    2.39952    2.68497     1.79651e+00
   2.50652    2.39193    2.69509     1.79440e+00
   2.51266    2.38950    2.70176     1.79148e+00
   2.51880    2.38598    2.71727     1.78255e+00
   2.52493    2.38217    2.73349     1.77342e+00
   2.53107    2.37567    2.74440     1.76970e+00
   2.53720    2.37176    2.75791     1.76251e+00
   2.54334    2.36765    2.77009     1.75667e+00
   2.54948    2.36275    2.78332     1.74980e+00
   2.55561    2.35842    2.79652     1.74291e+00
   2.56175    2.35415    2.81091     1.73560e+00
   2.56788    2.34946    2.82070     1.73147e+00
   2.57402    2.34457    2.83765     1.72219e+00
   2.58016    2.34019    2.84786     1.71772e+00
   2.58629    2.33510    2.85933     1.71264e+00
   2.59243    2.33013    2.87301     1.70607e+00
   2.59856    2.32633    2.88724     1.69789e+00
   2.60470    2.31976    2.89630     1.69553e+00
   2.61084    2.31686    2.90799     1.68909e+00
   2.61697    2.31161    2.91883     1.68445e+00
   2.62311    2.30575    2.93490     1.67628e+00
   2.62924    2.30348    2.94326     1.67196e+00
   2.63538    2.29684    2.96232     1.66254e+00
   2.64151    2.29265    2.97032     1.65925e+00
   2.64765    2.28720    2.98352     1.65274e+00
   2.65379    2.28445    2.99389     1.64740e+00
   2.65992    2.27832    3.00492     1.64239e+00
   2.66606    2.27356    3.01714     1.63683e+00
   2.67219    2.26706    3.03175     1.63009e+00
   2.67833    2.26388    3.04380     1.62386e+00
   2.68447    2.25776    3.05190     1.62129e+00
   2.69060    2.25433    3.06396     1.61506e+00
   2.69674    2.24859    3.07710     1.60806e+00
   2.70287    2.24324    3.08754     1.60414e+00
   2.70901    2.24001    3.10217     1.59596e+00
   2.71515    2.23450    3.11103     1.59271e+00
   2.72128    2.22881    3.12229     1.58788e+00
   2.72742    2.22536    3.13449     1.58121e+00
   2.73355    2.22071    3.14245     1.57813e+00
   2.73969    2.21417    3.15537     1.57289e+00
   2.74583    2.20952    3.17057     1.56487e+00
   2.75196    2.20414    3.17688     1.56256e+00
   2.75810    2.20011    3.18734     1.55751e+00
   2.76423    2.19433    3.19929     1.55220e+00
   2.77037    2.18958    3.21279     1.54559e+00
   2.77651    2.18457    3.22081     1.54247e+00
   2.78264    2.17948    3.23443     1.53576e+00
   2.78878    2.17713    3.24558     1.52966e+00
   2.79491    2.16968    3.25624     1.52562e+00
   2.80105    2.16510    3.26593     1.52129e+00
   2.80718    2.15977    3.27265     1.51891e+00
   2.81332    2.15497    3.28501     1.51288e+00
   2.81946    2.14991    3.29578     1.50815e+00
   2.82559    2.14501    3.30542     1.50399e+00
   2.83173    2.14040    3.31489     1.49987e+00
   2.83786    2.13452    3.32620     1.49480e+00
   2.84400    2.12892    3.33900     1.48857e+00
   2.85014    2.12579    3.34470     1.48627e+00
   2.85627    2.11971    3.35990     1.47911e+00
   2.86241    2.11260    3.36847     1.47622e+00
   2.86854    2.11021    3.37996     1.46964e+00
   2.87468    2.10425    3.39216     1.46436e+00
   2.88082    2.09849    3.40175     1.46048e+00
   2.88695    2.09472    3.40864     1.45741e+00
   2.89309    2.08785    3.41999     1.45263e+00
   2.89922    2.08416    3.43220     1.44644e+00
   2.90536    2.07682    3.44051     1.44393e+00
   2.91150    2.07378    3.44944     1.43925e+00
   2.91763    2.06845    3.45887     1.43533e+00
   2.92377    2.06279    3.47109     1.42973e+00
   2.92990    2.05820    3.47709     1.42743e+00
   2.93604    2.05194    3.48696     1.42322e+00
   2.94218    2.04703    3.49905     1.41770e+00
   2.94831    2.04319    3.50943     1.41276e+00
   2.95445    2.03900    3.51461     1.41086e+00
   2.96058    2.03250    3.52930     1.40384e+00
   2.96672    2.02632    3.53917     1.39987e+00
   2.97285    2.02227    3.54565     1.39706e+00
   2.97899    2.01716    3.55465     1.39339e+00
   2.98513    2.01080    3.57132     1.38541e+00
   2.99126    2.00407    3.57675     1.38411e+00
   2.99740    2.00088    3.58376     1.38076e+00
   3.00353    1.99606    3.59480     1.37563e+00
   3.00967    1.99112    3.60308     1.37213e+00
   3.01581    1.98453    3.61455     1.36726e+00
   3.02194    1.97984    3.61882     1.36619e+00
   3.02808    1.97507    3.63208     1.35948e+00
   3.03421    1.96905    3.64303     1.35483e+00
   3.04035    1.96402    3.64810     1.35276e+00
   3.04649    1.95752    3.65767     1.34901e+00
   3.05262    1.95369    3.66711     1.34484e+00
   3.05876    1.94722    3.68222     1.33801e+00
   3.06489    1.94193    3.68616     1.33666e+00
   3.07103    1.93892    3.69567     1.33205e+00
   3.07717    1.93246    3.70337     1.32923e+00
   3.08330    1.92752    3.71383     1.32427e+00
   3.08944    1.92132    3.72294     1.32051e+00
   3.09557    1.91576    3.73047     1.31790e+00
   3.10171    1.91135    3.73874     1.31409e+00
   3.10785    1.90611    3.74465     1.31205e+00
   3.11398    1.89997    3.75727     1.30639e+00
   3.12012    1.89518    3.76673     1.30202e+00
   3.12625    1.88993    3.77523     1.29846e+00
   3.13239    1.88343    3.78695     1.29341e+00
   3.13852    1.88036    3.78906     1.29275e+00
