#        k       b1_x       b1_a            Pkmm
   0.00920    3.48441    3.49491     9.39010e+02
   0.01534    3.42855    3.43948     1.11625e+03
   0.02148    3.45417    3.46567     1.08551e+03
   0.02761    3.47104    3.48555     9.66807e+02
   0.03375    3.49113    3.50367     8.24689e+02
   0.03988    3.48864    3.50626     7.01905e+02
   0.04602    3.46009    3.48022     6.11826e+02
   0.05216    3.49380    3.51650     5.48666e+02
   0.05829    3.49885    3.52290     5.11632e+02
   0.06443    3.46826    3.49089     4.72421e+02
   0.07056    3.47123    3.49942     4.42941e+02
   0.07670    3.49449    3.52514     3.99648e+02
   0.08283    3.48276    3.51808     3.56110e+02
   0.08897    3.49148    3.53147     3.12478e+02
   0.09511    3.47641    3.51795     2.75447e+02
   0.10124    3.51039    3.55833     2.47748e+02
   0.10738    3.48232    3.53126     2.26111e+02
   0.11351    3.50201    3.55297     2.12286e+02
   0.11965    3.50457    3.55859     2.01776e+02
   0.12579    3.51034    3.56517     1.94517e+02
   0.13192    3.54175    3.59858     1.84477e+02
   0.13806    3.52230    3.58363     1.71064e+02
   0.14419    3.53978    3.60533     1.58745e+02
   0.15033    3.53492    3.60458     1.44233e+02
   0.15647    3.52963    3.60588     1.31868e+02
   0.16260    3.54419    3.62444     1.21522e+02
   0.16874    3.55233    3.63489     1.14794e+02
   0.17487    3.55087    3.63858     1.08428e+02
   0.18101    3.53152    3.62026     1.03516e+02
   0.18715    3.54757    3.63812     1.00283e+02
   0.19328    3.55944    3.65260     9.71092e+01
   0.19942    3.55563    3.65310     9.14698e+01
   0.20555    3.57108    3.67200     8.60457e+01
   0.21169    3.57346    3.67667     8.11761e+01
   0.21783    3.58251    3.68977     7.61321e+01
   0.22396    3.58201    3.69273     7.06956e+01
   0.23010    3.59839    3.71352     6.80269e+01
   0.23623    3.59946    3.72046     6.47919e+01
   0.24237    3.59126    3.71400     6.20319e+01
   0.24850    3.60531    3.72713     6.04557e+01
   0.25464    3.60595    3.73063     5.82194e+01
   0.26078    3.61632    3.74651     5.57764e+01
   0.26691    3.60304    3.73476     5.33442e+01
   0.27305    3.62586    3.75951     5.10701e+01
   0.27918    3.63786    3.77113     4.88594e+01
   0.28532    3.63992    3.77345     4.68494e+01
   0.29146    3.65199    3.79649     4.44908e+01
   0.29759    3.64408    3.79173     4.26221e+01
   0.30373    3.66341    3.81188     4.12003e+01
   0.30986    3.66659    3.81892     3.99105e+01
   0.31600    3.66035    3.81146     3.85855e+01
   0.32214    3.67590    3.82398     3.74830e+01
   0.32827    3.66086    3.81709     3.60424e+01
   0.33441    3.67909    3.83746     3.47624e+01
   0.34054    3.68067    3.84202     3.34409e+01
   0.34668    3.69604    3.86416     3.23915e+01
   0.35282    3.69956    3.86277     3.10780e+01
   0.35895    3.70982    3.87738     3.00924e+01
   0.36509    3.70798    3.87636     2.91453e+01
   0.37122    3.72082    3.88925     2.85838e+01
   0.37736    3.73615    3.90578     2.75463e+01
   0.38350    3.73510    3.91201     2.64536e+01
   0.38963    3.73119    3.90827     2.58584e+01
   0.39577    3.74334    3.91761     2.52377e+01
   0.40190    3.74707    3.92830     2.44137e+01
   0.40804    3.75692    3.93835     2.37835e+01
   0.41417    3.74324    3.93035     2.28408e+01
   0.42031    3.76579    3.94920     2.23605e+01
   0.42645    3.77281    3.95716     2.15887e+01
   0.43258    3.75934    3.95140     2.07574e+01
   0.43872    3.77137    3.95717     2.05192e+01
   0.44485    3.77350    3.96122     1.99129e+01
   0.45099    3.78667    3.97328     1.94352e+01
   0.45713    3.78379    3.97826     1.88566e+01
   0.46326    3.79331    3.98354     1.84810e+01
   0.46940    3.80660    3.99490     1.81073e+01
   0.47553    3.80666    3.99935     1.75208e+01
   0.48167    3.81495    4.00886     1.70396e+01
   0.48781    3.81596    4.00712     1.66931e+01
   0.49394    3.82937    4.02136     1.62493e+01
   0.50008    3.82452    4.02178     1.57473e+01
   0.50621    3.82792    4.02568     1.54896e+01
   0.51235    3.83294    4.02736     1.49968e+01
   0.51849    3.83559    4.03225     1.47213e+01
   0.52462    3.84162    4.03437     1.44334e+01
   0.53076    3.85201    4.04510     1.41144e+01
   0.53689    3.85862    4.05499     1.37340e+01
   0.54303    3.85339    4.05000     1.34878e+01
   0.54917    3.87157    4.06827     1.31892e+01
   0.55530    3.87223    4.07034     1.28696e+01
   0.56144    3.88089    4.07875     1.26183e+01
   0.56757    3.87501    4.07297     1.22607e+01
   0.57371    3.88677    4.08167     1.20737e+01
   0.57984    3.87206    4.06832     1.17966e+01
   0.58598    3.89129    4.08891     1.15457e+01
   0.59212    3.90125    4.09452     1.13508e+01
   0.59825    3.90347    4.09733     1.11281e+01
   0.60439    3.91680    4.10739     1.09811e+01
   0.61052    3.90457    4.09690     1.06660e+01
   0.61666    3.91796    4.11115     1.05240e+01
   0.62280    3.92040    4.11315     1.02241e+01
   0.62893    3.92761    4.11979     1.00293e+01
   0.63507    3.94026    4.13097     9.89203e+00
   0.64120    3.94114    4.12862     9.71265e+00
   0.64734    3.94645    4.13246     9.52428e+00
   0.65348    3.94772    4.13775     9.31847e+00
   0.65961    3.93896    4.12614     9.16631e+00
   0.66575    3.95217    4.13499     8.99377e+00
   0.67188    3.95620    4.14135     8.81515e+00
   0.67802    3.96269    4.14488     8.68446e+00
   0.68416    3.96674    4.14873     8.51747e+00
   0.69029    3.97408    4.15631     8.35641e+00
   0.69643    3.96925    4.14512     8.21353e+00
   0.70256    3.97278    4.14903     8.07257e+00
   0.70870    3.98004    4.15922     7.91759e+00
   0.71484    3.98595    4.15823     7.77227e+00
   0.72097    3.98726    4.15668     7.69892e+00
   0.72711    4.00000    4.17470     7.54159e+00
   0.73324    3.99933    4.16357     7.39563e+00
   0.73938    4.00582    4.17186     7.29150e+00
   0.74551    4.00905    4.17460     7.19000e+00
   0.75165    4.01097    4.17066     7.10131e+00
   0.75779    4.00968    4.16908     6.95956e+00
   0.76392    4.01284    4.17171     6.81370e+00
   0.77006    4.01803    4.17372     6.71142e+00
   0.77619    4.02189    4.17150     6.62041e+00
   0.78233    4.02974    4.17842     6.55988e+00
   0.78847    4.03133    4.17803     6.44750e+00
   0.79460    4.03408    4.17648     6.30723e+00
   0.80074    4.04131    4.18396     6.22087e+00
   0.80687    4.03725    4.17745     6.12420e+00
   0.81301    4.04600    4.18253     6.05577e+00
   0.81915    4.05480    4.18921     5.95653e+00
   0.82528    4.04683    4.17666     5.87327e+00
   0.83142    4.04763    4.17299     5.77256e+00
   0.83755    4.05678    4.18109     5.68301e+00
   0.84369    4.06080    4.17812     5.60809e+00
   0.84983    4.06727    4.18455     5.51897e+00
   0.85596    4.07272    4.18924     5.44160e+00
   0.86210    4.07741    4.19011     5.38505e+00
   0.86823    4.08078    4.18782     5.30589e+00
   0.87437    4.08737    4.19077     5.22501e+00
   0.88050    4.08710    4.19023     5.16154e+00
   0.88664    4.08585    4.18310     5.06680e+00
   0.89278    4.08990    4.17967     5.01147e+00
   0.89891    4.08702    4.17860     4.94331e+00
   0.90505    4.09324    4.17918     4.85962e+00
   0.91118    4.09191    4.17356     4.82467e+00
   0.91732    4.09565    4.17309     4.75921e+00
   0.92346    4.09565    4.16859     4.67381e+00
   0.92959    4.10502    4.17534     4.63176e+00
   0.93573    4.10209    4.16649     4.56305e+00
   0.94186    4.10534    4.16985     4.50740e+00
   0.94800    4.10489    4.16412     4.44766e+00
   0.95414    4.11088    4.16368     4.39715e+00
   0.96027    4.12072    4.16781     4.33206e+00
   0.96641    4.12026    4.16461     4.29216e+00
   0.97254    4.12038    4.16125     4.23924e+00
   0.97868    4.12809    4.16202     4.17860e+00
   0.98482    4.12349    4.15527     4.12114e+00
   0.99095    4.12961    4.15854     4.08169e+00
   0.99709    4.12409    4.15001     4.02558e+00
   1.00322    4.13360    4.15172     3.96552e+00
   1.00936    4.13371    4.14291     3.92543e+00
   1.01550    4.13049    4.13920     3.87953e+00
   1.02163    4.13685    4.13380     3.83581e+00
   1.02777    4.14237    4.14201     3.79916e+00
   1.03390    4.14047    4.13248     3.75434e+00
   1.04004    4.14768    4.13235     3.71104e+00
   1.04617    4.14946    4.12735     3.66710e+00
   1.05231    4.14238    4.12105     3.62544e+00
   1.05845    4.15229    4.12287     3.57566e+00
   1.06458    4.15391    4.11726     3.53392e+00
   1.07072    4.15928    4.11803     3.47820e+00
   1.07685    4.15411    4.10673     3.45318e+00
   1.08299    4.15979    4.10631     3.41616e+00
   1.08913    4.15827    4.10201     3.37291e+00
   1.09526    4.15996    4.09481     3.35330e+00
   1.10140    4.17017    4.09933     3.30908e+00
   1.10753    4.16499    4.08795     3.27708e+00
   1.11367    4.16134    4.07877     3.24426e+00
   1.11981    4.16406    4.07193     3.21018e+00
   1.12594    4.17149    4.07357     3.16157e+00
   1.13208    4.16676    4.06345     3.13269e+00
   1.13821    4.17036    4.06117     3.09950e+00
   1.14435    4.17247    4.05872     3.05815e+00
   1.15049    4.16719    4.04335     3.02597e+00
   1.15662    4.18053    4.04920     3.00759e+00
   1.16276    4.17224    4.03684     2.96882e+00
   1.16889    4.18436    4.04376     2.94573e+00
   1.17503    4.18236    4.03204     2.90954e+00
   1.18117    4.18031    4.02323     2.88099e+00
   1.18730    4.18326    4.01589     2.83758e+00
   1.19344    4.18503    4.01435     2.81591e+00
   1.19957    4.17798    3.99725     2.79769e+00
   1.20571    4.18747    4.00097     2.77233e+00
   1.21184    4.17627    3.98108     2.72904e+00
   1.21798    4.18512    3.98350     2.72360e+00
   1.22412    4.18726    3.97763     2.68807e+00
   1.23025    4.18173    3.96258     2.65755e+00
   1.23639    4.18570    3.95993     2.62916e+00
   1.24252    4.19203    3.95775     2.61473e+00
   1.24866    4.18320    3.94058     2.59068e+00
   1.25480    4.18708    3.93693     2.55655e+00
   1.26093    4.18771    3.92922     2.53510e+00
   1.26707    4.18661    3.91670     2.50661e+00
   1.27320    4.19128    3.92121     2.49613e+00
   1.27934    4.18820    3.90333     2.46744e+00
   1.28548    4.19046    3.90235     2.45061e+00
   1.29161    4.18937    3.88999     2.42805e+00
   1.29775    4.18400    3.86987     2.39348e+00
   1.30388    4.19249    3.87509     2.37967e+00
   1.31002    4.18831    3.86054     2.35057e+00
   1.31616    4.19258    3.85528     2.33136e+00
   1.32229    4.19597    3.84575     2.31290e+00
   1.32843    4.19324    3.83934     2.30046e+00
   1.33456    4.19118    3.82175     2.26793e+00
   1.34070    4.19227    3.81966     2.25952e+00
   1.34684    4.19577    3.81057     2.23404e+00
   1.35297    4.18762    3.79382     2.21402e+00
   1.35911    4.18875    3.78368     2.18624e+00
   1.36524    4.18795    3.77427     2.17386e+00
   1.37138    4.19332    3.77394     2.16090e+00
   1.37751    4.18657    3.75188     2.13268e+00
   1.38365    4.18910    3.74227     2.11519e+00
   1.38979    4.19407    3.74272     2.10003e+00
   1.39592    4.18509    3.72046     2.08487e+00
   1.40206    4.18954    3.71714     2.06893e+00
   1.40819    4.18467    3.69748     2.04486e+00
   1.41433    4.18755    3.69046     2.03133e+00
   1.42047    4.18426    3.67324     2.01617e+00
   1.42660    4.18995    3.67514     2.00117e+00
   1.43274    4.18202    3.65185     1.97894e+00
   1.43887    4.19231    3.65519     1.96640e+00
   1.44501    4.17979    3.63104     1.95393e+00
   1.45115    4.18674    3.62463     1.93420e+00
   1.45728    4.18040    3.60389     1.91422e+00
   1.46342    4.18683    3.60232     1.90022e+00
   1.46955    4.17881    3.58458     1.88715e+00
   1.47569    4.18393    3.57587     1.86935e+00
   1.48183    4.17721    3.55509     1.85732e+00
   1.48796    4.18339    3.55171     1.84552e+00
   1.49410    4.17741    3.52985     1.82343e+00
   1.50023    4.17742    3.51843     1.81592e+00
   1.50637    4.17755    3.50515     1.80344e+00
   1.51251    4.17512    3.49164     1.78839e+00
   1.51864    4.17347    3.47302     1.77337e+00
   1.52478    4.17078    3.45976     1.75823e+00
   1.53091    4.17063    3.45038     1.75043e+00
   1.53705    4.17137    3.43660     1.73251e+00
   1.54318    4.16942    3.42444     1.72177e+00
   1.54932    4.17100    3.41062     1.70550e+00
   1.55546    4.16394    3.38332     1.69114e+00
   1.56159    4.16853    3.37866     1.67824e+00
   1.56773    4.16080    3.35388     1.66524e+00
   1.57386    4.15851    3.34130     1.65686e+00
   1.58000    4.15785    3.32707     1.64679e+00
   1.58614    4.15793    3.31171     1.63118e+00
   1.59227    4.14991    3.29056     1.61808e+00
   1.59841    4.15473    3.27977     1.60844e+00
   1.60454    4.15030    3.24942     1.59208e+00
   1.61068    4.15034    3.24410     1.58481e+00
   1.61682    4.14679    3.22101     1.57009e+00
   1.62295    4.14522    3.20420     1.55898e+00
   1.62909    4.14877    3.19490     1.55250e+00
   1.63522    4.14117    3.17069     1.53809e+00
   1.64136    4.13714    3.14829     1.52602e+00
   1.64750    4.13756    3.13645     1.52065e+00
   1.65363    4.13864    3.11908     1.50857e+00
   1.65977    4.13330    3.09934     1.49576e+00
   1.66590    4.12862    3.07459     1.48773e+00
   1.67204    4.12840    3.05958     1.47651e+00
   1.67817    4.13169    3.05088     1.46789e+00
   1.68431    4.12417    3.01900     1.45529e+00
   1.69045    4.12254    3.00159     1.44645e+00
   1.69658    4.12063    2.98223     1.43625e+00
   1.70272    4.11612    2.95740     1.42744e+00
   1.70885    4.11481    2.94247     1.42375e+00
   1.71499    4.11906    2.92600     1.40641e+00
   1.72113    4.11234    2.89784     1.39787e+00
   1.72726    4.10664    2.87191     1.38833e+00
   1.73340    4.10668    2.85577     1.37990e+00
   1.73953    4.10267    2.82569     1.36745e+00
   1.74567    4.09877    2.80164     1.35789e+00
   1.75181    4.10065    2.79267     1.35309e+00
   1.75794    4.09420    2.75865     1.34225e+00
   1.76408    4.09349    2.74014     1.33311e+00
   1.77021    4.08614    2.70917     1.32580e+00
   1.77635    4.09178    2.69797     1.31746e+00
   1.78249    4.08548    2.66886     1.31002e+00
   1.78862    4.08345    2.64761     1.30162e+00
   1.79476    4.07632    2.61575     1.29225e+00
   1.80089    4.07497    2.59002     1.28445e+00
   1.80703    4.06917    2.56159     1.27824e+00
   1.81317    4.06740    2.53539     1.27001e+00
   1.81930    4.07082    2.52083     1.26254e+00
   1.82544    4.06386    2.48832     1.25263e+00
   1.83157    4.05358    2.44394     1.24516e+00
   1.83771    4.05562    2.42099     1.23584e+00
   1.84384    4.05264    2.39598     1.22837e+00
   1.84998    4.04868    2.36983     1.22347e+00
   1.85612    4.04794    2.33766     1.21239e+00
   1.86225    4.04080    2.31208     1.21016e+00
   1.86839    4.03949    2.28162     1.20199e+00
   1.87452    4.03236    2.25045     1.19642e+00
   1.88066    4.03130    2.20890     1.18377e+00
   1.88680    4.03025    2.17824     1.17797e+00
   1.89293    4.02050    2.13562     1.17160e+00
   1.89907    4.02279    2.11823     1.16492e+00
   1.90520    4.02379    2.08974     1.15689e+00
   1.91134    4.01595    2.04940     1.14916e+00
   1.91748    4.01283    2.01619     1.14584e+00
   1.92361    4.00561    1.96884     1.13774e+00
   1.92975    4.00696    1.93638     1.12938e+00
   1.93588    3.99854    1.90207     1.12600e+00
   1.94202    3.99714    1.85460     1.11647e+00
   1.94816    3.99509    1.81960     1.11072e+00
   1.95429    3.99290    1.77969     1.10330e+00
   1.96043    3.98294    1.71534     1.09434e+00
   1.96656    3.98118    1.68411     1.09144e+00
   1.97270    3.97330    1.63552     1.08572e+00
   1.97884    3.97052    1.59020     1.08036e+00
   1.98497    3.97070    1.55361     1.07397e+00
   1.99111    3.97148    1.50258     1.06581e+00
   1.99724    3.96112    1.44396     1.06132e+00
   2.00338    3.95819    1.40540     1.05872e+00
   2.00951    3.94992    1.32723     1.04967e+00
   2.01565    3.94752    1.26552     1.04231e+00
   2.02179    3.94785    1.22760     1.03879e+00
   2.02792    3.93734    1.13298     1.03083e+00
   2.03406    3.93368    1.05600     1.02499e+00
   2.04019    3.93148    0.99586     1.02130e+00
   2.04633    3.92416    0.87893     1.01419e+00
   2.05247    3.92482    0.84463     1.01014e+00
   2.05860    3.91946    0.72250     1.00446e+00
   2.06474    3.91348    0.59918     9.99221e-01
   2.07087    3.91201    0.47619     9.93946e-01
   2.07701    3.90459    0.28602     9.90513e-01
   2.08315    3.90027    0.38323     9.81503e-01
   2.08928    3.89578    0.53620     9.76679e-01
   2.09542    3.88957    0.69991     9.71128e-01
   2.10155    3.88809    0.79233     9.66208e-01
   2.10769    3.88692    0.84119     9.63844e-01
   2.11383    3.87524    0.97900     9.56862e-01
   2.11996    3.87250    1.05850     9.51229e-01
   2.12610    3.87044    1.11581     9.47815e-01
   2.13223    3.86198    1.19721     9.42575e-01
   2.13837    3.85448    1.28530     9.36190e-01
   2.14451    3.85403    1.33505     9.31455e-01
   2.15064    3.84793    1.39917     9.27003e-01
   2.15678    3.84019    1.46885     9.21630e-01
   2.16291    3.84138    1.49188     9.19267e-01
   2.16905    3.83597    1.56176     9.12869e-01
   2.17518    3.83468    1.59068     9.09854e-01
   2.18132    3.82315    1.67813     9.02662e-01
   2.18746    3.81832    1.71602     8.99173e-01
   2.19359    3.81665    1.75801     8.95281e-01
   2.19973    3.80396    1.82238     8.90582e-01
   2.20586    3.80413    1.85787     8.86554e-01
   2.21200    3.80649    1.88955     8.82126e-01
   2.21814    3.79261    1.94967     8.78091e-01
   2.22427    3.79134    1.99214     8.72768e-01
   2.23041    3.78600    2.03622     8.67039e-01
   2.23654    3.77775    2.07332     8.65090e-01
   2.24268    3.77017    2.11739     8.61071e-01
   2.24882    3.76976    2.14192     8.58073e-01
   2.25495    3.76101    2.20677     8.50048e-01
   2.26109    3.75660    2.23494     8.48057e-01
   2.26722    3.75124    2.27513     8.43923e-01
   2.27336    3.74238    2.31826     8.39758e-01
   2.27950    3.73631    2.36044     8.35647e-01
   2.28563    3.73711    2.38536     8.31291e-01
   2.29177    3.72770    2.42488     8.27951e-01
   2.29790    3.72258    2.46050     8.24135e-01
   2.30404    3.71857    2.51557     8.16575e-01
   2.31018    3.70908    2.53865     8.15611e-01
   2.31631    3.70756    2.57205     8.10326e-01
   2.32245    3.70127    2.60310     8.07863e-01
   2.32858    3.69807    2.62561     8.05373e-01
   2.33472    3.68952    2.67389     8.00171e-01
   2.34085    3.68349    2.70782     7.95967e-01
   2.34699    3.67710    2.73694     7.93558e-01
   2.35313    3.67152    2.76764     7.89611e-01
   2.35926    3.66662    2.80208     7.85789e-01
   2.36540    3.66307    2.82709     7.82411e-01
   2.37153    3.65345    2.85744     7.79729e-01
   2.37767    3.64953    2.89556     7.75121e-01
   2.38381    3.64150    2.92641     7.72134e-01
   2.38994    3.63635    2.96103     7.67913e-01
   2.39608    3.63055    2.99012     7.64018e-01
   2.40221    3.62176    3.02396     7.60799e-01
   2.40835    3.61791    3.05189     7.57168e-01
   2.41449    3.60824    3.08904     7.53233e-01
   2.42062    3.60647    3.10853     7.50594e-01
   2.42676    3.59951    3.13604     7.47481e-01
   2.43289    3.59696    3.15890     7.45070e-01
   2.43903    3.58743    3.19789     7.40581e-01
   2.44517    3.57762    3.22551     7.37790e-01
   2.45130    3.57456    3.25777     7.33513e-01
   2.45744    3.57273    3.26673     7.33046e-01
   2.46357    3.56257    3.30972     7.27793e-01
   2.46971    3.55888    3.33745     7.23986e-01
   2.47584    3.55195    3.35583     7.22660e-01
   2.48198    3.54464    3.39023     7.18009e-01
   2.48812    3.53716    3.41506     7.15586e-01
   2.49425    3.53675    3.43879     7.12396e-01
   2.50039    3.52492    3.47185     7.09187e-01
   2.50652    3.51832    3.49379     7.06799e-01
   2.51266    3.51550    3.51621     7.04157e-01
   2.51880    3.50497    3.54565     7.01266e-01
   2.52493    3.50535    3.56765     6.97946e-01
   2.53107    3.49262    3.59988     6.94799e-01
   2.53720    3.48917    3.62139     6.91831e-01
   2.54334    3.48451    3.65245     6.87739e-01
   2.54948    3.47681    3.67074     6.86168e-01
   2.55561    3.46916    3.69911     6.83036e-01
   2.56175    3.46020    3.73546     6.78497e-01
   2.56788    3.45389    3.74811     6.77799e-01
   2.57402    3.44419    3.78408     6.73742e-01
   2.58016    3.44114    3.80826     6.70230e-01
   2.58629    3.43672    3.81957     6.69387e-01
   2.59243    3.42982    3.85030     6.65509e-01
   2.59856    3.42171    3.87346     6.63202e-01
   2.60470    3.41308    3.89811     6.60996e-01
   2.61084    3.40843    3.92113     6.57775e-01
   2.61697    3.40387    3.94456     6.54711e-01
   2.62311    3.39460    3.96942     6.52708e-01
   2.62924    3.39094    3.98513     6.50503e-01
   2.63538    3.37762    4.01595     6.47813e-01
   2.64151    3.37340    4.04297     6.44033e-01
   2.64765    3.36951    4.06278     6.41582e-01
   2.65379    3.36428    4.08543     6.38915e-01
   2.65992    3.35419    4.11052     6.36475e-01
   2.66606    3.34460    4.12685     6.35421e-01
   2.67219    3.33858    4.15280     6.31913e-01
   2.67833    3.33175    4.17219     6.30245e-01
   2.68447    3.32397    4.19766     6.27287e-01
   2.69060    3.32177    4.22373     6.23419e-01
   2.69674    3.31184    4.24547     6.21235e-01
   2.70287    3.30337    4.26897     6.19108e-01
   2.70901    3.29836    4.28936     6.16769e-01
   2.71515    3.28702    4.31050     6.14873e-01
   2.72128    3.28416    4.32862     6.12699e-01
   2.72742    3.27613    4.35787     6.09058e-01
   2.73355    3.27158    4.36813     6.08315e-01
   2.73969    3.26375    4.39117     6.05928e-01
   2.74583    3.25666    4.41119     6.03773e-01
   2.75196    3.24660    4.43500     6.01032e-01
   2.75810    3.23874    4.45454     5.98938e-01
   2.76423    3.23366    4.48048     5.95977e-01
   2.77037    3.22845    4.49675     5.94117e-01
   2.77651    3.21936    4.51421     5.92963e-01
   2.78264    3.21073    4.54438     5.89208e-01
   2.78878    3.20545    4.57018     5.85690e-01
   2.79491    3.19420    4.58228     5.85279e-01
   2.80105    3.19369    4.59873     5.83268e-01
   2.80718    3.18546    4.61528     5.81456e-01
   2.81332    3.17629    4.64009     5.78859e-01
   2.81946    3.17118    4.65750     5.77072e-01
   2.82559    3.15946    4.67844     5.74918e-01
   2.83173    3.15359    4.69997     5.72815e-01
   2.83786    3.14743    4.72060     5.70349e-01
   2.84400    3.13778    4.73818     5.68642e-01
   2.85014    3.13295    4.75722     5.66669e-01
   2.85627    3.12549    4.78206     5.63492e-01
   2.86241    3.11610    4.80113     5.61691e-01
   2.86854    3.11196    4.81460     5.60274e-01
   2.87468    3.10472    4.83806     5.57494e-01
   2.88082    3.09676    4.85556     5.55870e-01
   2.88695    3.08851    4.87193     5.54208e-01
   2.89309    3.07777    4.89450     5.52214e-01
   2.89922    3.07517    4.91039     5.50214e-01
   2.90536    3.06681    4.93463     5.47574e-01
   2.91150    3.05755    4.94457     5.46944e-01
   2.91763    3.05223    4.96549     5.44446e-01
   2.92377    3.04363    4.98242     5.42859e-01
   2.92990    3.03555    5.00471     5.40461e-01
   2.93604    3.02911    5.01978     5.38856e-01
   2.94218    3.02243    5.04420     5.35960e-01
   2.94831    3.01391    5.06142     5.34442e-01
   2.95445    3.00724    5.07561     5.32980e-01
   2.96058    2.99869    5.09388     5.30981e-01
   2.96672    2.99021    5.11477     5.29036e-01
   2.97285    2.98539    5.13213     5.27079e-01
   2.97899    2.97570    5.14390     5.26329e-01
   2.98513    2.96687    5.17023     5.23284e-01
   2.99126    2.95828    5.18360     5.22092e-01
   2.99740    2.95184    5.20224     5.20101e-01
   3.00353    2.94624    5.21910     5.18186e-01
   3.00967    2.93490    5.23366     5.17019e-01
   3.01581    2.92924    5.25331     5.14974e-01
   3.02194    2.91961    5.26396     5.14184e-01
   3.02808    2.91256    5.28841     5.11442e-01
   3.03421    2.90600    5.30557     5.09612e-01
   3.04035    2.89895    5.31792     5.08504e-01
   3.04649    2.88635    5.34053     5.06095e-01
   3.05262    2.88308    5.35699     5.04212e-01
   3.05876    2.87454    5.37632     5.02343e-01
   3.06489    2.86920    5.38734     5.01124e-01
   3.07103    2.86370    5.40279     4.99576e-01
   3.07717    2.85293    5.42401     4.97372e-01
   3.08330    2.84523    5.43805     4.96100e-01
   3.08944    2.83946    5.45388     4.94384e-01
   3.09557    2.82780    5.47157     4.92813e-01
   3.10171    2.82207    5.48459     4.91505e-01
   3.10785    2.81228    5.50152     4.89902e-01
   3.11398    2.80477    5.51779     4.88390e-01
   3.12012    2.79599    5.53821     4.86106e-01
   3.12625    2.78994    5.55114     4.84930e-01
   3.13239    2.77988    5.56637     4.83414e-01
   3.13852    2.77587    5.58529     4.81378e-01
