# Redshift space power spectrum in mu bins.
# Subtracting SN=    3.06250e+01.
#     k\mu         0.12500         0.37500         0.62500         0.87500
   0.00920     9.57228e+03             nan     1.55880e+04     1.73152e+04
   0.01534     1.18987e+04     1.43081e+04     1.89161e+04     2.22579e+04
   0.02148     1.19005e+04     1.29676e+04     1.60218e+04     2.06157e+04
   0.02761     1.12800e+04     1.23951e+04     1.57474e+04     1.92203e+04
   0.03375     9.63634e+03     9.77809e+03     1.21358e+04     1.70025e+04
   0.03988     7.83440e+03     8.84895e+03     1.07394e+04     1.39869e+04
   0.04602     6.95638e+03     7.41507e+03     9.22114e+03     1.17598e+04
   0.05216     6.25296e+03     7.08330e+03     8.71433e+03     1.08530e+04
   0.05829     5.80215e+03     6.50141e+03     7.71770e+03     1.03475e+04
   0.06443     5.34817e+03     5.91738e+03     7.32717e+03     9.06108e+03
   0.07056     5.05999e+03     5.45569e+03     6.65559e+03     8.58562e+03
   0.07670     4.57425e+03     5.10384e+03     6.09848e+03     8.19163e+03
   0.08283     4.08096e+03     4.52936e+03     5.43766e+03     7.06238e+03
   0.08897     3.55181e+03     3.97147e+03     4.76821e+03     6.25411e+03
   0.09511     3.09958e+03     3.42889e+03     4.20720e+03     5.49937e+03
   0.10124     2.91661e+03     3.22782e+03     3.88189e+03     4.85230e+03
   0.10738     2.62575e+03     2.91074e+03     3.38926e+03     4.51512e+03
   0.11351     2.44728e+03     2.67812e+03     3.30565e+03     4.19156e+03
   0.11965     2.29703e+03     2.52786e+03     3.11192e+03     3.96763e+03
   0.12579     2.24051e+03     2.54745e+03     3.00092e+03     3.95004e+03
   0.13192     2.15349e+03     2.36756e+03     2.89161e+03     3.81344e+03
   0.13806     1.95791e+03     2.20678e+03     2.78031e+03     3.39418e+03
   0.14419     1.86582e+03     2.00793e+03     2.49729e+03     3.32241e+03
   0.15033     1.68722e+03     1.94002e+03     2.27812e+03     2.90004e+03
   0.15647     1.53838e+03     1.74843e+03     2.07512e+03     2.73770e+03
   0.16260     1.44664e+03     1.60618e+03     1.93416e+03     2.49628e+03
   0.16874     1.33756e+03     1.49754e+03     1.88244e+03     2.52409e+03
   0.17487     1.29107e+03     1.43969e+03     1.74467e+03     2.34875e+03
   0.18101     1.21911e+03     1.39669e+03     1.59720e+03     2.21763e+03
   0.18715     1.20234e+03     1.30491e+03     1.59864e+03     2.16172e+03
   0.19328     1.16015e+03     1.30167e+03     1.56396e+03     2.03922e+03
   0.19942     1.10307e+03     1.20811e+03     1.45327e+03     1.94658e+03
   0.20555     1.02186e+03     1.15433e+03     1.37168e+03     1.84366e+03
   0.21169     9.41581e+02     1.10626e+03     1.36498e+03     1.72228e+03
   0.21783     9.22977e+02     1.01427e+03     1.24042e+03     1.67341e+03
   0.22396     8.64267e+02     9.38131e+02     1.19333e+03     1.56292e+03
   0.23010     8.22110e+02     9.24638e+02     1.15643e+03     1.58094e+03
   0.23623     7.97694e+02     8.83768e+02     1.08899e+03     1.47213e+03
   0.24237     7.52063e+02     8.44017e+02     1.01799e+03     1.35114e+03
   0.24850     7.33559e+02     8.40540e+02     1.01532e+03     1.40027e+03
   0.25464     7.18982e+02     7.93841e+02     9.85943e+02     1.33795e+03
   0.26078     6.74934e+02     7.72819e+02     9.41796e+02     1.27397e+03
   0.26691     6.59112e+02     7.21008e+02     8.98283e+02     1.19120e+03
   0.27305     6.39756e+02     7.01450e+02     8.98239e+02     1.13092e+03
   0.27918     6.19406e+02     6.92474e+02     8.16366e+02     1.14005e+03
   0.28532     5.80728e+02     6.58059e+02     8.37097e+02     1.08023e+03
   0.29146     5.55902e+02     6.11092e+02     7.72122e+02     1.04571e+03
   0.29759     5.37151e+02     6.08181e+02     7.42627e+02     1.03468e+03
   0.30373     5.13199e+02     5.78860e+02     7.25090e+02     9.99492e+02
   0.30986     5.08693e+02     5.69037e+02     7.08852e+02     9.60033e+02
   0.31600     4.89009e+02     5.48913e+02     6.70095e+02     9.04395e+02
   0.32214     4.80708e+02     5.31594e+02     6.55582e+02     8.94412e+02
   0.32827     4.59069e+02     5.09757e+02     6.30029e+02     8.64248e+02
   0.33441     4.44279e+02     4.88725e+02     6.23104e+02     8.33693e+02
   0.34054     4.29958e+02     4.84010e+02     5.78755e+02     8.11748e+02
   0.34668     4.10574e+02     4.74599e+02     5.80227e+02     8.19432e+02
   0.35282     4.01614e+02     4.55118e+02     5.45668e+02     7.67520e+02
   0.35895     3.87354e+02     4.42481e+02     5.36611e+02     7.67060e+02
   0.36509     3.81309e+02     4.21565e+02     5.13668e+02     7.10447e+02
   0.37122     3.72755e+02     4.26856e+02     5.24341e+02     7.14285e+02
   0.37736     3.62111e+02     4.08339e+02     4.91060e+02     7.05466e+02
   0.38350     3.40904e+02     3.90067e+02     4.88687e+02     6.52160e+02
   0.38963     3.39516e+02     3.83839e+02     4.63293e+02     6.34896e+02
   0.39577     3.33875e+02     3.74551e+02     4.61753e+02     6.40521e+02
   0.40190     3.17716e+02     3.61484e+02     4.55264e+02     6.24326e+02
   0.40804     3.17234e+02     3.50326e+02     4.35902e+02     6.18322e+02
   0.41417     2.98508e+02     3.37933e+02     4.21776e+02     5.83784e+02
   0.42031     3.00693e+02     3.31686e+02     4.16696e+02     5.83597e+02
   0.42645     2.89687e+02     3.19259e+02     4.06279e+02     5.65058e+02
   0.43258     2.74242e+02     3.07001e+02     3.85086e+02     5.52022e+02
   0.43872     2.69820e+02     3.06501e+02     3.86558e+02     5.41164e+02
   0.44485     2.73138e+02     2.92296e+02     3.76126e+02     5.25571e+02
   0.45099     2.52874e+02     2.97220e+02     3.64254e+02     5.04252e+02
   0.45713     2.52286e+02     2.83142e+02     3.58500e+02     5.06001e+02
   0.46326     2.52179e+02     2.76133e+02     3.45405e+02     4.95081e+02
   0.46940     2.46085e+02     2.75771e+02     3.39795e+02     4.81001e+02
   0.47553     2.38587e+02     2.64771e+02     3.32729e+02     4.70273e+02
   0.48167     2.28105e+02     2.64111e+02     3.28219e+02     4.60044e+02
   0.48781     2.23135e+02     2.52649e+02     3.11522e+02     4.52665e+02
   0.49394     2.22176e+02     2.44660e+02     3.16766e+02     4.43787e+02
   0.50008     2.12054e+02     2.39689e+02     3.00131e+02     4.38979e+02
   0.50621     2.11129e+02     2.34226e+02     2.95725e+02     4.21957e+02
   0.51235     2.06135e+02     2.26291e+02     2.81283e+02     4.09939e+02
   0.51849     2.03311e+02     2.24117e+02     2.85187e+02     3.99897e+02
   0.52462     1.97690e+02     2.19490e+02     2.77562e+02     3.94106e+02
   0.53076     1.90075e+02     2.13545e+02     2.76522e+02     3.87250e+02
   0.53689     1.89953e+02     2.09695e+02     2.64852e+02     3.80055e+02
   0.54303     1.81852e+02     2.04782e+02     2.64324e+02     3.73494e+02
   0.54917     1.79675e+02     2.00671e+02     2.56552e+02     3.69056e+02
   0.55530     1.75509e+02     1.97511e+02     2.51069e+02     3.58278e+02
   0.56144     1.73153e+02     1.93817e+02     2.45912e+02     3.53962e+02
   0.56757     1.66141e+02     1.90126e+02     2.41259e+02     3.43104e+02
   0.57371     1.66563e+02     1.85893e+02     2.30574e+02     3.36020e+02
   0.57984     1.60904e+02     1.80269e+02     2.29331e+02     3.30672e+02
   0.58598     1.57627e+02     1.76520e+02     2.27622e+02     3.22091e+02
   0.59212     1.55593e+02     1.76589e+02     2.23692e+02     3.22069e+02
   0.59825     1.51691e+02     1.70917e+02     2.18306e+02     3.14589e+02
   0.60439     1.51333e+02     1.67916e+02     2.16811e+02     3.07326e+02
   0.61052     1.45320e+02     1.65353e+02     2.10792e+02     3.01872e+02
   0.61666     1.46143e+02     1.62598e+02     2.05616e+02     2.95602e+02
   0.62280     1.40286e+02     1.60157e+02     2.02036e+02     2.92335e+02
   0.62893     1.38676e+02     1.56858e+02     1.96726e+02     2.86280e+02
   0.63507     1.36689e+02     1.52643e+02     1.96876e+02     2.81210e+02
   0.64120     1.34658e+02     1.51203e+02     1.90450e+02     2.76285e+02
   0.64734     1.31484e+02     1.48864e+02     1.86166e+02     2.72011e+02
   0.65348     1.29281e+02     1.44477e+02     1.84597e+02     2.62678e+02
   0.65961     1.25565e+02     1.41353e+02     1.79677e+02     2.61241e+02
   0.66575     1.23409e+02     1.38336e+02     1.78420e+02     2.57263e+02
   0.67188     1.21824e+02     1.35847e+02     1.73661e+02     2.55453e+02
   0.67802     1.19590e+02     1.35545e+02     1.70359e+02     2.48861e+02
   0.68416     1.16176e+02     1.31753e+02     1.69959e+02     2.41796e+02
   0.69029     1.16024e+02     1.30224e+02     1.65629e+02     2.36598e+02
   0.69643     1.12921e+02     1.27344e+02     1.61374e+02     2.36055e+02
   0.70256     1.10299e+02     1.26226e+02     1.59775e+02     2.30359e+02
   0.70870     1.10962e+02     1.21163e+02     1.55327e+02     2.27227e+02
   0.71484     1.06384e+02     1.21815e+02     1.57010e+02     2.24404e+02
   0.72097     1.06118e+02     1.19171e+02     1.53067e+02     2.20615e+02
   0.72711     1.04422e+02     1.16051e+02     1.48086e+02     2.18182e+02
   0.73324     1.00451e+02     1.15467e+02     1.44474e+02     2.10029e+02
   0.73938     1.00712e+02     1.13640e+02     1.43314e+02     2.08788e+02
   0.74551     9.81845e+01     1.10130e+02     1.41075e+02     2.05746e+02
   0.75165     9.78551e+01     1.08930e+02     1.38329e+02     2.05547e+02
   0.75779     9.49905e+01     1.07291e+02     1.37475e+02     1.95913e+02
   0.76392     9.39386e+01     1.04818e+02     1.34853e+02     1.95603e+02
   0.77006     9.12304e+01     1.02734e+02     1.30008e+02     1.92186e+02
   0.77619     9.12082e+01     1.01341e+02     1.30037e+02     1.88447e+02
   0.78233     8.92030e+01     9.96833e+01     1.28257e+02     1.88623e+02
   0.78847     8.85413e+01     9.98054e+01     1.24420e+02     1.83419e+02
   0.79460     8.49632e+01     9.68222e+01     1.25366e+02     1.80694e+02
   0.80074     8.40547e+01     9.49951e+01     1.22031e+02     1.76500e+02
   0.80687     8.33142e+01     9.41940e+01     1.19975e+02     1.74210e+02
   0.81301     8.25571e+01     9.28717e+01     1.16968e+02     1.71439e+02
   0.81915     8.14335e+01     9.02584e+01     1.15470e+02     1.67835e+02
   0.82528     7.92798e+01     8.91144e+01     1.13049e+02     1.66912e+02
   0.83142     7.69942e+01     8.68031e+01     1.10243e+02     1.64422e+02
   0.83755     7.63351e+01     8.67466e+01     1.11123e+02     1.61436e+02
   0.84369     7.37148e+01     8.48507e+01     1.07370e+02     1.58618e+02
   0.84983     7.39905e+01     8.37561e+01     1.05522e+02     1.54023e+02
   0.85596     7.32050e+01     8.08871e+01     1.04316e+02     1.54482e+02
   0.86210     7.36378e+01     7.99705e+01     1.03631e+02     1.52527e+02
   0.86823     7.09769e+01     7.95332e+01     1.01728e+02     1.49591e+02
   0.87437     7.04379e+01     7.75248e+01     9.94232e+01     1.45223e+02
   0.88050     6.90972e+01     7.74929e+01     9.81963e+01     1.44799e+02
   0.88664     6.76412e+01     7.48826e+01     9.61870e+01     1.40054e+02
   0.89278     6.67302e+01     7.41772e+01     9.57909e+01     1.39451e+02
   0.89891     6.51380e+01     7.19068e+01     9.34977e+01     1.38192e+02
   0.90505     6.39174e+01     7.13386e+01     9.08152e+01     1.34740e+02
   0.91118     6.25926e+01     7.12393e+01     9.05279e+01     1.33186e+02
   0.91732     6.21005e+01     6.99810e+01     8.89733e+01     1.31495e+02
   0.92346     6.14380e+01     6.78808e+01     8.73155e+01     1.27982e+02
   0.92959     5.98782e+01     6.66178e+01     8.63077e+01     1.26473e+02
   0.93573     5.97413e+01     6.60312e+01     8.43530e+01     1.25098e+02
   0.94186     5.78589e+01     6.59280e+01     8.38371e+01     1.23095e+02
   0.94800     5.75009e+01     6.36629e+01     8.21660e+01     1.20282e+02
   0.95414     5.67361e+01     6.26689e+01     8.01679e+01     1.18976e+02
   0.96027     5.62242e+01     6.21372e+01     8.00628e+01     1.18421e+02
   0.96641     5.56235e+01     6.08685e+01     7.83527e+01     1.17295e+02
   0.97254     5.34362e+01     5.96854e+01     7.79324e+01     1.13850e+02
   0.97868     5.29289e+01     5.93286e+01     7.54749e+01     1.12453e+02
   0.98482     5.31965e+01     5.85243e+01     7.36967e+01     1.10117e+02
   0.99095     5.24886e+01     5.77720e+01     7.27067e+01     1.08416e+02
   0.99709     5.05356e+01     5.58900e+01     7.30995e+01     1.07713e+02
   1.00322     4.99429e+01     5.54501e+01     7.01895e+01     1.05117e+02
   1.00936     4.90805e+01     5.46671e+01     6.96313e+01     1.03951e+02
   1.01550     4.73226e+01     5.35567e+01     6.91466e+01     1.03109e+02
   1.02163     4.66235e+01     5.38233e+01     6.72881e+01     1.01570e+02
   1.02777     4.69313e+01     5.15628e+01     6.61684e+01     9.76703e+01
   1.03390     4.58714e+01     5.15936e+01     6.62323e+01     9.77237e+01
   1.04004     4.51548e+01     5.08069e+01     6.44249e+01     9.66278e+01
   1.04617     4.44502e+01     5.05909e+01     6.38032e+01     9.51108e+01
   1.05231     4.34395e+01     4.89128e+01     6.21780e+01     9.35309e+01
   1.05845     4.34946e+01     4.80790e+01     6.13620e+01     9.17768e+01
   1.06458     4.27886e+01     4.76341e+01     6.03762e+01     9.06128e+01
   1.07072     4.18466e+01     4.55558e+01     5.95922e+01     8.95062e+01
   1.07685     4.13044e+01     4.56850e+01     5.79079e+01     8.76269e+01
   1.08299     4.06359e+01     4.55516e+01     5.75200e+01     8.69018e+01
   1.08913     3.99581e+01     4.39500e+01     5.61719e+01     8.51260e+01
   1.09526     3.89224e+01     4.33735e+01     5.57004e+01     8.40683e+01
   1.10140     3.83435e+01     4.31025e+01     5.39971e+01     8.28687e+01
   1.10753     3.80975e+01     4.18829e+01     5.39835e+01     8.04654e+01
   1.11367     3.74657e+01     4.15910e+01     5.26412e+01     7.99328e+01
   1.11981     3.69008e+01     4.03899e+01     5.17888e+01     7.84754e+01
   1.12594     3.60969e+01     3.97397e+01     5.09697e+01     7.75573e+01
   1.13208     3.58698e+01     3.89741e+01     4.97200e+01     7.70891e+01
   1.13821     3.44560e+01     3.85606e+01     4.91027e+01     7.50382e+01
   1.14435     3.41196e+01     3.86287e+01     4.87882e+01     7.41334e+01
   1.15049     3.38154e+01     3.76175e+01     4.73277e+01     7.24823e+01
   1.15662     3.34456e+01     3.70739e+01     4.73754e+01     7.17464e+01
   1.16276     3.25461e+01     3.62073e+01     4.63087e+01     7.10108e+01
   1.16889     3.17677e+01     3.57418e+01     4.55530e+01     6.92512e+01
   1.17503     3.17793e+01     3.49097e+01     4.47184e+01     6.77190e+01
   1.18117     3.09642e+01     3.46994e+01     4.34687e+01     6.71655e+01
   1.18730     3.03722e+01     3.34129e+01     4.39689e+01     6.56581e+01
   1.19344     2.97174e+01     3.26113e+01     4.31299e+01     6.53624e+01
   1.19957     2.95012e+01     3.25431e+01     4.17246e+01     6.40818e+01
   1.20571     2.94031e+01     3.15134e+01     4.13147e+01     6.27949e+01
   1.21184     2.81294e+01     3.13147e+01     4.02083e+01     6.24723e+01
   1.21798     2.76834e+01     3.08692e+01     3.96493e+01     6.04515e+01
   1.22412     2.75377e+01     3.00937e+01     3.93908e+01     6.03852e+01
   1.23025     2.68443e+01     2.94435e+01     3.85775e+01     5.96196e+01
   1.23639     2.65182e+01     2.90443e+01     3.76122e+01     5.84187e+01
   1.24252     2.56810e+01     2.88240e+01     3.70944e+01     5.64355e+01
   1.24866     2.54751e+01     2.80572e+01     3.64029e+01     5.65062e+01
   1.25480     2.51014e+01     2.73565e+01     3.60554e+01     5.52661e+01
   1.26093     2.45845e+01     2.70719e+01     3.52102e+01     5.38559e+01
   1.26707     2.39840e+01     2.64706e+01     3.46385e+01     5.43059e+01
   1.27320     2.34344e+01     2.62505e+01     3.37198e+01     5.33061e+01
   1.27934     2.28138e+01     2.57148e+01     3.27982e+01     5.19396e+01
   1.28548     2.24794e+01     2.51243e+01     3.23044e+01     5.03151e+01
   1.29161     2.21501e+01     2.48562e+01     3.16943e+01     4.98238e+01
   1.29775     2.19226e+01     2.38675e+01     3.10356e+01     4.95676e+01
   1.30388     2.18648e+01     2.36688e+01     3.08194e+01     4.81493e+01
   1.31002     2.06364e+01     2.30552e+01     3.02943e+01     4.79871e+01
   1.31616     2.07146e+01     2.29189e+01     3.00264e+01     4.68094e+01
   1.32229     2.06362e+01     2.23816e+01     2.89131e+01     4.61663e+01
   1.32843     1.96679e+01     2.18103e+01     2.89147e+01     4.56580e+01
   1.33456     1.94343e+01     2.20214e+01     2.79388e+01     4.43484e+01
   1.34070     1.90245e+01     2.10592e+01     2.77420e+01     4.36609e+01
   1.34684     1.91747e+01     2.02948e+01     2.69808e+01     4.29298e+01
   1.35297     1.84114e+01     2.00883e+01     2.64764e+01     4.21408e+01
   1.35911     1.76875e+01     2.01625e+01     2.59199e+01     4.16485e+01
   1.36524     1.73674e+01     1.93669e+01     2.58569e+01     4.10525e+01
   1.37138     1.70351e+01     1.88962e+01     2.50082e+01     4.01917e+01
   1.37751     1.67457e+01     1.84316e+01     2.46765e+01     3.90899e+01
   1.38365     1.64383e+01     1.84665e+01     2.42444e+01     3.83478e+01
   1.38979     1.59458e+01     1.76397e+01     2.35484e+01     3.84975e+01
   1.39592     1.57697e+01     1.73084e+01     2.30138e+01     3.74188e+01
   1.40206     1.52976e+01     1.69951e+01     2.27387e+01     3.66564e+01
   1.40819     1.49083e+01     1.64242e+01     2.21929e+01     3.58015e+01
   1.41433     1.45364e+01     1.60645e+01     2.18190e+01     3.56241e+01
   1.42047     1.45678e+01     1.56809e+01     2.11756e+01     3.46084e+01
   1.42660     1.39694e+01     1.54376e+01     2.03348e+01     3.43012e+01
   1.43274     1.37894e+01     1.52168e+01     2.02486e+01     3.30597e+01
   1.43887     1.33668e+01     1.45210e+01     1.98254e+01     3.27214e+01
   1.44501     1.30458e+01     1.42607e+01     1.91679e+01     3.20880e+01
   1.45115     1.26624e+01     1.37940e+01     1.90989e+01     3.13000e+01
   1.45728     1.22552e+01     1.37835e+01     1.83814e+01     3.10225e+01
   1.46342     1.18229e+01     1.32095e+01     1.82800e+01     3.02706e+01
   1.46955     1.16198e+01     1.30153e+01     1.74752e+01     2.98868e+01
   1.47569     1.14220e+01     1.26231e+01     1.71826e+01     2.94215e+01
   1.48183     1.10178e+01     1.21069e+01     1.66419e+01     2.87789e+01
   1.48796     1.09140e+01     1.17873e+01     1.65266e+01     2.82105e+01
   1.49410     1.05873e+01     1.13641e+01     1.59997e+01     2.71585e+01
   1.50023     1.03079e+01     1.15299e+01     1.61717e+01     2.68100e+01
   1.50637     1.01161e+01     1.09439e+01     1.50462e+01     2.65284e+01
   1.51251     9.63301e+00     1.05381e+01     1.48934e+01     2.61464e+01
   1.51864     9.29360e+00     1.01753e+01     1.47425e+01     2.50282e+01
   1.52478     8.92295e+00     1.00857e+01     1.41279e+01     2.47831e+01
   1.53091     9.01883e+00     9.49052e+00     1.35969e+01     2.44192e+01
   1.53705     8.49377e+00     9.37827e+00     1.31160e+01     2.37744e+01
   1.54318     8.24931e+00     8.94708e+00     1.29618e+01     2.33858e+01
   1.54932     8.00006e+00     8.65748e+00     1.25182e+01     2.27758e+01
   1.55546     7.47778e+00     8.49091e+00     1.22400e+01     2.23014e+01
   1.56159     7.45586e+00     7.92403e+00     1.18238e+01     2.16652e+01
   1.56773     7.32839e+00     7.65011e+00     1.12042e+01     2.11594e+01
   1.57386     6.83473e+00     7.44106e+00     1.10396e+01     2.06299e+01
   1.58000     6.69203e+00     7.24368e+00     1.06769e+01     2.04232e+01
   1.58614     6.24718e+00     6.84474e+00     1.05653e+01     1.99582e+01
   1.59227     5.84469e+00     6.64282e+00     1.02174e+01     1.92643e+01
   1.59841     5.69365e+00     6.34450e+00     9.95045e+00     1.88647e+01
   1.60454     5.60695e+00     6.02256e+00     9.54386e+00     1.86425e+01
   1.61068     5.24099e+00     5.82921e+00     9.40805e+00     1.78963e+01
   1.61682     4.94125e+00     5.65124e+00     8.89524e+00     1.76730e+01
   1.62295     4.80849e+00     5.18291e+00     8.40361e+00     1.72005e+01
   1.62909     4.40654e+00     5.15289e+00     8.16294e+00     1.66922e+01
   1.63522     4.36032e+00     4.55078e+00     8.15206e+00     1.62000e+01
   1.64136     3.99300e+00     4.61200e+00     7.65783e+00     1.59532e+01
   1.64750     3.84857e+00     4.28274e+00     7.10485e+00     1.55471e+01
   1.65363     3.54700e+00     3.85238e+00     6.98958e+00     1.50211e+01
   1.65977     3.41006e+00     3.81346e+00     6.46398e+00     1.47251e+01
   1.66590     3.04522e+00     3.53395e+00     6.40130e+00     1.42060e+01
   1.67204     2.89509e+00     3.16408e+00     6.21337e+00     1.38702e+01
   1.67817     2.80103e+00     2.92167e+00     5.76692e+00     1.35883e+01
   1.68431     2.17530e+00     2.63470e+00     5.44550e+00     1.32724e+01
   1.69045     2.28969e+00     2.38805e+00     4.98125e+00     1.27234e+01
   1.69658     1.86133e+00     2.24490e+00     5.05084e+00     1.24400e+01
   1.70272     1.67751e+00     2.01651e+00     4.69731e+00     1.18756e+01
   1.70885     1.56787e+00     1.78447e+00     4.46285e+00     1.15831e+01
   1.71499     1.40900e+00     1.65676e+00     4.13970e+00     1.11953e+01
   1.72113     1.04168e+00     1.26132e+00     3.83448e+00     1.07207e+01
   1.72726     7.10538e-01     1.02534e+00     3.53677e+00     1.06563e+01
   1.73340     6.29861e-01     8.53345e-01     3.26151e+00     1.01603e+01
   1.73953     2.97045e-01     5.98427e-01     3.09692e+00     9.69300e+00
   1.74567     1.07429e-01     2.11590e-01     2.74843e+00     9.41778e+00
   1.75181     8.39344e-02     1.52582e-01     2.43098e+00     9.10627e+00
   1.75794     3.07224e-01     2.01189e-01     2.20042e+00     8.73793e+00
   1.76408     4.87827e-01     4.77231e-01     1.88360e+00     8.30389e+00
   1.77021     7.03890e-01     3.37445e-01     1.95975e+00     8.08521e+00
   1.77635     8.10729e-01     6.37127e-01     1.54560e+00     7.66589e+00
   1.78249     1.12416e+00     8.09493e-01     1.22504e+00     7.21942e+00
   1.78862     1.27693e+00     1.09613e+00     8.33947e-01     7.16708e+00
   1.79476     1.37736e+00     1.45062e+00     8.55272e-01     6.63378e+00
   1.80089     1.57152e+00     1.65262e+00     4.47696e-01     6.42043e+00
   1.80703     1.81728e+00     1.85607e+00     2.61681e-01     6.12662e+00
   1.81317     1.99229e+00     2.03132e+00     9.24372e-02     5.89131e+00
   1.81930     2.05549e+00     2.24844e+00     7.17748e-02     5.45475e+00
   1.82544     2.35774e+00     2.39575e+00     4.62585e-01     5.20155e+00
   1.83157     2.58303e+00     2.43165e+00     6.59183e-01     4.77234e+00
   1.83771     2.81883e+00     2.88656e+00     7.94021e-01     4.59952e+00
   1.84384     3.06374e+00     3.01958e+00     1.08935e+00     4.43221e+00
   1.84998     3.17120e+00     3.20230e+00     1.17220e+00     3.95874e+00
   1.85612     3.21238e+00     3.29460e+00     1.48355e+00     3.55880e+00
   1.86225     3.46342e+00     3.42295e+00     1.73241e+00     3.53596e+00
   1.86839     3.61585e+00     3.73854e+00     2.06675e+00     3.34182e+00
   1.87452     3.88598e+00     3.98331e+00     2.19885e+00     2.75855e+00
   1.88066     4.01403e+00     4.10062e+00     2.27797e+00     2.59003e+00
   1.88680     4.17173e+00     4.24550e+00     2.66276e+00     2.17369e+00
   1.89293     4.49652e+00     4.49074e+00     2.93532e+00     2.03840e+00
   1.89907     4.47870e+00     4.70850e+00     3.10629e+00     1.86779e+00
   1.90520     4.59707e+00     4.81608e+00     3.14886e+00     1.46274e+00
   1.91134     4.97153e+00     5.03921e+00     3.44819e+00     1.20224e+00
   1.91748     5.04832e+00     5.21015e+00     3.63121e+00     1.01463e+00
   1.92361     5.13032e+00     5.29271e+00     3.77288e+00     8.18086e-01
   1.92975     5.42354e+00     5.50393e+00     4.02569e+00     4.73640e-01
   1.93588     5.65118e+00     5.72303e+00     4.26154e+00     7.43609e-02
   1.94202     5.62681e+00     5.73685e+00     4.45090e+00     4.23152e-02
   1.94816     5.84581e+00     6.01501e+00     4.72932e+00     2.57150e-01
   1.95429     6.00906e+00     6.21642e+00     4.79975e+00     5.27981e-01
   1.96043     6.25027e+00     6.31901e+00     5.05616e+00     7.22699e-01
   1.96656     6.33635e+00     6.43020e+00     5.21635e+00     9.78444e-01
   1.97270     6.62191e+00     6.79720e+00     5.39849e+00     1.20690e+00
   1.97884     6.68237e+00     6.85640e+00     5.51585e+00     1.52328e+00
   1.98497     6.80853e+00     7.11112e+00     5.73575e+00     1.68459e+00
   1.99111     7.09905e+00     7.27938e+00     5.80892e+00     1.93494e+00
   1.99724     7.15280e+00     7.26689e+00     6.02329e+00     2.01251e+00
   2.00338     7.16462e+00     7.49368e+00     6.23205e+00     2.32821e+00
   2.00951     7.39675e+00     7.61446e+00     6.36612e+00     2.57412e+00
   2.01565     7.65345e+00     7.82139e+00     6.64466e+00     2.79235e+00
   2.02179     7.80361e+00     7.93383e+00     6.84008e+00     3.11012e+00
   2.02792     7.84318e+00     8.18486e+00     7.10603e+00     3.18023e+00
   2.03406     8.00943e+00     8.31510e+00     7.06159e+00     3.48642e+00
   2.04019     8.12731e+00     8.45039e+00     7.38714e+00     3.71826e+00
   2.04633     8.31142e+00     8.61486e+00     7.60814e+00     3.86377e+00
   2.05247     8.45100e+00     8.68922e+00     7.67638e+00     4.08170e+00
   2.05860     8.63920e+00     8.81673e+00     7.84378e+00     4.39561e+00
   2.06474     8.75995e+00     8.97710e+00     8.01148e+00     4.49653e+00
   2.07087     8.82338e+00     9.17523e+00     8.11136e+00     4.82537e+00
   2.07701     9.02984e+00     9.24445e+00     8.30770e+00     4.81114e+00
   2.08315     9.08769e+00     9.39503e+00     8.43815e+00     5.11616e+00
   2.08928     9.22459e+00     9.62320e+00     8.68047e+00     5.30575e+00
   2.09542     9.40117e+00     9.73999e+00     8.66909e+00     5.54612e+00
   2.10155     9.53545e+00     9.88604e+00     8.92238e+00     5.75041e+00
   2.10769     9.75910e+00     9.83596e+00     9.09511e+00     5.81899e+00
   2.11383     9.80946e+00     1.01053e+01     9.22418e+00     6.05169e+00
   2.11996     9.93388e+00     1.02407e+01     9.44954e+00     6.30536e+00
   2.12610     1.00538e+01     1.03813e+01     9.51534e+00     6.38326e+00
   2.13223     1.01678e+01     1.05567e+01     9.67428e+00     6.61379e+00
   2.13837     1.03503e+01     1.07132e+01     9.86963e+00     6.79279e+00
   2.14451     1.04622e+01     1.07857e+01     1.00204e+01     7.04335e+00
   2.15064     1.05161e+01     1.09061e+01     1.01980e+01     7.15354e+00
   2.15678     1.07662e+01     1.09878e+01     1.03333e+01     7.27890e+00
   2.16291     1.09175e+01     1.11367e+01     1.04347e+01     7.51124e+00
   2.16905     1.09938e+01     1.12581e+01     1.05870e+01     7.60708e+00
   2.17518     1.10495e+01     1.13592e+01     1.06820e+01     7.84362e+00
   2.18132     1.11871e+01     1.14943e+01     1.08326e+01     8.05440e+00
   2.18746     1.14027e+01     1.16614e+01     1.09812e+01     8.22718e+00
   2.19359     1.14921e+01     1.17547e+01     1.10422e+01     8.42649e+00
   2.19973     1.15753e+01     1.18986e+01     1.12332e+01     8.56463e+00
   2.20586     1.16473e+01     1.20051e+01     1.12933e+01     8.64836e+00
   2.21200     1.18039e+01     1.21926e+01     1.13982e+01     8.79863e+00
   2.21814     1.18916e+01     1.22807e+01     1.16791e+01     8.98359e+00
   2.22427     1.19612e+01     1.23354e+01     1.17595e+01     9.16309e+00
   2.23041     1.21753e+01     1.25208e+01     1.18387e+01     9.33928e+00
   2.23654     1.21701e+01     1.26018e+01     1.20518e+01     9.41617e+00
   2.24268     1.23637e+01     1.27991e+01     1.20826e+01     9.66276e+00
   2.24882     1.24229e+01     1.28953e+01     1.23303e+01     9.73484e+00
   2.25495     1.25247e+01     1.29362e+01     1.24057e+01     9.95120e+00
   2.26109     1.27006e+01     1.30882e+01     1.25875e+01     1.00553e+01
   2.26722     1.27675e+01     1.31466e+01     1.26880e+01     1.02496e+01
   2.27336     1.29425e+01     1.33713e+01     1.27567e+01     1.02807e+01
   2.27950     1.29774e+01     1.33989e+01     1.29448e+01     1.05371e+01
   2.28563     1.30453e+01     1.35731e+01     1.30260e+01     1.06120e+01
   2.29177     1.32618e+01     1.36790e+01     1.31824e+01     1.08436e+01
   2.29790     1.32505e+01     1.36964e+01     1.33469e+01     1.09023e+01
   2.30404     1.34486e+01     1.38666e+01     1.33745e+01     1.11219e+01
   2.31018     1.34912e+01     1.38763e+01     1.34940e+01     1.12372e+01
   2.31631     1.35620e+01     1.40514e+01     1.36783e+01     1.12869e+01
   2.32245     1.36987e+01     1.41216e+01     1.37822e+01     1.14830e+01
   2.32858     1.37771e+01     1.42809e+01     1.38321e+01     1.15924e+01
   2.33472     1.39274e+01     1.43392e+01     1.39428e+01     1.17527e+01
   2.34085     1.39945e+01     1.44544e+01     1.41091e+01     1.19299e+01
   2.34699     1.41028e+01     1.45677e+01     1.41276e+01     1.19987e+01
   2.35313     1.42812e+01     1.46754e+01     1.43089e+01     1.21252e+01
   2.35926     1.43074e+01     1.47726e+01     1.44437e+01     1.23164e+01
   2.36540     1.43604e+01     1.49139e+01     1.45331e+01     1.23023e+01
   2.37153     1.44823e+01     1.49605e+01     1.46484e+01     1.25376e+01
   2.37767     1.46008e+01     1.50411e+01     1.47451e+01     1.26638e+01
   2.38381     1.46286e+01     1.51591e+01     1.48738e+01     1.27269e+01
   2.38994     1.47309e+01     1.52688e+01     1.49478e+01     1.29395e+01
   2.39608     1.48370e+01     1.53481e+01     1.50137e+01     1.30038e+01
   2.40221     1.49374e+01     1.54379e+01     1.51234e+01     1.30818e+01
   2.40835     1.50522e+01     1.55888e+01     1.52733e+01     1.32334e+01
   2.41449     1.51303e+01     1.56130e+01     1.53744e+01     1.33103e+01
   2.42062     1.51896e+01     1.57510e+01     1.54870e+01     1.34594e+01
   2.42676     1.53182e+01     1.58188e+01     1.55416e+01     1.35721e+01
   2.43289     1.54159e+01     1.59443e+01     1.56856e+01     1.36847e+01
   2.43903     1.54818e+01     1.59935e+01     1.57661e+01     1.38433e+01
   2.44517     1.56327e+01     1.60367e+01     1.58526e+01     1.39803e+01
   2.45130     1.56665e+01     1.61460e+01     1.59473e+01     1.40535e+01
   2.45744     1.57489e+01     1.62325e+01     1.60761e+01     1.41767e+01
   2.46357     1.58115e+01     1.62999e+01     1.61191e+01     1.42724e+01
   2.46971     1.59117e+01     1.64571e+01     1.62548e+01     1.43966e+01
   2.47584     1.59912e+01     1.65740e+01     1.63196e+01     1.45246e+01
   2.48198     1.61044e+01     1.66360e+01     1.64523e+01     1.45942e+01
   2.48812     1.61501e+01     1.66809e+01     1.65339e+01     1.47252e+01
   2.49425     1.62951e+01     1.67698e+01     1.65818e+01     1.48856e+01
   2.50039     1.63155e+01     1.68410e+01     1.66731e+01     1.49001e+01
   2.50652     1.64005e+01     1.69683e+01     1.67873e+01     1.50300e+01
   2.51266     1.64310e+01     1.69982e+01     1.69341e+01     1.51228e+01
   2.51880     1.65518e+01     1.70755e+01     1.70287e+01     1.52058e+01
   2.52493     1.66297e+01     1.71928e+01     1.70617e+01     1.53454e+01
   2.53107     1.67044e+01     1.72680e+01     1.71640e+01     1.54575e+01
   2.53720     1.67494e+01     1.73274e+01     1.72731e+01     1.55240e+01
   2.54334     1.68590e+01     1.74452e+01     1.73320e+01     1.56248e+01
   2.54948     1.69557e+01     1.74740e+01     1.74209e+01     1.57220e+01
   2.55561     1.70141e+01     1.75828e+01     1.75487e+01     1.58566e+01
   2.56175     1.71313e+01     1.76779e+01     1.75752e+01     1.59180e+01
   2.56788     1.71540e+01     1.77943e+01     1.76522e+01     1.59698e+01
   2.57402     1.72357e+01     1.78289e+01     1.77427e+01     1.60928e+01
   2.58016     1.73146e+01     1.78559e+01     1.78490e+01     1.61876e+01
   2.58629     1.74341e+01     1.79447e+01     1.79115e+01     1.62823e+01
   2.59243     1.74291e+01     1.79975e+01     1.79899e+01     1.63397e+01
   2.59856     1.74829e+01     1.80698e+01     1.80696e+01     1.64924e+01
   2.60470     1.75686e+01     1.81701e+01     1.81306e+01     1.65716e+01
   2.61084     1.76240e+01     1.82517e+01     1.82131e+01     1.66736e+01
   2.61697     1.77001e+01     1.83394e+01     1.83511e+01     1.67019e+01
   2.62311     1.77939e+01     1.83834e+01     1.84123e+01     1.68193e+01
   2.62924     1.78416e+01     1.84562e+01     1.85186e+01     1.68752e+01
   2.63538     1.79618e+01     1.85429e+01     1.85844e+01     1.69250e+01
   2.64151     1.79850e+01     1.86213e+01     1.86310e+01     1.70619e+01
   2.64765     1.80611e+01     1.87121e+01     1.87064e+01     1.71417e+01
   2.65379     1.81204e+01     1.87414e+01     1.87912e+01     1.71910e+01
   2.65992     1.81665e+01     1.87940e+01     1.88565e+01     1.73161e+01
   2.66606     1.82550e+01     1.88881e+01     1.89169e+01     1.73971e+01
   2.67219     1.83245e+01     1.89358e+01     1.90495e+01     1.74645e+01
   2.67833     1.83848e+01     1.90289e+01     1.91038e+01     1.75416e+01
   2.68447     1.84384e+01     1.90921e+01     1.91374e+01     1.75972e+01
   2.69060     1.84982e+01     1.91684e+01     1.92542e+01     1.77068e+01
   2.69674     1.85549e+01     1.92059e+01     1.93293e+01     1.77459e+01
   2.70287     1.85913e+01     1.93056e+01     1.93924e+01     1.78495e+01
   2.70901     1.86297e+01     1.93481e+01     1.94474e+01     1.78917e+01
   2.71515     1.87124e+01     1.94337e+01     1.95166e+01     1.79944e+01
   2.72128     1.87845e+01     1.94623e+01     1.95750e+01     1.81071e+01
   2.72742     1.88364e+01     1.95254e+01     1.96539e+01     1.81082e+01
   2.73355     1.89097e+01     1.95868e+01     1.97290e+01     1.82427e+01
   2.73969     1.89957e+01     1.96392e+01     1.98277e+01     1.82931e+01
   2.74583     1.90287e+01     1.97317e+01     1.98599e+01     1.83570e+01
   2.75196     1.90892e+01     1.97829e+01     1.99260e+01     1.84020e+01
   2.75810     1.91496e+01     1.98429e+01     1.99951e+01     1.84895e+01
   2.76423     1.91887e+01     1.99049e+01     2.00800e+01     1.85092e+01
   2.77037     1.92184e+01     1.99784e+01     2.01303e+01     1.86499e+01
   2.77651     1.92970e+01     2.00523e+01     2.02192e+01     1.87082e+01
   2.78264     1.93553e+01     2.00406e+01     2.02942e+01     1.87530e+01
   2.78878     1.94434e+01     2.01462e+01     2.03486e+01     1.88384e+01
   2.79491     1.94822e+01     2.02086e+01     2.04041e+01     1.88970e+01
   2.80105     1.94925e+01     2.02519e+01     2.04699e+01     1.89617e+01
   2.80718     1.95356e+01     2.03078e+01     2.05301e+01     1.90129e+01
   2.81332     1.95956e+01     2.03686e+01     2.06274e+01     1.90930e+01
   2.81946     1.96585e+01     2.03755e+01     2.06517e+01     1.91622e+01
   2.82559     1.97013e+01     2.04970e+01     2.07006e+01     1.92136e+01
   2.83173     1.97715e+01     2.05248e+01     2.07839e+01     1.92592e+01
   2.83786     1.97899e+01     2.05952e+01     2.08620e+01     1.93211e+01
   2.84400     1.98551e+01     2.06234e+01     2.09318e+01     1.93522e+01
   2.85014     1.98761e+01     2.06908e+01     2.09578e+01     1.94779e+01
   2.85627     1.99348e+01     2.07134e+01     2.10550e+01     1.94894e+01
   2.86241     1.99787e+01     2.07825e+01     2.10670e+01     1.95637e+01
   2.86854     2.00459e+01     2.08334e+01     2.11299e+01     1.95923e+01
   2.87468     2.01137e+01     2.08905e+01     2.12113e+01     1.96603e+01
   2.88082     2.01586e+01     2.09312e+01     2.12825e+01     1.97416e+01
   2.88695     2.01751e+01     2.09826e+01     2.13532e+01     1.97626e+01
   2.89309     2.01934e+01     2.10455e+01     2.14004e+01     1.97922e+01
   2.89922     2.02364e+01     2.10950e+01     2.14494e+01     1.98558e+01
   2.90536     2.03075e+01     2.11029e+01     2.15085e+01     1.99606e+01
   2.91150     2.03364e+01     2.11954e+01     2.15444e+01     1.99852e+01
   2.91763     2.03832e+01     2.12257e+01     2.16013e+01     2.00303e+01
   2.92377     2.04614e+01     2.12989e+01     2.16863e+01     2.00730e+01
   2.92990     2.04522e+01     2.13289e+01     2.17350e+01     2.01712e+01
   2.93604     2.05007e+01     2.13685e+01     2.17886e+01     2.01924e+01
   2.94218     2.05813e+01     2.14288e+01     2.18380e+01     2.02355e+01
   2.94831     2.05951e+01     2.14783e+01     2.18964e+01     2.02937e+01
   2.95445     2.05997e+01     2.15097e+01     2.19456e+01     2.03497e+01
   2.96058     2.06875e+01     2.15604e+01     2.20006e+01     2.03410e+01
   2.96672     2.06911e+01     2.15927e+01     2.20394e+01     2.04263e+01
   2.97285     2.07051e+01     2.16417e+01     2.20803e+01     2.04852e+01
   2.97899     2.08156e+01     2.16715e+01     2.21537e+01     2.05124e+01
   2.98513     2.08345e+01     2.17284e+01     2.22087e+01     2.05455e+01
   2.99126     2.08399e+01     2.17815e+01     2.22237e+01     2.06653e+01
   2.99740     2.08919e+01     2.18139e+01     2.22920e+01     2.06587e+01
   3.00353     2.09656e+01     2.18523e+01     2.23726e+01     2.07169e+01
   3.00967     2.09888e+01     2.19027e+01     2.24068e+01     2.07514e+01
   3.01581     2.09911e+01     2.19525e+01     2.24552e+01     2.07750e+01
   3.02194     2.10499e+01     2.19704e+01     2.25233e+01     2.08180e+01
   3.02808     2.10694e+01     2.20354e+01     2.25418e+01     2.08861e+01
   3.03421     2.10776e+01     2.20832e+01     2.26232e+01     2.09159e+01
   3.04035     2.11482e+01     2.20910e+01     2.26597e+01     2.09698e+01
   3.04649     2.11344e+01     2.21431e+01     2.26931e+01     2.10117e+01
   3.05262     2.11946e+01     2.21897e+01     2.27563e+01     2.10538e+01
   3.05876     2.12217e+01     2.22262e+01     2.27917e+01     2.10967e+01
   3.06489     2.12465e+01     2.22803e+01     2.28325e+01     2.11277e+01
   3.07103     2.12729e+01     2.23031e+01     2.29038e+01     2.11739e+01
   3.07717     2.13091e+01     2.23678e+01     2.29255e+01     2.12242e+01
   3.08330     2.13732e+01     2.23745e+01     2.29923e+01     2.12307e+01
   3.08944     2.13674e+01     2.24273e+01     2.30187e+01     2.12894e+01
   3.09557     2.14184e+01     2.24382e+01     2.30744e+01     2.13165e+01
   3.10171     2.14397e+01     2.24898e+01     2.31018e+01     2.13410e+01
   3.10785     2.14488e+01     2.25235e+01     2.31500e+01     2.14113e+01
   3.11398     2.14851e+01     2.25639e+01     2.31865e+01     2.14398e+01
   3.12012     2.15242e+01     2.26305e+01     2.32395e+01     2.14658e+01
   3.12625     2.15595e+01     2.26345e+01     2.32888e+01     2.15131e+01
   3.13239     2.15609e+01     2.26771e+01     2.33232e+01     2.15418e+01
   3.13852     2.16163e+01     2.27106e+01     2.33769e+01     2.15727e+01
