# Subtracting SN=    2.27632e+01.
#        k         Pk_0_HI
   0.03175     1.27268e+04
   0.04446     9.29512e+03
   0.05670     7.72392e+03
   0.06913     6.59187e+03
   0.08163     5.43748e+03
   0.09394     4.26617e+03
   0.10633     3.45196e+03
   0.11897     3.09775e+03
   0.13156     2.86702e+03
   0.14405     2.47380e+03
   0.15655     2.07985e+03
   0.16903     1.83942e+03
   0.18145     1.66159e+03
   0.19391     1.54936e+03
   0.20638     1.40962e+03
   0.21880     1.23975e+03
   0.23135     1.14347e+03
   0.24388     1.05134e+03
   0.25638     9.86251e+02
   0.26888     9.09371e+02
   0.28133     8.46178e+02
   0.29385     7.81925e+02
   0.30628     7.37736e+02
   0.31877     6.87505e+02
   0.33129     6.46297e+02
   0.34378     6.10693e+02
   0.35632     5.72158e+02
   0.36883     5.42905e+02
   0.38133     5.16111e+02
   0.39379     4.89793e+02
   0.40628     4.68319e+02
   0.41878     4.42526e+02
   0.43132     4.17260e+02
   0.44381     3.98948e+02
   0.45630     3.83469e+02
   0.46880     3.68459e+02
   0.48130     3.50131e+02
   0.49379     3.37325e+02
   0.50627     3.22148e+02
   0.51878     3.06716e+02
   0.53128     2.98203e+02
   0.54381     2.85574e+02
   0.55628     2.75838e+02
   0.56880     2.64043e+02
   0.58132     2.54443e+02
   0.59381     2.46381e+02
   0.60631     2.38264e+02
   0.61879     2.30215e+02
   0.63131     2.22495e+02
   0.64381     2.15685e+02
   0.65629     2.07394e+02
   0.66878     2.01184e+02
   0.68130     1.94896e+02
   0.69382     1.88191e+02
   0.70631     1.82343e+02
   0.71877     1.77168e+02
   0.73127     1.72300e+02
   0.74379     1.66698e+02
   0.75629     1.61365e+02
   0.76880     1.56786e+02
   0.78130     1.53050e+02
   0.79378     1.48277e+02
   0.80630     1.43982e+02
   0.81880     1.40240e+02
   0.83127     1.36015e+02
   0.84379     1.31969e+02
   0.85630     1.28499e+02
   0.86879     1.25693e+02
   0.88128     1.22012e+02
   0.89378     1.18408e+02
   0.90628     1.15198e+02
   0.91879     1.11968e+02
   0.93128     1.09099e+02
   0.94378     1.06450e+02
   0.95630     1.03759e+02
   0.96878     1.01439e+02
   0.98127     9.83334e+01
   0.99376     9.60057e+01
   1.00625     9.35030e+01
   1.01876     9.06777e+01
   1.03128     8.88802e+01
   1.04378     8.70180e+01
   1.05626     8.43280e+01
   1.06878     8.20040e+01
   1.08130     7.98841e+01
   1.09378     7.80515e+01
   1.10628     7.61349e+01
   1.11877     7.43960e+01
   1.13126     7.22036e+01
   1.14378     7.03124e+01
   1.15629     6.87107e+01
   1.16880     6.70813e+01
   1.18130     6.53021e+01
   1.19378     6.37307e+01
   1.20627     6.20780e+01
   1.21876     6.04839e+01
   1.23127     5.90425e+01
   1.24378     5.76862e+01
   1.25626     5.60544e+01
   1.26874     5.45986e+01
   1.28126     5.32536e+01
   1.29376     5.19814e+01
   1.30627     5.07705e+01
   1.31878     4.90911e+01
   1.33127     4.80682e+01
   1.34376     4.68309e+01
   1.35626     4.56452e+01
   1.36877     4.44383e+01
   1.38126     4.34257e+01
   1.39377     4.21621e+01
   1.40626     4.10121e+01
   1.41876     3.98614e+01
   1.43128     3.87944e+01
   1.44376     3.78194e+01
   1.45626     3.67747e+01
   1.46878     3.58714e+01
   1.48127     3.47849e+01
   1.49375     3.38391e+01
   1.50627     3.30073e+01
   1.51879     3.19359e+01
   1.53128     3.11642e+01
   1.54377     3.02462e+01
   1.55627     2.93254e+01
   1.56876     2.84104e+01
   1.58126     2.76963e+01
   1.59377     2.67441e+01
   1.60627     2.59994e+01
   1.61877     2.50847e+01
   1.63126     2.44754e+01
   1.64377     2.36493e+01
   1.65627     2.28974e+01
   1.66875     2.20844e+01
   1.68125     2.14481e+01
   1.69375     2.06871e+01
   1.70626     2.00065e+01
   1.71876     1.93208e+01
   1.73127     1.86298e+01
   1.74377     1.80000e+01
   1.75628     1.72850e+01
   1.76876     1.66456e+01
   1.78125     1.61158e+01
   1.79375     1.54927e+01
   1.80627     1.48709e+01
   1.81877     1.42470e+01
   1.83126     1.36594e+01
   1.84377     1.30509e+01
   1.85627     1.25357e+01
   1.86877     1.19585e+01
   1.88127     1.14090e+01
   1.89376     1.08778e+01
   1.90627     1.02959e+01
   1.91877     9.82642e+00
   1.93127     9.34008e+00
   1.94377     8.84224e+00
   1.95627     8.35034e+00
   1.96877     7.83021e+00
   1.98126     7.29681e+00
   1.99375     6.89037e+00
   2.00625     6.48156e+00
   2.01875     5.94660e+00
   2.03126     5.49688e+00
   2.04377     5.03075e+00
   2.05627     4.66196e+00
   2.06876     4.23722e+00
   2.08126     3.86383e+00
   2.09376     3.40649e+00
   2.10626     2.99930e+00
   2.11877     2.59665e+00
   2.13126     2.21808e+00
   2.14377     1.81179e+00
   2.15626     1.41817e+00
   2.16875     1.09360e+00
   2.18126     7.26521e-01
   2.19376     3.56518e-01
   2.20626     4.26687e-02
   2.21876    -3.60900e-01
   2.23126    -6.60126e-01
   2.24376    -1.01545e+00
   2.25626    -1.33614e+00
   2.26876    -1.65835e+00
   2.28127    -1.98656e+00
   2.29377    -2.32042e+00
   2.30626    -2.62083e+00
   2.31876    -2.91096e+00
   2.33127    -3.21244e+00
   2.34377    -3.53046e+00
   2.35626    -3.81306e+00
   2.36877    -4.06426e+00
   2.38126    -4.37186e+00
   2.39375    -4.65944e+00
   2.40626    -4.89584e+00
   2.41875    -5.19241e+00
   2.43125    -5.42870e+00
   2.44376    -5.70584e+00
   2.45626    -5.93295e+00
   2.46877    -6.21498e+00
   2.48127    -6.45168e+00
   2.49376    -6.66386e+00
   2.50625    -6.92460e+00
   2.51875    -7.16298e+00
   2.53126    -7.37722e+00
   2.54376    -7.61071e+00
   2.55626    -7.80627e+00
   2.56876    -8.02865e+00
   2.58126    -8.24682e+00
   2.59377    -8.43750e+00
   2.60626    -8.64787e+00
   2.61876    -8.85680e+00
   2.63126    -9.04427e+00
   2.64376    -9.24385e+00
   2.65626    -9.42649e+00
   2.66876    -9.62009e+00
   2.68126    -9.79986e+00
   2.69376    -9.97952e+00
   2.70626    -1.01479e+01
   2.71876    -1.03314e+01
   2.73126    -1.05063e+01
   2.74376    -1.06566e+01
   2.75626    -1.08264e+01
   2.76877    -1.09973e+01
   2.78127    -1.11390e+01
   2.79377    -1.13042e+01
   2.80626    -1.14431e+01
   2.81875    -1.15878e+01
   2.83126    -1.17476e+01
   2.84377    -1.18870e+01
   2.85627    -1.20273e+01
   2.86876    -1.21562e+01
   2.88127    -1.22962e+01
   2.89377    -1.24291e+01
   2.90626    -1.25519e+01
   2.91876    -1.26820e+01
   2.93126    -1.28018e+01
   2.94376    -1.29270e+01
   2.95626    -1.30405e+01
   2.96876    -1.31707e+01
   2.98126    -1.32723e+01
   2.99376    -1.33736e+01
   3.00625    -1.35004e+01
   3.01875    -1.35960e+01
   3.03125    -1.37082e+01
   3.04376    -1.38031e+01
   3.05626    -1.39084e+01
   3.06876    -1.40009e+01
   3.08126    -1.40866e+01
   3.09376    -1.41772e+01
   3.10626    -1.42742e+01
   3.11876    -1.43555e+01
   3.13126    -1.44460e+01
