# Halo Mass, Number Halos, HI halos, HI centrals, HI satellites
1.451413e+09 2.582792e+08 5.205217e+04 5.205217e+04 0.000000e+00
1.987344e+09 4.987182e+08 1.256385e+05 1.256385e+05 0.000000e+00
3.148214e+09 3.068129e+08 3.373317e+05 3.373317e+05 0.000000e+00
4.961110e+09 1.888854e+08 7.317021e+05 7.316941e+05 7.976829e+00
7.843345e+09 1.120268e+08 1.400288e+06 1.399093e+06 1.194697e+03
1.241972e+10 6.447032e+07 2.469035e+06 2.461198e+06 7.836237e+03
1.966626e+10 3.672326e+07 4.126488e+06 4.082350e+06 4.413821e+04
3.117723e+10 2.054615e+07 6.674387e+06 6.501226e+06 1.731613e+05
4.939774e+10 1.114092e+07 1.055952e+07 1.006426e+07 4.952554e+05
7.814948e+10 5.920247e+06 1.645684e+07 1.525028e+07 1.206557e+06
1.236710e+11 3.028681e+06 2.543638e+07 2.275237e+07 2.684012e+06
1.956475e+11 1.479487e+06 3.909227e+07 3.353114e+07 5.561127e+06
3.094158e+11 6.847690e+05 5.985706e+07 4.892220e+07 1.093487e+07
4.888339e+11 2.963800e+05 9.136711e+07 7.155032e+07 1.981679e+07
7.722906e+11 1.189540e+05 1.392748e+08 1.044589e+08 3.481591e+07
1.219930e+12 4.287100e+04 2.120929e+08 1.530239e+08 5.906907e+07
1.919858e+12 1.396800e+04 3.217040e+08 2.120558e+08 1.096482e+08
3.025776e+12 3.927000e+03 4.884444e+08 3.259271e+08 1.625173e+08
4.811115e+12 8.690000e+02 7.475063e+08 4.474018e+08 3.001045e+08
7.409719e+12 1.600000e+02 1.110872e+09 6.482319e+08 4.626404e+08
1.141695e+13 1.400000e+01 1.651611e+09 8.385501e+08 8.130605e+08
1.807630e+13 5.000000e+00 2.517124e+09 1.186665e+09 1.330459e+09
0.000000e+00 0.000000e+00 0.000000e+00 0.000000e+00 0.000000e+00
0.000000e+00 0.000000e+00 0.000000e+00 0.000000e+00 0.000000e+00
0.000000e+00 0.000000e+00 0.000000e+00 0.000000e+00 0.000000e+00
0.000000e+00 0.000000e+00 0.000000e+00 0.000000e+00 0.000000e+00
0.000000e+00 0.000000e+00 0.000000e+00 0.000000e+00 0.000000e+00
0.000000e+00 0.000000e+00 0.000000e+00 0.000000e+00 0.000000e+00
0.000000e+00 0.000000e+00 0.000000e+00 0.000000e+00 0.000000e+00
0.000000e+00 0.000000e+00 0.000000e+00 0.000000e+00 0.000000e+00
