# Redshift space power spectrum in mu bins.
# Subtracting SN=    9.24640e+00.
#     k\mu         0.05000         0.15000         0.25000         0.35000         0.45000         0.55000         0.65000         0.75000         0.85000         0.95000
   0.00920     8.97912e+03             nan             nan             nan             nan     1.27962e+04             nan     1.31134e+04             nan     1.03683e+04
   0.01534     1.06916e+04             nan             nan             nan     1.25733e+04             nan             nan     1.50051e+04     1.57803e+04     1.86157e+04
   0.02148     1.11395e+04             nan     1.21223e+04     1.14613e+04             nan     1.25008e+04     1.48652e+04             nan     1.52186e+04     1.57235e+04
   0.02761     1.04420e+04             nan     1.07768e+04             nan     1.08073e+04             nan     1.23984e+04     1.33301e+04     1.34123e+04     1.50249e+04
   0.03375     9.20542e+03     8.95025e+03             nan     8.56645e+03             nan     9.64011e+03     1.04129e+04     1.17740e+04     1.14990e+04     1.36345e+04
   0.03988     7.30501e+03     7.35980e+03     7.53656e+03     7.98340e+03     8.04216e+03     7.82505e+03     9.11179e+03     1.01802e+04     9.94451e+03     1.15858e+04
   0.04602     6.49388e+03     6.46484e+03     6.44276e+03     6.34649e+03     7.30317e+03     7.60298e+03     7.34497e+03     8.22353e+03     8.75491e+03     9.42651e+03
   0.05216     5.72346e+03     5.74240e+03     6.13366e+03     6.33573e+03     6.35624e+03     6.68914e+03     7.15185e+03     7.28841e+03     7.85600e+03     8.91197e+03
   0.05829     5.42276e+03     5.44192e+03     5.46389e+03     5.72710e+03     5.96798e+03     5.86184e+03     6.78988e+03     6.97834e+03     7.85432e+03     8.07298e+03
   0.06443     4.89573e+03     4.98019e+03     4.86246e+03     5.31760e+03     5.66213e+03     5.70366e+03     6.17875e+03     6.62546e+03     6.80315e+03     7.26110e+03
   0.07056     4.52627e+03     4.71887e+03     4.84162e+03     4.85433e+03     5.04021e+03     5.37871e+03     5.54027e+03     6.05683e+03     6.58908e+03     6.89538e+03
   0.07670     4.27421e+03     4.35045e+03     4.21850e+03     4.52818e+03     4.65849e+03     4.71832e+03     5.28707e+03     5.19788e+03     5.88806e+03     6.96305e+03
   0.08283     3.75032e+03     3.72702e+03     3.77537e+03     4.09911e+03     4.12580e+03     4.34611e+03     4.86713e+03     4.70043e+03     5.19856e+03     5.85504e+03
   0.08897     3.32107e+03     3.36070e+03     3.42132e+03     3.57048e+03     3.72727e+03     3.58474e+03     4.03254e+03     4.38135e+03     4.68191e+03     5.01969e+03
   0.09511     3.00772e+03     2.95054e+03     2.94803e+03     3.10241e+03     3.25826e+03     3.38740e+03     3.49751e+03     3.98926e+03     3.88545e+03     4.34590e+03
   0.10124     2.62891e+03     2.73252e+03     2.83762e+03     2.85675e+03     2.91316e+03     3.08141e+03     3.22955e+03     3.57606e+03     3.67540e+03     3.97660e+03
   0.10738     2.42038e+03     2.35691e+03     2.45651e+03     2.66477e+03     2.75713e+03     2.67764e+03     2.86226e+03     3.27054e+03     3.35311e+03     3.63291e+03
   0.11351     2.27747e+03     2.33455e+03     2.38951e+03     2.32214e+03     2.52642e+03     2.69393e+03     2.78248e+03     2.94386e+03     3.16964e+03     3.52222e+03
   0.11965     2.16436e+03     2.19091e+03     2.13246e+03     2.34795e+03     2.42579e+03     2.48936e+03     2.73046e+03     2.83109e+03     2.96485e+03     3.30672e+03
   0.12579     2.09681e+03     2.12978e+03     2.11705e+03     2.35549e+03     2.34191e+03     2.44627e+03     2.59311e+03     2.67962e+03     3.03506e+03     3.23104e+03
   0.13192     2.02099e+03     2.11147e+03     2.03597e+03     2.17665e+03     2.25249e+03     2.28633e+03     2.50252e+03     2.73976e+03     2.88361e+03     3.11492e+03
   0.13806     1.80860e+03     1.88507e+03     1.97441e+03     1.94808e+03     2.11790e+03     2.22364e+03     2.28008e+03     2.44593e+03     2.63995e+03     2.84329e+03
   0.14419     1.78046e+03     1.76816e+03     1.77993e+03     1.86162e+03     1.82885e+03     2.07192e+03     2.17942e+03     2.33633e+03     2.48773e+03     2.72499e+03
   0.15033     1.57027e+03     1.61402e+03     1.64236e+03     1.81172e+03     1.75183e+03     1.85049e+03     1.91761e+03     2.12422e+03     2.19972e+03     2.42525e+03
   0.15647     1.48430e+03     1.43472e+03     1.50164e+03     1.55941e+03     1.63552e+03     1.71960e+03     1.78194e+03     1.92136e+03     2.05464e+03     2.24888e+03
   0.16260     1.34878e+03     1.38496e+03     1.41260e+03     1.49610e+03     1.47934e+03     1.60890e+03     1.65627e+03     1.74034e+03     1.87651e+03     2.09298e+03
   0.16874     1.28458e+03     1.28416e+03     1.31685e+03     1.35238e+03     1.41621e+03     1.53191e+03     1.58957e+03     1.72160e+03     1.90378e+03     2.02043e+03
   0.17487     1.22568e+03     1.26653e+03     1.23214e+03     1.33175e+03     1.28922e+03     1.44726e+03     1.50262e+03     1.57547e+03     1.70705e+03     1.95830e+03
   0.18101     1.12917e+03     1.16391e+03     1.16460e+03     1.26690e+03     1.30847e+03     1.30130e+03     1.37993e+03     1.53280e+03     1.66096e+03     1.76971e+03
   0.18715     1.12014e+03     1.15280e+03     1.19725e+03     1.17886e+03     1.24917e+03     1.27846e+03     1.38948e+03     1.48661e+03     1.64175e+03     1.77209e+03
   0.19328     1.11253e+03     1.10533e+03     1.11611e+03     1.19998e+03     1.19156e+03     1.23197e+03     1.41517e+03     1.43198e+03     1.55051e+03     1.72697e+03
   0.19942     1.04872e+03     1.02931e+03     1.08281e+03     1.10727e+03     1.12308e+03     1.19229e+03     1.26535e+03     1.35656e+03     1.50104e+03     1.63551e+03
   0.20555     9.70225e+02     9.81810e+02     1.00716e+03     1.03887e+03     1.14033e+03     1.11965e+03     1.21981e+03     1.31945e+03     1.41655e+03     1.52543e+03
   0.21169     8.91352e+02     9.00677e+02     9.83026e+02     9.49143e+02     1.05006e+03     1.12720e+03     1.21066e+03     1.22007e+03     1.35140e+03     1.41841e+03
   0.21783     8.76943e+02     8.85650e+02     9.43588e+02     9.27359e+02     9.59310e+02     1.03042e+03     1.08414e+03     1.17751e+03     1.23256e+03     1.40207e+03
   0.22396     8.31904e+02     8.32315e+02     8.35682e+02     8.34531e+02     9.12638e+02     9.58856e+02     1.02958e+03     1.09437e+03     1.18204e+03     1.29317e+03
   0.23010     7.86287e+02     7.77871e+02     8.09600e+02     8.48512e+02     8.81759e+02     9.37296e+02     1.01561e+03     1.04808e+03     1.13033e+03     1.35144e+03
   0.23623     7.63026e+02     7.68533e+02     7.83440e+02     8.02845e+02     8.25459e+02     8.88081e+02     9.31032e+02     1.01047e+03     1.11702e+03     1.24395e+03
   0.24237     7.11767e+02     7.35019e+02     7.45189e+02     7.61323e+02     8.32212e+02     8.43472e+02     8.78393e+02     9.88216e+02     1.05010e+03     1.10289e+03
   0.24850     7.00608e+02     7.18882e+02     7.17343e+02     7.66850e+02     8.06752e+02     8.42892e+02     8.91724e+02     9.49537e+02     1.05406e+03     1.15254e+03
   0.25464     6.91819e+02     6.81947e+02     7.04650e+02     7.29040e+02     7.70639e+02     8.19492e+02     8.38752e+02     8.96924e+02     9.97571e+02     1.13514e+03
   0.26078     6.48620e+02     6.53000e+02     6.95524e+02     6.85447e+02     7.69410e+02     7.79580e+02     8.22217e+02     8.91886e+02     9.95244e+02     1.04397e+03
   0.26691     6.33881e+02     6.39439e+02     6.40249e+02     6.68662e+02     6.89170e+02     7.42114e+02     7.92561e+02     8.45132e+02     9.47582e+02     9.68974e+02
   0.27305     6.11027e+02     6.09719e+02     6.50485e+02     6.40314e+02     6.89402e+02     7.32983e+02     7.72868e+02     8.04836e+02     8.54213e+02     9.57324e+02
   0.27918     5.97120e+02     5.89675e+02     6.06137e+02     6.37464e+02     6.56514e+02     6.63637e+02     7.24936e+02     8.03266e+02     8.38734e+02     9.63400e+02
   0.28532     5.61541e+02     5.53312e+02     5.79889e+02     5.97975e+02     6.40859e+02     6.62137e+02     7.31683e+02     7.85931e+02     8.21502e+02     8.85883e+02
   0.29146     5.48634e+02     5.42224e+02     5.47376e+02     5.75990e+02     5.97826e+02     6.41403e+02     6.94565e+02     7.19815e+02     7.97275e+02     8.99844e+02
   0.29759     5.08206e+02     5.24587e+02     5.33619e+02     5.67416e+02     5.81495e+02     5.94271e+02     6.68641e+02     6.90818e+02     7.55409e+02     8.70464e+02
   0.30373     4.95059e+02     5.20110e+02     5.28691e+02     5.39592e+02     5.44539e+02     5.85437e+02     6.45752e+02     6.68207e+02     7.55012e+02     8.43308e+02
   0.30986     4.89369e+02     5.04131e+02     4.99319e+02     5.28599e+02     5.50668e+02     6.00098e+02     6.13180e+02     6.61758e+02     7.31428e+02     8.02664e+02
   0.31600     4.78514e+02     4.77407e+02     4.89883e+02     5.08450e+02     5.36730e+02     5.47392e+02     5.86657e+02     6.45076e+02     6.91203e+02     7.69642e+02
   0.32214     4.52827e+02     4.71028e+02     4.80984e+02     4.97140e+02     5.14315e+02     5.35071e+02     5.80412e+02     6.31537e+02     6.90895e+02     7.63572e+02
   0.32827     4.42723e+02     4.41555e+02     4.59557e+02     4.76109e+02     4.88660e+02     5.19128e+02     5.60217e+02     6.25053e+02     6.70401e+02     7.05290e+02
   0.33441     4.34824e+02     4.30853e+02     4.46203e+02     4.44584e+02     4.83303e+02     5.12555e+02     5.63512e+02     5.71623e+02     6.42246e+02     7.25830e+02
   0.34054     4.18086e+02     4.24911e+02     4.40281e+02     4.40281e+02     4.68973e+02     4.97320e+02     5.13156e+02     5.75158e+02     6.26201e+02     6.39909e+02
   0.34668     4.00357e+02     4.09491e+02     4.17699e+02     4.34335e+02     4.70708e+02     4.82625e+02     5.15804e+02     5.48238e+02     6.34801e+02     6.85091e+02
   0.35282     3.98269e+02     3.90439e+02     4.08780e+02     4.18648e+02     4.39872e+02     4.52981e+02     4.81521e+02     5.42238e+02     5.86147e+02     6.44439e+02
   0.35895     3.84301e+02     3.79809e+02     4.06468e+02     4.18329e+02     4.20666e+02     4.47551e+02     4.71851e+02     5.22633e+02     5.91044e+02     6.27753e+02
   0.36509     3.65378e+02     3.79398e+02     3.88372e+02     3.91825e+02     4.14292e+02     4.40911e+02     4.64868e+02     5.06426e+02     5.45487e+02     5.87602e+02
   0.37122     3.61885e+02     3.58239e+02     3.82306e+02     3.97274e+02     4.18405e+02     4.40912e+02     4.63268e+02     5.01531e+02     5.45160e+02     5.96991e+02
   0.37736     3.60907e+02     3.55549e+02     3.65056e+02     3.86223e+02     3.98986e+02     4.03957e+02     4.54334e+02     4.91622e+02     5.29922e+02     5.99194e+02
   0.38350     3.33808e+02     3.37584e+02     3.53680e+02     3.67223e+02     3.84933e+02     4.18150e+02     4.38429e+02     4.70727e+02     5.06180e+02     5.63938e+02
   0.38963     3.29348e+02     3.40229e+02     3.51044e+02     3.55890e+02     3.86804e+02     3.89525e+02     4.22234e+02     4.44479e+02     4.96595e+02     5.55398e+02
   0.39577     3.22334e+02     3.38875e+02     3.39633e+02     3.53230e+02     3.68566e+02     3.83232e+02     4.07569e+02     4.49544e+02     4.88640e+02     5.53424e+02
   0.40190     3.17880e+02     3.12668e+02     3.38656e+02     3.41653e+02     3.46663e+02     3.71641e+02     4.23869e+02     4.50182e+02     4.70636e+02     5.39878e+02
   0.40804     3.10890e+02     3.09500e+02     3.35100e+02     3.31556e+02     3.40596e+02     3.66996e+02     3.88201e+02     4.22577e+02     4.78693e+02     5.44781e+02
   0.41417     2.93557e+02     3.04135e+02     3.07848e+02     3.21991e+02     3.31445e+02     3.57220e+02     3.81956e+02     4.23323e+02     4.45588e+02     5.02682e+02
   0.42031     2.98010e+02     2.98646e+02     3.02592e+02     3.16290e+02     3.26914e+02     3.45249e+02     3.81413e+02     4.10471e+02     4.41250e+02     5.01949e+02
   0.42645     2.82312e+02     2.88419e+02     2.96248e+02     3.01079e+02     3.16336e+02     3.39975e+02     3.71207e+02     4.05396e+02     4.21395e+02     4.86671e+02
   0.43258     2.73227e+02     2.77553e+02     2.76757e+02     3.00202e+02     3.06957e+02     3.32928e+02     3.46464e+02     3.73750e+02     4.28221e+02     4.63670e+02
   0.43872     2.65876e+02     2.73326e+02     2.77715e+02     2.92247e+02     3.07034e+02     3.20651e+02     3.51164e+02     3.82560e+02     4.23260e+02     4.54264e+02
   0.44485     2.71360e+02     2.76243e+02     2.73461e+02     2.78007e+02     2.90279e+02     3.15410e+02     3.39704e+02     3.70761e+02     3.96937e+02     4.47022e+02
   0.45099     2.56567e+02     2.52260e+02     2.62290e+02     2.81371e+02     2.97688e+02     3.13685e+02     3.36460e+02     3.54414e+02     3.91392e+02     4.47763e+02
   0.45713     2.53618e+02     2.54576e+02     2.58715e+02     2.65079e+02     2.82507e+02     2.95876e+02     3.20203e+02     3.63222e+02     3.95435e+02     4.44318e+02
   0.46326     2.48315e+02     2.49696e+02     2.52929e+02     2.66344e+02     2.85254e+02     2.85788e+02     3.27334e+02     3.45420e+02     3.73355e+02     4.30426e+02
   0.46940     2.46971e+02     2.46583e+02     2.53205e+02     2.63359e+02     2.73266e+02     2.88283e+02     3.13685e+02     3.36477e+02     3.71971e+02     4.24486e+02
   0.47553     2.35614e+02     2.39646e+02     2.45331e+02     2.46337e+02     2.68583e+02     2.83722e+02     3.09455e+02     3.26965e+02     3.63563e+02     4.16303e+02
   0.48167     2.29562e+02     2.26914e+02     2.41050e+02     2.48789e+02     2.61037e+02     2.82052e+02     3.02618e+02     3.28835e+02     3.59535e+02     3.91921e+02
   0.48781     2.20978e+02     2.27804e+02     2.30829e+02     2.44497e+02     2.55924e+02     2.71332e+02     2.85144e+02     3.17607e+02     3.58801e+02     3.93164e+02
   0.49394     2.22201e+02     2.25242e+02     2.27490e+02     2.34761e+02     2.45071e+02     2.71549e+02     2.87623e+02     3.14822e+02     3.40749e+02     3.89502e+02
   0.50008     2.16790e+02     2.16521e+02     2.19494e+02     2.31011e+02     2.44692e+02     2.55951e+02     2.77251e+02     3.04297e+02     3.40827e+02     3.80500e+02
   0.50621     2.07661e+02     2.15774e+02     2.23299e+02     2.25118e+02     2.39092e+02     2.48214e+02     2.71020e+02     3.01229e+02     3.41069e+02     3.72446e+02
   0.51235     2.09695e+02     2.07498e+02     2.16062e+02     2.17734e+02     2.29479e+02     2.42961e+02     2.60323e+02     2.89615e+02     3.23517e+02     3.58955e+02
   0.51849     2.02006e+02     2.07034e+02     2.07210e+02     2.20937e+02     2.26300e+02     2.42336e+02     2.59654e+02     2.86467e+02     3.13941e+02     3.54420e+02
   0.52462     1.99163e+02     1.99205e+02     2.08836e+02     2.11566e+02     2.25369e+02     2.38240e+02     2.57214e+02     2.77436e+02     3.13352e+02     3.51241e+02
   0.53076     1.92219e+02     1.98324e+02     1.99656e+02     2.06534e+02     2.21568e+02     2.37963e+02     2.55610e+02     2.81215e+02     3.06518e+02     3.45589e+02
   0.53689     1.90764e+02     1.92683e+02     1.95858e+02     2.08509e+02     2.11592e+02     2.33121e+02     2.48156e+02     2.67231e+02     3.00020e+02     3.35289e+02
   0.54303     1.85381e+02     1.88131e+02     1.90707e+02     1.98796e+02     2.14298e+02     2.27542e+02     2.44250e+02     2.68892e+02     2.91034e+02     3.37288e+02
   0.54917     1.83781e+02     1.90012e+02     1.90560e+02     1.97711e+02     2.07449e+02     2.22926e+02     2.37870e+02     2.59292e+02     2.93181e+02     3.26162e+02
   0.55530     1.79063e+02     1.82027e+02     1.89846e+02     1.91419e+02     2.04907e+02     2.12993e+02     2.39402e+02     2.66687e+02     2.82543e+02     3.18005e+02
   0.56144     1.77315e+02     1.80167e+02     1.84331e+02     1.93634e+02     1.99771e+02     2.14915e+02     2.32573e+02     2.43657e+02     2.84000e+02     3.14172e+02
   0.56757     1.70723e+02     1.67603e+02     1.78882e+02     1.85712e+02     1.96229e+02     2.06764e+02     2.25950e+02     2.42920e+02     2.70495e+02     3.10707e+02
   0.57371     1.69166e+02     1.73718e+02     1.76471e+02     1.84467e+02     1.92194e+02     2.01972e+02     2.20249e+02     2.37328e+02     2.73066e+02     3.09568e+02
   0.57984     1.63034e+02     1.70076e+02     1.72039e+02     1.77267e+02     1.88358e+02     2.01848e+02     2.13372e+02     2.37818e+02     2.65024e+02     2.93998e+02
   0.58598     1.64528e+02     1.64648e+02     1.67684e+02     1.75072e+02     1.86303e+02     2.02946e+02     2.14062e+02     2.37340e+02     2.54840e+02     2.94242e+02
   0.59212     1.58309e+02     1.65052e+02     1.67580e+02     1.76483e+02     1.83169e+02     1.92339e+02     2.09485e+02     2.32852e+02     2.50466e+02     2.88225e+02
   0.59825     1.55482e+02     1.60451e+02     1.62474e+02     1.71764e+02     1.79944e+02     1.91564e+02     2.09233e+02     2.24827e+02     2.54644e+02     2.83167e+02
   0.60439     1.55608e+02     1.61889e+02     1.59870e+02     1.69535e+02     1.75919e+02     1.89193e+02     2.05958e+02     2.27401e+02     2.49258e+02     2.78818e+02
   0.61052     1.50428e+02     1.53010e+02     1.56854e+02     1.62450e+02     1.69880e+02     1.83077e+02     2.04463e+02     2.18142e+02     2.44689e+02     2.75957e+02
   0.61666     1.52312e+02     1.50354e+02     1.55604e+02     1.61333e+02     1.72663e+02     1.81637e+02     1.97644e+02     2.11155e+02     2.42939e+02     2.76777e+02
   0.62280     1.45591e+02     1.47646e+02     1.52511e+02     1.59760e+02     1.67130e+02     1.81240e+02     1.87693e+02     2.13455e+02     2.30717e+02     2.71004e+02
   0.62893     1.46402e+02     1.45059e+02     1.49190e+02     1.55912e+02     1.66649e+02     1.76025e+02     1.85428e+02     2.07965e+02     2.30848e+02     2.63173e+02
   0.63507     1.40502e+02     1.44526e+02     1.51891e+02     1.54703e+02     1.60043e+02     1.75892e+02     1.85625e+02     2.08632e+02     2.26120e+02     2.61992e+02
   0.64120     1.43693e+02     1.43170e+02     1.43995e+02     1.46765e+02     1.63123e+02     1.70871e+02     1.84057e+02     1.98492e+02     2.24273e+02     2.56162e+02
   0.64734     1.39793e+02     1.39472e+02     1.40264e+02     1.50296e+02     1.57137e+02     1.66159e+02     1.83495e+02     1.98440e+02     2.20930e+02     2.58025e+02
   0.65348     1.36101e+02     1.36725e+02     1.39052e+02     1.45419e+02     1.53701e+02     1.64397e+02     1.75948e+02     1.95126e+02     2.18894e+02     2.50834e+02
   0.65961     1.32102e+02     1.32060e+02     1.39843e+02     1.42919e+02     1.46562e+02     1.60241e+02     1.72424e+02     1.95634e+02     2.13539e+02     2.45917e+02
   0.66575     1.30831e+02     1.31154e+02     1.36247e+02     1.39427e+02     1.47731e+02     1.61425e+02     1.74409e+02     1.88463e+02     2.07931e+02     2.42933e+02
   0.67188     1.26982e+02     1.33608e+02     1.29694e+02     1.37131e+02     1.44513e+02     1.57915e+02     1.69492e+02     1.87800e+02     2.08444e+02     2.40360e+02
   0.67802     1.25166e+02     1.27980e+02     1.30805e+02     1.36887e+02     1.46301e+02     1.53079e+02     1.68797e+02     1.82471e+02     2.06239e+02     2.34227e+02
   0.68416     1.26798e+02     1.22948e+02     1.27840e+02     1.36735e+02     1.39960e+02     1.52673e+02     1.66746e+02     1.78973e+02     1.99898e+02     2.34370e+02
   0.69029     1.24243e+02     1.23566e+02     1.28612e+02     1.30287e+02     1.42173e+02     1.50567e+02     1.62964e+02     1.82462e+02     1.98218e+02     2.21902e+02
   0.69643     1.19863e+02     1.19184e+02     1.24854e+02     1.30313e+02     1.36114e+02     1.44708e+02     1.57631e+02     1.77173e+02     1.95294e+02     2.22460e+02
   0.70256     1.17489e+02     1.18214e+02     1.22847e+02     1.27730e+02     1.36171e+02     1.42562e+02     1.58300e+02     1.71328e+02     1.97145e+02     2.19174e+02
   0.70870     1.19059e+02     1.20080e+02     1.22500e+02     1.24877e+02     1.32674e+02     1.42080e+02     1.54693e+02     1.69673e+02     1.90133e+02     2.15067e+02
   0.71484     1.15334e+02     1.14526e+02     1.19213e+02     1.23735e+02     1.28077e+02     1.39978e+02     1.50623e+02     1.70503e+02     1.85974e+02     2.13920e+02
   0.72097     1.11685e+02     1.15323e+02     1.16158e+02     1.22426e+02     1.31014e+02     1.38609e+02     1.50551e+02     1.66764e+02     1.85038e+02     2.12958e+02
   0.72711     1.11880e+02     1.11377e+02     1.15718e+02     1.21343e+02     1.25750e+02     1.35480e+02     1.48715e+02     1.64639e+02     1.85398e+02     2.17186e+02
   0.73324     1.10322e+02     1.08620e+02     1.14545e+02     1.19680e+02     1.25373e+02     1.32847e+02     1.46448e+02     1.58239e+02     1.78031e+02     2.05540e+02
   0.73938     1.09947e+02     1.07775e+02     1.13893e+02     1.17164e+02     1.23958e+02     1.33436e+02     1.43328e+02     1.58380e+02     1.74225e+02     2.01506e+02
   0.74551     1.07261e+02     1.06524e+02     1.12584e+02     1.14980e+02     1.21552e+02     1.30701e+02     1.44456e+02     1.55791e+02     1.78717e+02     1.96003e+02
   0.75165     1.06528e+02     1.06012e+02     1.10417e+02     1.14926e+02     1.19570e+02     1.26389e+02     1.41905e+02     1.54573e+02     1.73867e+02     1.96756e+02
   0.75779     1.00496e+02     1.05266e+02     1.07988e+02     1.09870e+02     1.19297e+02     1.28205e+02     1.36352e+02     1.53973e+02     1.70997e+02     1.91317e+02
   0.76392     1.01784e+02     1.03760e+02     1.06042e+02     1.09603e+02     1.15430e+02     1.23132e+02     1.34278e+02     1.50275e+02     1.67882e+02     1.91053e+02
   0.77006     9.87300e+01     1.00909e+02     1.02929e+02     1.09957e+02     1.14545e+02     1.23350e+02     1.33453e+02     1.49682e+02     1.66598e+02     1.87696e+02
   0.77619     9.90447e+01     1.00263e+02     1.03501e+02     1.06495e+02     1.11785e+02     1.20407e+02     1.32166e+02     1.43787e+02     1.63779e+02     1.87120e+02
   0.78233     9.78360e+01     1.01156e+02     9.83098e+01     1.05841e+02     1.12933e+02     1.19529e+02     1.30144e+02     1.42477e+02     1.66594e+02     1.88740e+02
   0.78847     9.61536e+01     9.74190e+01     1.00048e+02     1.06474e+02     1.10650e+02     1.17502e+02     1.27359e+02     1.40455e+02     1.56997e+02     1.84380e+02
   0.79460     9.40926e+01     9.66552e+01     9.79010e+01     1.04705e+02     1.07434e+02     1.14999e+02     1.26634e+02     1.40617e+02     1.57737e+02     1.80083e+02
   0.80074     9.36362e+01     9.38486e+01     9.59738e+01     9.95387e+01     1.06210e+02     1.14164e+02     1.26091e+02     1.39275e+02     1.56899e+02     1.79675e+02
   0.80687     9.23301e+01     9.42388e+01     9.64759e+01     1.00416e+02     1.04222e+02     1.12673e+02     1.21372e+02     1.35871e+02     1.53781e+02     1.75416e+02
   0.81301     9.14518e+01     9.21035e+01     9.54566e+01     1.00060e+02     1.02931e+02     1.12568e+02     1.20110e+02     1.33171e+02     1.50758e+02     1.73643e+02
   0.81915     9.04548e+01     9.21454e+01     9.28678e+01     9.82642e+01     1.03335e+02     1.09580e+02     1.19687e+02     1.33720e+02     1.45825e+02     1.70884e+02
   0.82528     8.89574e+01     8.94808e+01     9.21710e+01     9.56943e+01     1.00090e+02     1.06882e+02     1.18909e+02     1.29785e+02     1.48686e+02     1.71745e+02
   0.83142     8.53937e+01     8.77228e+01     9.10452e+01     9.48475e+01     9.93567e+01     1.07400e+02     1.15608e+02     1.30618e+02     1.47348e+02     1.62858e+02
   0.83755     8.55708e+01     8.59473e+01     8.91222e+01     9.30495e+01     9.82242e+01     1.05227e+02     1.13704e+02     1.27045e+02     1.44163e+02     1.65322e+02
   0.84369     8.45246e+01     8.50686e+01     8.66861e+01     9.16243e+01     9.71971e+01     1.02614e+02     1.13701e+02     1.25724e+02     1.40775e+02     1.62886e+02
   0.84983     8.39681e+01     8.46135e+01     8.70923e+01     9.01514e+01     9.70739e+01     1.02318e+02     1.12369e+02     1.22303e+02     1.38812e+02     1.61511e+02
   0.85596     8.25520e+01     8.41642e+01     8.44795e+01     8.97445e+01     9.33567e+01     1.00323e+02     1.11288e+02     1.21217e+02     1.41539e+02     1.59134e+02
   0.86210     8.30386e+01     8.46635e+01     8.44111e+01     8.95370e+01     9.26400e+01     1.00926e+02     1.09372e+02     1.19193e+02     1.34883e+02     1.56869e+02
   0.86823     8.11345e+01     8.03264e+01     8.13739e+01     8.90602e+01     9.13699e+01     9.92678e+01     1.09051e+02     1.19880e+02     1.36709e+02     1.55504e+02
   0.87437     7.99315e+01     8.12980e+01     8.16850e+01     8.50550e+01     9.01863e+01     9.71355e+01     1.07374e+02     1.19743e+02     1.31475e+02     1.52905e+02
   0.88050     7.98872e+01     8.03765e+01     8.23448e+01     8.49050e+01     9.06898e+01     9.69203e+01     1.03191e+02     1.15085e+02     1.30527e+02     1.50561e+02
   0.88664     7.75454e+01     7.78293e+01     7.95370e+01     8.43860e+01     8.84934e+01     9.46940e+01     1.02810e+02     1.13770e+02     1.26944e+02     1.53221e+02
   0.89278     7.63843e+01     7.70363e+01     7.90130e+01     8.20117e+01     8.66240e+01     9.48214e+01     1.02253e+02     1.12849e+02     1.28725e+02     1.47950e+02
   0.89891     7.58220e+01     7.70304e+01     7.74548e+01     7.96300e+01     8.57001e+01     9.24355e+01     1.00724e+02     1.12262e+02     1.26720e+02     1.44834e+02
   0.90505     7.42915e+01     7.53613e+01     7.63812e+01     8.04555e+01     8.52465e+01     9.01707e+01     1.01304e+02     1.08871e+02     1.24840e+02     1.42956e+02
   0.91118     7.33608e+01     7.28876e+01     7.61272e+01     7.98815e+01     8.52230e+01     8.96464e+01     9.75168e+01     1.09521e+02     1.24327e+02     1.44521e+02
   0.91732     7.15082e+01     7.30354e+01     7.51705e+01     7.90893e+01     8.15545e+01     8.69961e+01     9.71143e+01     1.08117e+02     1.22088e+02     1.43097e+02
   0.92346     7.04801e+01     7.30425e+01     7.41489e+01     7.70398e+01     8.31522e+01     8.73402e+01     9.30776e+01     1.06166e+02     1.19006e+02     1.37373e+02
   0.92959     6.97457e+01     7.07187e+01     7.27532e+01     7.60118e+01     8.10701e+01     8.83739e+01     9.37177e+01     1.05549e+02     1.20462e+02     1.37639e+02
   0.93573     6.96958e+01     7.15150e+01     7.28437e+01     7.43908e+01     7.92369e+01     8.50866e+01     9.21458e+01     1.02646e+02     1.19019e+02     1.36858e+02
   0.94186     6.86223e+01     6.87217e+01     7.15895e+01     7.43844e+01     7.86317e+01     8.39972e+01     9.28406e+01     1.03681e+02     1.15442e+02     1.36433e+02
   0.94800     6.81127e+01     6.86911e+01     7.08627e+01     7.32172e+01     7.62693e+01     8.15145e+01     9.06489e+01     1.01018e+02     1.15448e+02     1.34324e+02
   0.95414     6.68747e+01     6.90684e+01     6.94374e+01     7.19300e+01     7.71498e+01     8.20959e+01     8.91880e+01     1.00615e+02     1.14915e+02     1.31211e+02
   0.96027     6.56230e+01     6.74597e+01     6.97100e+01     7.21696e+01     7.57253e+01     8.14712e+01     8.75100e+01     9.89303e+01     1.11321e+02     1.29581e+02
   0.96641     6.61908e+01     6.64512e+01     6.83480e+01     7.09663e+01     7.48285e+01     7.97882e+01     8.75257e+01     9.85270e+01     1.10596e+02     1.30049e+02
   0.97254     6.47614e+01     6.45880e+01     6.73196e+01     7.10667e+01     7.49651e+01     7.85623e+01     8.66233e+01     9.70733e+01     1.09442e+02     1.27848e+02
   0.97868     6.38617e+01     6.41020e+01     6.55906e+01     6.94585e+01     7.28220e+01     7.85566e+01     8.52716e+01     9.54633e+01     1.08376e+02     1.26052e+02
   0.98482     6.28528e+01     6.38301e+01     6.55189e+01     6.86111e+01     7.17991e+01     7.72698e+01     8.40786e+01     9.41102e+01     1.06426e+02     1.25166e+02
   0.99095     6.25358e+01     6.43692e+01     6.59317e+01     6.72220e+01     7.06734e+01     7.52154e+01     8.38133e+01     9.20869e+01     1.07153e+02     1.22545e+02
   0.99709     6.11722e+01     6.19298e+01     6.48341e+01     6.65979e+01     7.02707e+01     7.51182e+01     8.29725e+01     9.17999e+01     1.03842e+02     1.21720e+02
   1.00322     6.03191e+01     6.13601e+01     6.20495e+01     6.67352e+01     6.99966e+01     7.48736e+01     8.24046e+01     9.18834e+01     1.01916e+02     1.19871e+02
   1.00936     5.98644e+01     6.16903e+01     6.18679e+01     6.47975e+01     6.90537e+01     7.34816e+01     8.10663e+01     9.04762e+01     1.02458e+02     1.19437e+02
   1.01550     5.91778e+01     5.97656e+01     6.14093e+01     6.46686e+01     6.67657e+01     7.30320e+01     7.94196e+01     8.84117e+01     1.01727e+02     1.15535e+02
   1.02163     5.80437e+01     5.92274e+01     6.03458e+01     6.40922e+01     6.73250e+01     7.14108e+01     7.66412e+01     8.65438e+01     9.89451e+01     1.16673e+02
   1.02777     5.77803e+01     5.87593e+01     6.01021e+01     6.27732e+01     6.58942e+01     7.15257e+01     7.73873e+01     8.63785e+01     9.82768e+01     1.15399e+02
   1.03390     5.72511e+01     5.78030e+01     5.89377e+01     6.30483e+01     6.46036e+01     7.08335e+01     7.77292e+01     8.64571e+01     9.67976e+01     1.13650e+02
   1.04004     5.66912e+01     5.67886e+01     5.89468e+01     6.10120e+01     6.42844e+01     6.97167e+01     7.68445e+01     8.72618e+01     9.63490e+01     1.14057e+02
   1.04617     5.58117e+01     5.61560e+01     5.87616e+01     6.10049e+01     6.43672e+01     6.93810e+01     7.50742e+01     8.30176e+01     9.51527e+01     1.12190e+02
   1.05231     5.50411e+01     5.54562e+01     5.72113e+01     6.00539e+01     6.28860e+01     6.78037e+01     7.44691e+01     8.35860e+01     9.50717e+01     1.10172e+02
   1.05845     5.41862e+01     5.53778e+01     5.60081e+01     5.88866e+01     6.19011e+01     6.78085e+01     7.29366e+01     8.17866e+01     9.43548e+01     1.08254e+02
   1.06458     5.37111e+01     5.41609e+01     5.66014e+01     5.85927e+01     6.12383e+01     6.56705e+01     7.19040e+01     8.07250e+01     9.27757e+01     1.07081e+02
   1.07072     5.29183e+01     5.33542e+01     5.49389e+01     5.76809e+01     6.04644e+01     6.50470e+01     7.14520e+01     7.94217e+01     9.01824e+01     1.06683e+02
   1.07685     5.23624e+01     5.33862e+01     5.42738e+01     5.77750e+01     6.01769e+01     6.44739e+01     7.04731e+01     7.74078e+01     9.10536e+01     1.05188e+02
   1.08299     5.22671e+01     5.26303e+01     5.41541e+01     5.60790e+01     5.88051e+01     6.32954e+01     6.98775e+01     7.80380e+01     8.87189e+01     1.04183e+02
   1.08913     5.11840e+01     5.18490e+01     5.39980e+01     5.58645e+01     5.84294e+01     6.28154e+01     6.87636e+01     7.81430e+01     8.83612e+01     1.02989e+02
   1.09526     5.11299e+01     5.14073e+01     5.23153e+01     5.51102e+01     5.79361e+01     6.27266e+01     6.84205e+01     7.63834e+01     8.73212e+01     1.02317e+02
   1.10140     5.01485e+01     5.07119e+01     5.29477e+01     5.44039e+01     5.68434e+01     6.15008e+01     6.80607e+01     7.49348e+01     8.56023e+01     1.01126e+02
   1.10753     5.01851e+01     5.02135e+01     5.11945e+01     5.33834e+01     5.68147e+01     6.10328e+01     6.67770e+01     7.43553e+01     8.56630e+01     1.00433e+02
   1.11367     4.86962e+01     4.96921e+01     5.11161e+01     5.32735e+01     5.62289e+01     6.00889e+01     6.70666e+01     7.35448e+01     8.39615e+01     9.81860e+01
   1.11981     4.89769e+01     4.91443e+01     5.01847e+01     5.28032e+01     5.57932e+01     5.96239e+01     6.46461e+01     7.41256e+01     8.29619e+01     9.80298e+01
   1.12594     4.68715e+01     4.92458e+01     4.89026e+01     5.14788e+01     5.44364e+01     5.91297e+01     6.44296e+01     7.32544e+01     8.23932e+01     9.61342e+01
   1.13208     4.78479e+01     4.80318e+01     4.87509e+01     5.08379e+01     5.39838e+01     5.83537e+01     6.34854e+01     7.12131e+01     8.14315e+01     9.62984e+01
   1.13821     4.68387e+01     4.63200e+01     4.83377e+01     5.04494e+01     5.39167e+01     5.72400e+01     6.29543e+01     7.08276e+01     8.06116e+01     9.44808e+01
   1.14435     4.62718e+01     4.65748e+01     4.76868e+01     5.04255e+01     5.26201e+01     5.63259e+01     6.26148e+01     6.97514e+01     7.96159e+01     9.28063e+01
   1.15049     4.56283e+01     4.62099e+01     4.63665e+01     4.88177e+01     5.30064e+01     5.59758e+01     6.12299e+01     6.89627e+01     7.92285e+01     9.21967e+01
   1.15662     4.52971e+01     4.57300e+01     4.68112e+01     4.93796e+01     5.21352e+01     5.51933e+01     6.05367e+01     6.82943e+01     7.82330e+01     9.14017e+01
   1.16276     4.50430e+01     4.47212e+01     4.63454e+01     4.78820e+01     5.05764e+01     5.51994e+01     5.98795e+01     6.75767e+01     7.80118e+01     9.03538e+01
   1.16889     4.40460e+01     4.46607e+01     4.64631e+01     4.81575e+01     5.06367e+01     5.50008e+01     6.00779e+01     6.63852e+01     7.62749e+01     8.99549e+01
   1.17503     4.33837e+01     4.38722e+01     4.55401e+01     4.75209e+01     4.97378e+01     5.37545e+01     5.92052e+01     6.71115e+01     7.59873e+01     8.88827e+01
   1.18117     4.29325e+01     4.34336e+01     4.45027e+01     4.71236e+01     4.96015e+01     5.31000e+01     5.87554e+01     6.49589e+01     7.46901e+01     8.69377e+01
   1.18730     4.21463e+01     4.25320e+01     4.40343e+01     4.60414e+01     4.87351e+01     5.19643e+01     5.78516e+01     6.38380e+01     7.44650e+01     8.65612e+01
   1.19344     4.19397e+01     4.23051e+01     4.45062e+01     4.53449e+01     4.84622e+01     5.20964e+01     5.72980e+01     6.28431e+01     7.30682e+01     8.76627e+01
   1.19957     4.17526e+01     4.21864e+01     4.35885e+01     4.55358e+01     4.70812e+01     5.18288e+01     5.63197e+01     6.25357e+01     7.18580e+01     8.53023e+01
   1.20571     4.14208e+01     4.17552e+01     4.24553e+01     4.43183e+01     4.76623e+01     5.11484e+01     5.58049e+01     6.26549e+01     7.22105e+01     8.43881e+01
   1.21184     4.06231e+01     4.11166e+01     4.22372e+01     4.37891e+01     4.62241e+01     4.93224e+01     5.48935e+01     6.16434e+01     7.09843e+01     8.18427e+01
   1.21798     4.01088e+01     4.10627e+01     4.14818e+01     4.39114e+01     4.55604e+01     4.99795e+01     5.47675e+01     6.10890e+01     6.96262e+01     8.27041e+01
   1.22412     3.95225e+01     4.00378e+01     4.16119e+01     4.29149e+01     4.54803e+01     4.93738e+01     5.37919e+01     6.02981e+01     6.99326e+01     8.22187e+01
   1.23025     3.95113e+01     4.00657e+01     4.05439e+01     4.23568e+01     4.57374e+01     4.81708e+01     5.28883e+01     5.90145e+01     6.89189e+01     8.08766e+01
   1.23639     3.87655e+01     3.89170e+01     4.04282e+01     4.21316e+01     4.46985e+01     4.72656e+01     5.29745e+01     5.81989e+01     6.74395e+01     8.05756e+01
   1.24252     3.81678e+01     3.92148e+01     3.98866e+01     4.18081e+01     4.38490e+01     4.75164e+01     5.22936e+01     5.85200e+01     6.82598e+01     7.99716e+01
   1.24866     3.76025e+01     3.82161e+01     3.92916e+01     4.07997e+01     4.40715e+01     4.66869e+01     5.16882e+01     5.82418e+01     6.72359e+01     7.87332e+01
   1.25480     3.77653e+01     3.78282e+01     3.91348e+01     4.08219e+01     4.31585e+01     4.59432e+01     5.06022e+01     5.74877e+01     6.62242e+01     7.80234e+01
   1.26093     3.64675e+01     3.76965e+01     3.83157e+01     4.00583e+01     4.27835e+01     4.58234e+01     5.00594e+01     5.74189e+01     6.40407e+01     7.69998e+01
   1.26707     3.63964e+01     3.67679e+01     3.84006e+01     3.98782e+01     4.20311e+01     4.49377e+01     4.93754e+01     5.59530e+01     6.37571e+01     7.52722e+01
   1.27320     3.63300e+01     3.66621e+01     3.84250e+01     3.97146e+01     4.12952e+01     4.54938e+01     4.90640e+01     5.54090e+01     6.36398e+01     7.50521e+01
   1.27934     3.53830e+01     3.63419e+01     3.71122e+01     3.84242e+01     4.12416e+01     4.42430e+01     4.81097e+01     5.51178e+01     6.31218e+01     7.48478e+01
   1.28548     3.54319e+01     3.61068e+01     3.68221e+01     3.83828e+01     4.10718e+01     4.32697e+01     4.85852e+01     5.43838e+01     6.30514e+01     7.36502e+01
   1.29161     3.48023e+01     3.59165e+01     3.68644e+01     3.79263e+01     4.02690e+01     4.34809e+01     4.76765e+01     5.36193e+01     6.18770e+01     7.25237e+01
   1.29775     3.43785e+01     3.52104e+01     3.60028e+01     3.73108e+01     3.97747e+01     4.29326e+01     4.72246e+01     5.33129e+01     6.07843e+01     7.22540e+01
   1.30388     3.46873e+01     3.53565e+01     3.58563e+01     3.73842e+01     3.88345e+01     4.23505e+01     4.73638e+01     5.20488e+01     5.98576e+01     7.16697e+01
   1.31002     3.41216e+01     3.40902e+01     3.51407e+01     3.67698e+01     3.86388e+01     4.16212e+01     4.69266e+01     5.25180e+01     5.96031e+01     7.03357e+01
   1.31616     3.35189e+01     3.37681e+01     3.47330e+01     3.61725e+01     3.84882e+01     4.08830e+01     4.56082e+01     5.12520e+01     5.86038e+01     6.91596e+01
   1.32229     3.31502e+01     3.36654e+01     3.45661e+01     3.59225e+01     3.81484e+01     4.12851e+01     4.50572e+01     5.05705e+01     5.80213e+01     6.90139e+01
   1.32843     3.27922e+01     3.31757e+01     3.41633e+01     3.56642e+01     3.79489e+01     4.03991e+01     4.46081e+01     4.97406e+01     5.74216e+01     6.84633e+01
   1.33456     3.23205e+01     3.26882e+01     3.38519e+01     3.50173e+01     3.77303e+01     3.98966e+01     4.42682e+01     4.93491e+01     5.68657e+01     6.72113e+01
   1.34070     3.24215e+01     3.22854e+01     3.36274e+01     3.45392e+01     3.63337e+01     4.03442e+01     4.38898e+01     4.90828e+01     5.69529e+01     6.66419e+01
   1.34684     3.18237e+01     3.23599e+01     3.27289e+01     3.43347e+01     3.67957e+01     3.94792e+01     4.30870e+01     4.84158e+01     5.58599e+01     6.56460e+01
   1.35297     3.17007e+01     3.19877e+01     3.27561e+01     3.38962e+01     3.59314e+01     3.90162e+01     4.29213e+01     4.77268e+01     5.48054e+01     6.51084e+01
   1.35911     3.10983e+01     3.11719e+01     3.18500e+01     3.36691e+01     3.57523e+01     3.85537e+01     4.23841e+01     4.77596e+01     5.50876e+01     6.48525e+01
   1.36524     3.03268e+01     3.09685e+01     3.17373e+01     3.30239e+01     3.53495e+01     3.84643e+01     4.17345e+01     4.69163e+01     5.41503e+01     6.44585e+01
   1.37138     3.02925e+01     3.07623e+01     3.19643e+01     3.27733e+01     3.56235e+01     3.73614e+01     4.14384e+01     4.67797e+01     5.36336e+01     6.30012e+01
   1.37751     3.00898e+01     2.99703e+01     3.09723e+01     3.26434e+01     3.43906e+01     3.69969e+01     4.08512e+01     4.61124e+01     5.34961e+01     6.27028e+01
   1.38365     2.94931e+01     3.01771e+01     3.10171e+01     3.23190e+01     3.40566e+01     3.62634e+01     4.04389e+01     4.54607e+01     5.24854e+01     6.15872e+01
   1.38979     2.93788e+01     2.97175e+01     3.07771e+01     3.24118e+01     3.35400e+01     3.65292e+01     4.00804e+01     4.51235e+01     5.15168e+01     6.23292e+01
   1.39592     2.91075e+01     2.89669e+01     3.02294e+01     3.16089e+01     3.34676e+01     3.54652e+01     3.90947e+01     4.47994e+01     5.16838e+01     6.09578e+01
   1.40206     2.85519e+01     2.88360e+01     2.97798e+01     3.10646e+01     3.30675e+01     3.55012e+01     3.92047e+01     4.42852e+01     5.09868e+01     6.05012e+01
   1.40819     2.83358e+01     2.84358e+01     2.92894e+01     3.03905e+01     3.24779e+01     3.52840e+01     3.84611e+01     4.37260e+01     5.03655e+01     5.98085e+01
   1.41433     2.82702e+01     2.85111e+01     2.93010e+01     3.03021e+01     3.24723e+01     3.48631e+01     3.84036e+01     4.28342e+01     4.94273e+01     5.88009e+01
   1.42047     2.79431e+01     2.77691e+01     2.90912e+01     2.97363e+01     3.14134e+01     3.45172e+01     3.76150e+01     4.25401e+01     4.89812e+01     5.79567e+01
   1.42660     2.73943e+01     2.75416e+01     2.83993e+01     3.01727e+01     3.16918e+01     3.38232e+01     3.77300e+01     4.19912e+01     4.88257e+01     5.68082e+01
   1.43274     2.71186e+01     2.73056e+01     2.80600e+01     2.93390e+01     3.12074e+01     3.36452e+01     3.67876e+01     4.16965e+01     4.79178e+01     5.76771e+01
   1.43887     2.69700e+01     2.73495e+01     2.79991e+01     2.90524e+01     3.09742e+01     3.31435e+01     3.62862e+01     4.09110e+01     4.82616e+01     5.61412e+01
   1.44501     2.65490e+01     2.69622e+01     2.75540e+01     2.89816e+01     3.01424e+01     3.27716e+01     3.60875e+01     4.06881e+01     4.68603e+01     5.65475e+01
   1.45115     2.62681e+01     2.63313e+01     2.70450e+01     2.83051e+01     3.02022e+01     3.25141e+01     3.57663e+01     4.07502e+01     4.69897e+01     5.56184e+01
   1.45728     2.61060e+01     2.62115e+01     2.67068e+01     2.81305e+01     2.95726e+01     3.23265e+01     3.52291e+01     3.99453e+01     4.56371e+01     5.51799e+01
   1.46342     2.58538e+01     2.58432e+01     2.67224e+01     2.74734e+01     2.91769e+01     3.21510e+01     3.55494e+01     3.93741e+01     4.61508e+01     5.42976e+01
   1.46955     2.52528e+01     2.56498e+01     2.65629e+01     2.72766e+01     2.89651e+01     3.17517e+01     3.45587e+01     3.88861e+01     4.49952e+01     5.38809e+01
   1.47569     2.54495e+01     2.55997e+01     2.60369e+01     2.71570e+01     2.87097e+01     3.11749e+01     3.43223e+01     3.86443e+01     4.52739e+01     5.37682e+01
   1.48183     2.48015e+01     2.50461e+01     2.58155e+01     2.67309e+01     2.85885e+01     3.05605e+01     3.35792e+01     3.78677e+01     4.44512e+01     5.26502e+01
   1.48796     2.49224e+01     2.48706e+01     2.54981e+01     2.67396e+01     2.82860e+01     3.01808e+01     3.33929e+01     3.76246e+01     4.35072e+01     5.20025e+01
   1.49410     2.40762e+01     2.45166e+01     2.50984e+01     2.61959e+01     2.75352e+01     2.98485e+01     3.26443e+01     3.73620e+01     4.32671e+01     5.13456e+01
   1.50023     2.40198e+01     2.46134e+01     2.52766e+01     2.58310e+01     2.72878e+01     2.94861e+01     3.30035e+01     3.73496e+01     4.26575e+01     5.07697e+01
   1.50637     2.36677e+01     2.38806e+01     2.48199e+01     2.55217e+01     2.69068e+01     2.90535e+01     3.22799e+01     3.70913e+01     4.27123e+01     5.06602e+01
   1.51251     2.34432e+01     2.36302e+01     2.41856e+01     2.55465e+01     2.67416e+01     2.93230e+01     3.21956e+01     3.61283e+01     4.14650e+01     5.00909e+01
   1.51864     2.31758e+01     2.35491e+01     2.37254e+01     2.51106e+01     2.65530e+01     2.85876e+01     3.19756e+01     3.55398e+01     4.13815e+01     4.97305e+01
   1.52478     2.30079e+01     2.28778e+01     2.40237e+01     2.46031e+01     2.62738e+01     2.82283e+01     3.14754e+01     3.49348e+01     4.11420e+01     4.94968e+01
   1.53091     2.28528e+01     2.27500e+01     2.35879e+01     2.47505e+01     2.58416e+01     2.78334e+01     3.07678e+01     3.52705e+01     4.07185e+01     4.87097e+01
   1.53705     2.25605e+01     2.26363e+01     2.32395e+01     2.40062e+01     2.57188e+01     2.79749e+01     3.06146e+01     3.44730e+01     4.06085e+01     4.77689e+01
   1.54318     2.25458e+01     2.25760e+01     2.30695e+01     2.39349e+01     2.56432e+01     2.74232e+01     3.01155e+01     3.40602e+01     3.95684e+01     4.76091e+01
   1.54932     2.16498e+01     2.23162e+01     2.30167e+01     2.35540e+01     2.51142e+01     2.71606e+01     2.99255e+01     3.39555e+01     3.96649e+01     4.69556e+01
   1.55546     2.16085e+01     2.20407e+01     2.26280e+01     2.31039e+01     2.47312e+01     2.67461e+01     2.94604e+01     3.31098e+01     3.86857e+01     4.62137e+01
   1.56159     2.15523e+01     2.15787e+01     2.21108e+01     2.30178e+01     2.44223e+01     2.65834e+01     2.91335e+01     3.31303e+01     3.82204e+01     4.61850e+01
   1.56773     2.10322e+01     2.14309e+01     2.18842e+01     2.28339e+01     2.40055e+01     2.57422e+01     2.88836e+01     3.27185e+01     3.82093e+01     4.58185e+01
   1.57386     2.07134e+01     2.10300e+01     2.17695e+01     2.27117e+01     2.39302e+01     2.56478e+01     2.85505e+01     3.23448e+01     3.78069e+01     4.47104e+01
   1.58000     2.05501e+01     2.09126e+01     2.15803e+01     2.24190e+01     2.41588e+01     2.57667e+01     2.86369e+01     3.23477e+01     3.75574e+01     4.43437e+01
   1.58614     2.04365e+01     2.07024e+01     2.12340e+01     2.22654e+01     2.31797e+01     2.51837e+01     2.78460e+01     3.14109e+01     3.68095e+01     4.38834e+01
   1.59227     2.00996e+01     2.03620e+01     2.09992e+01     2.15483e+01     2.32085e+01     2.49938e+01     2.73719e+01     3.16046e+01     3.62266e+01     4.35989e+01
   1.59841     1.96297e+01     2.03895e+01     2.07447e+01     2.14422e+01     2.26874e+01     2.46125e+01     2.69909e+01     3.09121e+01     3.65139e+01     4.31607e+01
   1.60454     1.96836e+01     1.95941e+01     2.03387e+01     2.13312e+01     2.24376e+01     2.46597e+01     2.67552e+01     3.04364e+01     3.57807e+01     4.29449e+01
   1.61068     1.93314e+01     1.95207e+01     2.03884e+01     2.11063e+01     2.23064e+01     2.41541e+01     2.69766e+01     3.02421e+01     3.55678e+01     4.19989e+01
   1.61682     1.94186e+01     1.92525e+01     1.97234e+01     2.06243e+01     2.19254e+01     2.35886e+01     2.65270e+01     3.02464e+01     3.48855e+01     4.18260e+01
   1.62295     1.88081e+01     1.92490e+01     1.96785e+01     2.04456e+01     2.17422e+01     2.36317e+01     2.59912e+01     2.94074e+01     3.42016e+01     4.09385e+01
   1.62909     1.88276e+01     1.91648e+01     1.95673e+01     2.03568e+01     2.16353e+01     2.32813e+01     2.58703e+01     2.88175e+01     3.45094e+01     4.10758e+01
   1.63522     1.86867e+01     1.88964e+01     1.92038e+01     2.02224e+01     2.10694e+01     2.30780e+01     2.54036e+01     2.90136e+01     3.37370e+01     4.00283e+01
   1.64136     1.83437e+01     1.86146e+01     1.88689e+01     1.96516e+01     2.09556e+01     2.24892e+01     2.52096e+01     2.84400e+01     3.35388e+01     4.01207e+01
   1.64750     1.80997e+01     1.83946e+01     1.85092e+01     1.95241e+01     2.10066e+01     2.24484e+01     2.46695e+01     2.83894e+01     3.28108e+01     3.97490e+01
   1.65363     1.79012e+01     1.81412e+01     1.85339e+01     1.95050e+01     2.06095e+01     2.23396e+01     2.43641e+01     2.78966e+01     3.22536e+01     3.88774e+01
   1.65977     1.78144e+01     1.80843e+01     1.83045e+01     1.90620e+01     2.02244e+01     2.19745e+01     2.41504e+01     2.76199e+01     3.24809e+01     3.85790e+01
   1.66590     1.73109e+01     1.76357e+01     1.80787e+01     1.87868e+01     2.01047e+01     2.15584e+01     2.39879e+01     2.71877e+01     3.16237e+01     3.84711e+01
   1.67204     1.74231e+01     1.74409e+01     1.79392e+01     1.88267e+01     1.96298e+01     2.13076e+01     2.37449e+01     2.69863e+01     3.16911e+01     3.80942e+01
   1.67817     1.72979e+01     1.73674e+01     1.78460e+01     1.84764e+01     1.94658e+01     2.10231e+01     2.35427e+01     2.67965e+01     3.12238e+01     3.75471e+01
   1.68431     1.68933e+01     1.70790e+01     1.74274e+01     1.82731e+01     1.93936e+01     2.08136e+01     2.31068e+01     2.62064e+01     3.05002e+01     3.73659e+01
   1.69045     1.65639e+01     1.70583e+01     1.72978e+01     1.80892e+01     1.91525e+01     2.05057e+01     2.26435e+01     2.59729e+01     3.03608e+01     3.65824e+01
   1.69658     1.64191e+01     1.66921e+01     1.72273e+01     1.77282e+01     1.86409e+01     2.04397e+01     2.27746e+01     2.57615e+01     3.00771e+01     3.63474e+01
   1.70272     1.61948e+01     1.62382e+01     1.69027e+01     1.77290e+01     1.85961e+01     2.02433e+01     2.22713e+01     2.54260e+01     2.93772e+01     3.55902e+01
   1.70885     1.62228e+01     1.64148e+01     1.66571e+01     1.73454e+01     1.84996e+01     1.98335e+01     2.22305e+01     2.51758e+01     2.94904e+01     3.53436e+01
   1.71499     1.59209e+01     1.61488e+01     1.65478e+01     1.71818e+01     1.80761e+01     1.96287e+01     2.20187e+01     2.50901e+01     2.91335e+01     3.50808e+01
   1.72113     1.56331e+01     1.59545e+01     1.62624e+01     1.69211e+01     1.77706e+01     1.93731e+01     2.17179e+01     2.44360e+01     2.89030e+01     3.50156e+01
   1.72726     1.53956e+01     1.56347e+01     1.60225e+01     1.65675e+01     1.78366e+01     1.90971e+01     2.12394e+01     2.41719e+01     2.83235e+01     3.42950e+01
   1.73340     1.54808e+01     1.56381e+01     1.58916e+01     1.65966e+01     1.75200e+01     1.88516e+01     2.12179e+01     2.37345e+01     2.82450e+01     3.39337e+01
   1.73953     1.51607e+01     1.51762e+01     1.58307e+01     1.61519e+01     1.70644e+01     1.87598e+01     2.08778e+01     2.36194e+01     2.77643e+01     3.34224e+01
   1.74567     1.49667e+01     1.49132e+01     1.54839e+01     1.61998e+01     1.71571e+01     1.85365e+01     2.03587e+01     2.33364e+01     2.73388e+01     3.31880e+01
   1.75181     1.46857e+01     1.48358e+01     1.54625e+01     1.58967e+01     1.67839e+01     1.83596e+01     2.02859e+01     2.30794e+01     2.70458e+01     3.26252e+01
   1.75794     1.46242e+01     1.46096e+01     1.50850e+01     1.56131e+01     1.66479e+01     1.78838e+01     2.00044e+01     2.27086e+01     2.70060e+01     3.25134e+01
   1.76408     1.42581e+01     1.45674e+01     1.47709e+01     1.55262e+01     1.63670e+01     1.80308e+01     1.97743e+01     2.28884e+01     2.66554e+01     3.19922e+01
   1.77021     1.42190e+01     1.43179e+01     1.46348e+01     1.52259e+01     1.61448e+01     1.74053e+01     1.93186e+01     2.23914e+01     2.62446e+01     3.17427e+01
   1.77635     1.40931e+01     1.42274e+01     1.44250e+01     1.51262e+01     1.59210e+01     1.74942e+01     1.91989e+01     2.21017e+01     2.60764e+01     3.12336e+01
   1.78249     1.38368e+01     1.40522e+01     1.44320e+01     1.49771e+01     1.58458e+01     1.71161e+01     1.92073e+01     2.18329e+01     2.59356e+01     3.11393e+01
   1.78862     1.36818e+01     1.37112e+01     1.42522e+01     1.47454e+01     1.55912e+01     1.68269e+01     1.88394e+01     2.18080e+01     2.55965e+01     3.07625e+01
   1.79476     1.34571e+01     1.35995e+01     1.42551e+01     1.42869e+01     1.54477e+01     1.68432e+01     1.85237e+01     2.11796e+01     2.52426e+01     3.03681e+01
   1.80089     1.32736e+01     1.35246e+01     1.37537e+01     1.44233e+01     1.53511e+01     1.66260e+01     1.86207e+01     2.07997e+01     2.47141e+01     3.03167e+01
   1.80703     1.31770e+01     1.32727e+01     1.35761e+01     1.40958e+01     1.50270e+01     1.64324e+01     1.79934e+01     2.08341e+01     2.44270e+01     2.94799e+01
   1.81317     1.28925e+01     1.30936e+01     1.32564e+01     1.40530e+01     1.46379e+01     1.61704e+01     1.78756e+01     2.04559e+01     2.39998e+01     2.91699e+01
   1.81930     1.30483e+01     1.30624e+01     1.32505e+01     1.38944e+01     1.46178e+01     1.58725e+01     1.76101e+01     2.02611e+01     2.40563e+01     2.89573e+01
   1.82544     1.26722e+01     1.25511e+01     1.30747e+01     1.35192e+01     1.44120e+01     1.58556e+01     1.73179e+01     1.99687e+01     2.36208e+01     2.85690e+01
   1.83157     1.23692e+01     1.24861e+01     1.28767e+01     1.35905e+01     1.43182e+01     1.54401e+01     1.70948e+01     1.96201e+01     2.30709e+01     2.83128e+01
   1.83771     1.22270e+01     1.24374e+01     1.26770e+01     1.32453e+01     1.39749e+01     1.53293e+01     1.69625e+01     1.94348e+01     2.30655e+01     2.79731e+01
   1.84384     1.20073e+01     1.23359e+01     1.26316e+01     1.30082e+01     1.37734e+01     1.49991e+01     1.65528e+01     1.92255e+01     2.25871e+01     2.79026e+01
   1.84998     1.18408e+01     1.21349e+01     1.24738e+01     1.30054e+01     1.37673e+01     1.48512e+01     1.65951e+01     1.89061e+01     2.25473e+01     2.73485e+01
   1.85612     1.19085e+01     1.18076e+01     1.21955e+01     1.26228e+01     1.34621e+01     1.47122e+01     1.64076e+01     1.89350e+01     2.21993e+01     2.70846e+01
   1.86225     1.17133e+01     1.17798e+01     1.21459e+01     1.25561e+01     1.34897e+01     1.44284e+01     1.60177e+01     1.86513e+01     2.20242e+01     2.64534e+01
   1.86839     1.15737e+01     1.15137e+01     1.18696e+01     1.23931e+01     1.33909e+01     1.42492e+01     1.58083e+01     1.82242e+01     2.15624e+01     2.64444e+01
   1.87452     1.13522e+01     1.14420e+01     1.17704e+01     1.24155e+01     1.29277e+01     1.40419e+01     1.57013e+01     1.80222e+01     2.11997e+01     2.63147e+01
   1.88066     1.10940e+01     1.12076e+01     1.15704e+01     1.20908e+01     1.27758e+01     1.38694e+01     1.54979e+01     1.77343e+01     2.12417e+01     2.58025e+01
   1.88680     1.10625e+01     1.11439e+01     1.12361e+01     1.18875e+01     1.26574e+01     1.36700e+01     1.53882e+01     1.77196e+01     2.08003e+01     2.55243e+01
   1.89293     1.09620e+01     1.08978e+01     1.12521e+01     1.15766e+01     1.24580e+01     1.35645e+01     1.49286e+01     1.73581e+01     2.05270e+01     2.50097e+01
   1.89907     1.05773e+01     1.08690e+01     1.10803e+01     1.16096e+01     1.23816e+01     1.34506e+01     1.50140e+01     1.72374e+01     2.03234e+01     2.47996e+01
   1.90520     1.05911e+01     1.07701e+01     1.09338e+01     1.12770e+01     1.21987e+01     1.31659e+01     1.45123e+01     1.68417e+01     2.01245e+01     2.43954e+01
   1.91134     1.03692e+01     1.04634e+01     1.08498e+01     1.11460e+01     1.19833e+01     1.28785e+01     1.44507e+01     1.67138e+01     1.99038e+01     2.41042e+01
   1.91748     1.03738e+01     1.03656e+01     1.05354e+01     1.10027e+01     1.17963e+01     1.28692e+01     1.42790e+01     1.63943e+01     1.96604e+01     2.39290e+01
   1.92361     1.01208e+01     1.01876e+01     1.05957e+01     1.10156e+01     1.16432e+01     1.26858e+01     1.41053e+01     1.63279e+01     1.91242e+01     2.38779e+01
   1.92975     1.00128e+01     1.00739e+01     1.04209e+01     1.07814e+01     1.11995e+01     1.24981e+01     1.40263e+01     1.60556e+01     1.92817e+01     2.37147e+01
   1.93588     9.90109e+00     9.90864e+00     1.01652e+01     1.05703e+01     1.12297e+01     1.23752e+01     1.35955e+01     1.58609e+01     1.88051e+01     2.31563e+01
   1.94202     9.75771e+00     9.79320e+00     9.96760e+00     1.04209e+01     1.12147e+01     1.21319e+01     1.35364e+01     1.56584e+01     1.86219e+01     2.30423e+01
   1.94816     9.65624e+00     9.69478e+00     9.94731e+00     1.03699e+01     1.09120e+01     1.17788e+01     1.34567e+01     1.53784e+01     1.83501e+01     2.27760e+01
   1.95429     9.40962e+00     9.57995e+00     9.75312e+00     1.00093e+01     1.08012e+01     1.18334e+01     1.31070e+01     1.51574e+01     1.83021e+01     2.25103e+01
   1.96043     9.19882e+00     9.24257e+00     9.67872e+00     9.98200e+00     1.05670e+01     1.15455e+01     1.27916e+01     1.50139e+01     1.77384e+01     2.21366e+01
   1.96656     9.15577e+00     9.28839e+00     9.39232e+00     9.82073e+00     1.04756e+01     1.14658e+01     1.27019e+01     1.48148e+01     1.77656e+01     2.18991e+01
   1.97270     9.06348e+00     9.05861e+00     9.15365e+00     9.67899e+00     1.03412e+01     1.12316e+01     1.26099e+01     1.45427e+01     1.76174e+01     2.15481e+01
   1.97884     8.98274e+00     8.97185e+00     9.24646e+00     9.41430e+00     1.01643e+01     1.09062e+01     1.24664e+01     1.44183e+01     1.72470e+01     2.13075e+01
   1.98497     8.80317e+00     8.76812e+00     8.91925e+00     9.47552e+00     9.96657e+00     1.09066e+01     1.22798e+01     1.40983e+01     1.69573e+01     2.09205e+01
   1.99111     8.61550e+00     8.77795e+00     9.00620e+00     9.24161e+00     9.77466e+00     1.06612e+01     1.20262e+01     1.39675e+01     1.67812e+01     2.07221e+01
   1.99724     8.51112e+00     8.53218e+00     8.84108e+00     9.11836e+00     9.54780e+00     1.05430e+01     1.17430e+01     1.39387e+01     1.66168e+01     2.04535e+01
   2.00338     8.40651e+00     8.49588e+00     8.69342e+00     9.01750e+00     9.52100e+00     1.04399e+01     1.19262e+01     1.36552e+01     1.63600e+01     2.03710e+01
   2.00951     8.15678e+00     8.20648e+00     8.56372e+00     8.79540e+00     9.46269e+00     1.02261e+01     1.16310e+01     1.34269e+01     1.61393e+01     2.00550e+01
   2.01565     8.13539e+00     8.19780e+00     8.24145e+00     8.61709e+00     9.23761e+00     1.00030e+01     1.13900e+01     1.32840e+01     1.60463e+01     1.96404e+01
   2.02179     7.93187e+00     7.98254e+00     8.28727e+00     8.33119e+00     9.24650e+00     9.87472e+00     1.11480e+01     1.30972e+01     1.56877e+01     1.96660e+01
   2.02792     7.78679e+00     7.86948e+00     8.01090e+00     8.47282e+00     8.93378e+00     9.82659e+00     1.09665e+01     1.27799e+01     1.53208e+01     1.91224e+01
   2.03406     7.58190e+00     7.76754e+00     8.01718e+00     8.32297e+00     8.78576e+00     9.54173e+00     1.07883e+01     1.26265e+01     1.54279e+01     1.89051e+01
   2.04019     7.48513e+00     7.60671e+00     7.65087e+00     8.12374e+00     8.55980e+00     9.51986e+00     1.06792e+01     1.24613e+01     1.50364e+01     1.87247e+01
   2.04633     7.35670e+00     7.49120e+00     7.74191e+00     8.03456e+00     8.47299e+00     9.37708e+00     1.05195e+01     1.21929e+01     1.48957e+01     1.85091e+01
   2.05247     7.41721e+00     7.42225e+00     7.44421e+00     7.76288e+00     8.35919e+00     9.28522e+00     1.04496e+01     1.21697e+01     1.47359e+01     1.82692e+01
   2.05860     7.28529e+00     7.33220e+00     7.34623e+00     7.79871e+00     8.17957e+00     8.99279e+00     1.01489e+01     1.19089e+01     1.45428e+01     1.82239e+01
   2.06474     7.07725e+00     7.15706e+00     7.40393e+00     7.56194e+00     8.14506e+00     8.80406e+00     1.01003e+01     1.17206e+01     1.44300e+01     1.78145e+01
   2.07087     7.03406e+00     6.98096e+00     7.24450e+00     7.57948e+00     7.92334e+00     8.72521e+00     9.80134e+00     1.15811e+01     1.41071e+01     1.76959e+01
   2.07701     6.83703e+00     7.00851e+00     7.02102e+00     7.38282e+00     7.76575e+00     8.56866e+00     9.69955e+00     1.14573e+01     1.38683e+01     1.74457e+01
   2.08315     6.66643e+00     6.69308e+00     6.98188e+00     7.20440e+00     7.77152e+00     8.34779e+00     9.60946e+00     1.12917e+01     1.36939e+01     1.71281e+01
   2.08928     6.62388e+00     6.64799e+00     6.81332e+00     7.06907e+00     7.42476e+00     8.30177e+00     9.46422e+00     1.10351e+01     1.33670e+01     1.68548e+01
   2.09542     6.44087e+00     6.60680e+00     6.72539e+00     7.05648e+00     7.43841e+00     8.10174e+00     9.27248e+00     1.07098e+01     1.32229e+01     1.65317e+01
   2.10155     6.31856e+00     6.38226e+00     6.55004e+00     6.82802e+00     7.32470e+00     7.90292e+00     9.11741e+00     1.06938e+01     1.30647e+01     1.65606e+01
   2.10769     6.23350e+00     6.43139e+00     6.49065e+00     6.69963e+00     7.23822e+00     7.89960e+00     8.95296e+00     1.05754e+01     1.30404e+01     1.63529e+01
   2.11383     6.20376e+00     6.16067e+00     6.38120e+00     6.61066e+00     7.06127e+00     7.75692e+00     8.82732e+00     1.04901e+01     1.27931e+01     1.59962e+01
   2.11996     5.92025e+00     6.09697e+00     6.19285e+00     6.43092e+00     6.76926e+00     7.54445e+00     8.59395e+00     1.01685e+01     1.26052e+01     1.57160e+01
   2.12610     5.96970e+00     5.95149e+00     6.05499e+00     6.30195e+00     6.80791e+00     7.42195e+00     8.46695e+00     1.01344e+01     1.22712e+01     1.56720e+01
   2.13223     5.77024e+00     5.88316e+00     6.07008e+00     6.17847e+00     6.74602e+00     7.43582e+00     8.37927e+00     9.93110e+00     1.21124e+01     1.54744e+01
   2.13837     5.65983e+00     5.72925e+00     5.87999e+00     6.01693e+00     6.65488e+00     7.17524e+00     8.14360e+00     9.78117e+00     1.19674e+01     1.52532e+01
   2.14451     5.56412e+00     5.61929e+00     5.83233e+00     5.95648e+00     6.30070e+00     7.07666e+00     8.03922e+00     9.67542e+00     1.16361e+01     1.49184e+01
   2.15064     5.47352e+00     5.50242e+00     5.56253e+00     5.88730e+00     6.31676e+00     6.93741e+00     7.95044e+00     9.31131e+00     1.15796e+01     1.47142e+01
   2.15678     5.30131e+00     5.49929e+00     5.50449e+00     5.77843e+00     6.13303e+00     6.81459e+00     7.86281e+00     9.20353e+00     1.14155e+01     1.45368e+01
   2.16291     5.31212e+00     5.24875e+00     5.54182e+00     5.76465e+00     5.94243e+00     6.66180e+00     7.63780e+00     9.13953e+00     1.12272e+01     1.44425e+01
   2.16905     5.16892e+00     5.16080e+00     5.44164e+00     5.49029e+00     5.83468e+00     6.46098e+00     7.56693e+00     8.86743e+00     1.10485e+01     1.40583e+01
   2.17518     5.10085e+00     5.14624e+00     5.32850e+00     5.44464e+00     5.77005e+00     6.35447e+00     7.34928e+00     8.79178e+00     1.09106e+01     1.39894e+01
   2.18132     4.92828e+00     4.91124e+00     5.14358e+00     5.25844e+00     5.68365e+00     6.22905e+00     7.34274e+00     8.66820e+00     1.07476e+01     1.38082e+01
   2.18746     4.88983e+00     4.88255e+00     4.99573e+00     5.18908e+00     5.54671e+00     6.16401e+00     7.06833e+00     8.50783e+00     1.06164e+01     1.34253e+01
   2.19359     4.77912e+00     4.82784e+00     4.90041e+00     4.97415e+00     5.50061e+00     6.11927e+00     6.88361e+00     8.26083e+00     1.03854e+01     1.33380e+01
   2.19973     4.60013e+00     4.68559e+00     4.75152e+00     4.93467e+00     5.33718e+00     5.86529e+00     6.79667e+00     8.22365e+00     1.01482e+01     1.31333e+01
   2.20586     4.50598e+00     4.56143e+00     4.72891e+00     4.89530e+00     5.22250e+00     5.70667e+00     6.70408e+00     8.08993e+00     1.00992e+01     1.29834e+01
   2.21200     4.53813e+00     4.45336e+00     4.62787e+00     4.80646e+00     5.07584e+00     5.72091e+00     6.58244e+00     7.91146e+00     9.94207e+00     1.28712e+01
   2.21814     4.42267e+00     4.35454e+00     4.48622e+00     4.61096e+00     5.01508e+00     5.60842e+00     6.46993e+00     7.74674e+00     9.65382e+00     1.27309e+01
   2.22427     4.24759e+00     4.28188e+00     4.42620e+00     4.62307e+00     4.85356e+00     5.37276e+00     6.28266e+00     7.59348e+00     9.54292e+00     1.24697e+01
   2.23041     4.14906e+00     4.24103e+00     4.30085e+00     4.49256e+00     4.74563e+00     5.27927e+00     6.12662e+00     7.44111e+00     9.37763e+00     1.23317e+01
   2.23654     4.10677e+00     4.16077e+00     4.17715e+00     4.36723e+00     4.60785e+00     5.14246e+00     6.08295e+00     7.45753e+00     9.19156e+00     1.21065e+01
   2.24268     3.97536e+00     3.98629e+00     4.01085e+00     4.19359e+00     4.52486e+00     5.11251e+00     5.91515e+00     7.09316e+00     9.18226e+00     1.19180e+01
   2.24882     3.90450e+00     3.90915e+00     4.01375e+00     4.22551e+00     4.45887e+00     5.00655e+00     5.82848e+00     7.06217e+00     8.87029e+00     1.17080e+01
   2.25495     3.81365e+00     3.83678e+00     3.83324e+00     4.05249e+00     4.33915e+00     4.79995e+00     5.67076e+00     6.97667e+00     8.72834e+00     1.16004e+01
   2.26109     3.67277e+00     3.70512e+00     3.79716e+00     3.88859e+00     4.20863e+00     4.72175e+00     5.55982e+00     6.84663e+00     8.65928e+00     1.12287e+01
   2.26722     3.56679e+00     3.66307e+00     3.69733e+00     3.87184e+00     4.14292e+00     4.52874e+00     5.44659e+00     6.67245e+00     8.53659e+00     1.12153e+01
   2.27336     3.55100e+00     3.48422e+00     3.58315e+00     3.78044e+00     4.01628e+00     4.46687e+00     5.35126e+00     6.47698e+00     8.18630e+00     1.10593e+01
   2.27950     3.39126e+00     3.40850e+00     3.39923e+00     3.73353e+00     3.94189e+00     4.41060e+00     5.16807e+00     6.34308e+00     8.22331e+00     1.08720e+01
   2.28563     3.36011e+00     3.37957e+00     3.43955e+00     3.49530e+00     3.88595e+00     4.29533e+00     5.06347e+00     6.19411e+00     8.01308e+00     1.06039e+01
   2.29177     3.28119e+00     3.27693e+00     3.31256e+00     3.37666e+00     3.74041e+00     4.14170e+00     4.85784e+00     6.15081e+00     7.91278e+00     1.05792e+01
   2.29790     3.08779e+00     3.19188e+00     3.19665e+00     3.38916e+00     3.70227e+00     4.01288e+00     4.76668e+00     5.99145e+00     7.81066e+00     1.01930e+01
   2.30404     2.97687e+00     3.04474e+00     3.13446e+00     3.16401e+00     3.50373e+00     3.93299e+00     4.67339e+00     5.89502e+00     7.70027e+00     1.02950e+01
   2.31018     3.01592e+00     2.99217e+00     3.04981e+00     3.11224e+00     3.35237e+00     3.81174e+00     4.54844e+00     5.68914e+00     7.40657e+00     9.91383e+00
   2.31631     2.86586e+00     2.91068e+00     2.96523e+00     3.15503e+00     3.23075e+00     3.77242e+00     4.49162e+00     5.56489e+00     7.20196e+00     9.90447e+00
   2.32245     2.81755e+00     2.80691e+00     2.88052e+00     2.92800e+00     3.26920e+00     3.55357e+00     4.31033e+00     5.49762e+00     7.15518e+00     9.65379e+00
   2.32858     2.72886e+00     2.75795e+00     2.76539e+00     2.89865e+00     3.14942e+00     3.53655e+00     4.25006e+00     5.34725e+00     7.01824e+00     9.58060e+00
   2.33472     2.65902e+00     2.57609e+00     2.63342e+00     2.82707e+00     2.98742e+00     3.35971e+00     4.09570e+00     5.24995e+00     6.85152e+00     9.34360e+00
   2.34085     2.56772e+00     2.47890e+00     2.57531e+00     2.66814e+00     2.89892e+00     3.30514e+00     3.94922e+00     5.04553e+00     6.80345e+00     9.16299e+00
   2.34699     2.43469e+00     2.44435e+00     2.58727e+00     2.53875e+00     2.82301e+00     3.25598e+00     3.87740e+00     4.95953e+00     6.61076e+00     9.01975e+00
   2.35313     2.46492e+00     2.38966e+00     2.45800e+00     2.54921e+00     2.72001e+00     3.10762e+00     3.80878e+00     4.90399e+00     6.43678e+00     8.89978e+00
   2.35926     2.27728e+00     2.28129e+00     2.36110e+00     2.34296e+00     2.64903e+00     2.99743e+00     3.63866e+00     4.75833e+00     6.24592e+00     8.73744e+00
   2.36540     2.22864e+00     2.27577e+00     2.29883e+00     2.33154e+00     2.52446e+00     2.87995e+00     3.55865e+00     4.59343e+00     6.19556e+00     8.56794e+00
   2.37153     2.18917e+00     2.24074e+00     2.18314e+00     2.23387e+00     2.42450e+00     2.85674e+00     3.46057e+00     4.46610e+00     6.04920e+00     8.51210e+00
   2.37767     2.07562e+00     2.04745e+00     2.08439e+00     2.19426e+00     2.32926e+00     2.67779e+00     3.36348e+00     4.39444e+00     6.00085e+00     8.33359e+00
   2.38381     2.00062e+00     2.01737e+00     2.02764e+00     2.06822e+00     2.31112e+00     2.63148e+00     3.27682e+00     4.25768e+00     5.76553e+00     8.24766e+00
   2.38994     1.91611e+00     1.92949e+00     1.96431e+00     1.92681e+00     2.12839e+00     2.41702e+00     3.18849e+00     4.16516e+00     5.60978e+00     8.02694e+00
   2.39608     1.83730e+00     1.88073e+00     1.84738e+00     1.82744e+00     2.03054e+00     2.47590e+00     3.12059e+00     4.00291e+00     5.67195e+00     7.97903e+00
   2.40221     1.74840e+00     1.77491e+00     1.74341e+00     1.82808e+00     1.97516e+00     2.32150e+00     2.94241e+00     3.94016e+00     5.45427e+00     7.75300e+00
   2.40835     1.72486e+00     1.62654e+00     1.61616e+00     1.78591e+00     1.93385e+00     2.24727e+00     2.81550e+00     3.84718e+00     5.37698e+00     7.66740e+00
   2.41449     1.51257e+00     1.59417e+00     1.55540e+00     1.56380e+00     1.82238e+00     2.13202e+00     2.70594e+00     3.81956e+00     5.15816e+00     7.44821e+00
   2.42062     1.53565e+00     1.49467e+00     1.58137e+00     1.57365e+00     1.74871e+00     2.07110e+00     2.69779e+00     3.66492e+00     5.04676e+00     7.36441e+00
   2.42676     1.48877e+00     1.40859e+00     1.40368e+00     1.40701e+00     1.64036e+00     1.97973e+00     2.55115e+00     3.50888e+00     4.97231e+00     7.35004e+00
   2.43289     1.41871e+00     1.40989e+00     1.37863e+00     1.40004e+00     1.53844e+00     1.90317e+00     2.40196e+00     3.42415e+00     4.83392e+00     7.15994e+00
   2.43903     1.31404e+00     1.28701e+00     1.33871e+00     1.33168e+00     1.47282e+00     1.81228e+00     2.32018e+00     3.28808e+00     4.82366e+00     6.95055e+00
   2.44517     1.27270e+00     1.25696e+00     1.23652e+00     1.21621e+00     1.39061e+00     1.68577e+00     2.24691e+00     3.11691e+00     4.62915e+00     6.86335e+00
   2.45130     1.19101e+00     1.18955e+00     1.14074e+00     1.13014e+00     1.32644e+00     1.55782e+00     2.11347e+00     3.02499e+00     4.52900e+00     6.60452e+00
   2.45744     1.02746e+00     1.13251e+00     1.11094e+00     1.10662e+00     1.23724e+00     1.51405e+00     2.03632e+00     2.96197e+00     4.39130e+00     6.60544e+00
   2.46357     1.05661e+00     1.00348e+00     1.00318e+00     1.02985e+00     1.15463e+00     1.40805e+00     1.89039e+00     2.88347e+00     4.30419e+00     6.44142e+00
   2.46971     9.64487e-01     9.30789e-01     8.83610e-01     9.80595e-01     1.05328e+00     1.33502e+00     1.89890e+00     2.78622e+00     4.12765e+00     6.30134e+00
   2.47584     8.41299e-01     8.44525e-01     8.08455e-01     8.27770e-01     9.81256e-01     1.28464e+00     1.74864e+00     2.58695e+00     4.05485e+00     6.21554e+00
   2.48198     8.13348e-01     8.08183e-01     7.50010e-01     8.26766e-01     8.91740e-01     1.12284e+00     1.74004e+00     2.59279e+00     3.87385e+00     6.10604e+00
   2.48812     7.39560e-01     7.51792e-01     7.03483e-01     6.38939e-01     8.13972e-01     1.09109e+00     1.58120e+00     2.48683e+00     3.80984e+00     5.92182e+00
   2.49425     6.80660e-01     6.96957e-01     6.34315e-01     6.80681e-01     7.06532e-01     1.06011e+00     1.57895e+00     2.40916e+00     3.71415e+00     5.80955e+00
   2.50039     6.52278e-01     6.10373e-01     5.39012e-01     5.49431e-01     5.98468e-01     9.22363e-01     1.35552e+00     2.30699e+00     3.59606e+00     5.75331e+00
   2.50652     5.61619e-01     5.27885e-01     5.17067e-01     4.92224e-01     6.24809e-01     7.90828e-01     1.33158e+00     2.15001e+00     3.52693e+00     5.61812e+00
   2.51266     4.93138e-01     4.24273e-01     4.32233e-01     4.12394e-01     4.96539e-01     7.21655e-01     1.24164e+00     2.09723e+00     3.34299e+00     5.44100e+00
   2.51880     4.54216e-01     4.31257e-01     3.91959e-01     3.55593e-01     4.51051e-01     6.58800e-01     1.10420e+00     2.01017e+00     3.30343e+00     5.34407e+00
   2.52493     3.89634e-01     3.52971e-01     3.11778e-01     2.96495e-01     4.14907e-01     5.78339e-01     1.07580e+00     1.82886e+00     3.15918e+00     5.26780e+00
   2.53107     3.01089e-01     2.32620e-01     2.19614e-01     1.94759e-01     2.77766e-01     5.42072e-01     1.01915e+00     1.69283e+00     3.05046e+00     5.06324e+00
   2.53720     2.31411e-01     1.99667e-01     1.66542e-01     1.68724e-01     1.87337e-01     4.26628e-01     8.57111e-01     1.64903e+00     3.01472e+00     5.10840e+00
   2.54334     1.24516e-01     1.73490e-01     8.26521e-02     1.09175e-01     1.31998e-01     3.92140e-01     8.47613e-01     1.60881e+00     2.83747e+00     4.84449e+00
   2.54948     9.17634e-02     9.83599e-02     4.25669e-02     3.50671e-02     7.43146e-02     3.68114e-01     7.54272e-01     1.48954e+00     2.80023e+00     4.81433e+00
   2.55561     1.06070e-01     2.23816e-03     1.18213e-02     5.47118e-02     2.69016e-02     2.12771e-01     6.70410e-01     1.42795e+00     2.69461e+00     4.74307e+00
   2.56175     5.54041e-02     9.65790e-02     1.06666e-01     1.17027e-01     7.48806e-02     1.23527e-01     5.83719e-01     1.33996e+00     2.65863e+00     4.62134e+00
   2.56788     7.88027e-02     1.41349e-01     1.80824e-01     2.31532e-01     1.27680e-01     1.24977e-01     4.99164e-01     1.18978e+00     2.51096e+00     4.44152e+00
   2.57402     1.33363e-01     1.38302e-01     2.31157e-01     3.09983e-01     2.33475e-01     3.08817e-03     3.82667e-01     1.08713e+00     2.38960e+00     4.45464e+00
   2.58016     2.61772e-01     2.36187e-01     2.78223e-01     3.45476e-01     2.77736e-01     4.30511e-02     2.87807e-01     1.09217e+00     2.27002e+00     4.28987e+00
   2.58629     2.04499e-01     2.81595e-01     3.62480e-01     3.48826e-01     3.80479e-01     1.67757e-01     2.53653e-01     9.80093e-01     2.19386e+00     4.16170e+00
   2.59243     2.79336e-01     3.36496e-01     4.74677e-01     4.82589e-01     4.38326e-01     2.31969e-01     1.42361e-01     8.93993e-01     2.04856e+00     4.09365e+00
   2.59856     3.35265e-01     4.16290e-01     4.59114e-01     5.22071e-01     4.88546e-01     2.93625e-01     7.98636e-02     8.26066e-01     1.99182e+00     3.95688e+00
   2.60470     4.20893e-01     4.84965e-01     5.28505e-01     5.81205e-01     5.53161e-01     3.74245e-01     6.98307e-03     6.72254e-01     1.91599e+00     3.80453e+00
   2.61084     4.45874e-01     5.41353e-01     5.93903e-01     6.18072e-01     6.33624e-01     5.02334e-01     1.38344e-02     6.37440e-01     1.81511e+00     3.87259e+00
   2.61697     5.02624e-01     5.71682e-01     6.60488e-01     6.89520e-01     7.04219e-01     5.40725e-01     1.76885e-01     4.91175e-01     1.68396e+00     3.65498e+00
   2.62311     5.50247e-01     6.65069e-01     6.90836e-01     7.95734e-01     7.39591e-01     5.99830e-01     2.38806e-01     4.71732e-01     1.63196e+00     3.53019e+00
   2.62924     6.25718e-01     6.62401e-01     7.42048e-01     8.51161e-01     7.68203e-01     6.96704e-01     2.61060e-01     3.95504e-01     1.53976e+00     3.45065e+00
   2.63538     6.83778e-01     7.45353e-01     8.03704e-01     8.51484e-01     9.01134e-01     7.33025e-01     3.64343e-01     3.38870e-01     1.39531e+00     3.37252e+00
   2.64151     7.92804e-01     8.37685e-01     8.50457e-01     9.55103e-01     9.58865e-01     8.01016e-01     4.64315e-01     2.30320e-01     1.36983e+00     3.32475e+00
   2.64765     7.86134e-01     8.42917e-01     8.99981e-01     9.86003e-01     1.02063e+00     8.69361e-01     5.88198e-01     1.05960e-01     1.30167e+00     3.19938e+00
   2.65379     8.38900e-01     9.17868e-01     9.96615e-01     1.06183e+00     1.07242e+00     9.62798e-01     5.77289e-01     8.29409e-02     1.22450e+00     3.14417e+00
   2.65992     8.77766e-01     9.93645e-01     1.03423e+00     1.13380e+00     1.15606e+00     1.02078e+00     6.68774e-01     2.48015e-02     1.03486e+00     3.04321e+00
   2.66606     9.41226e-01     1.00162e+00     1.10624e+00     1.16730e+00     1.14624e+00     1.05663e+00     7.59078e-01     1.14962e-01     1.08466e+00     2.97248e+00
   2.67219     1.01510e+00     1.07463e+00     1.18016e+00     1.24433e+00     1.24586e+00     1.09616e+00     7.99737e-01     1.70854e-01     9.28751e-01     2.83808e+00
   2.67833     1.07115e+00     1.16929e+00     1.21457e+00     1.29742e+00     1.29881e+00     1.20466e+00     8.77932e-01     2.33287e-01     8.44192e-01     2.75676e+00
   2.68447     1.12404e+00     1.18885e+00     1.28765e+00     1.39152e+00     1.38153e+00     1.25820e+00     9.29375e-01     3.22574e-01     7.96131e-01     2.66422e+00
   2.69060     1.17882e+00     1.20164e+00     1.32358e+00     1.46453e+00     1.40405e+00     1.31234e+00     1.01402e+00     3.77484e-01     6.76557e-01     2.51086e+00
   2.69674     1.16441e+00     1.26764e+00     1.38909e+00     1.45328e+00     1.45025e+00     1.41220e+00     1.09240e+00     4.23393e-01     6.60443e-01     2.50350e+00
   2.70287     1.25044e+00     1.31811e+00     1.41888e+00     1.52180e+00     1.54826e+00     1.44859e+00     1.12197e+00     5.25868e-01     5.03819e-01     2.36308e+00
   2.70901     1.29776e+00     1.38211e+00     1.50102e+00     1.55543e+00     1.64831e+00     1.54411e+00     1.22976e+00     6.21760e-01     4.19373e-01     2.31732e+00
   2.71515     1.33887e+00     1.42807e+00     1.51819e+00     1.65773e+00     1.66040e+00     1.59718e+00     1.27639e+00     6.81735e-01     4.10898e-01     2.21608e+00
   2.72128     1.40877e+00     1.49677e+00     1.60317e+00     1.63858e+00     1.69303e+00     1.63681e+00     1.36327e+00     7.63019e-01     2.94652e-01     2.08863e+00
   2.72742     1.42217e+00     1.51357e+00     1.63212e+00     1.75283e+00     1.77282e+00     1.71355e+00     1.43926e+00     8.24018e-01     1.74921e-01     2.06386e+00
   2.73355     1.44563e+00     1.56803e+00     1.67602e+00     1.80504e+00     1.84152e+00     1.77016e+00     1.43907e+00     8.96936e-01     8.50446e-02     2.08457e+00
   2.73969     1.52242e+00     1.56940e+00     1.69817e+00     1.85145e+00     1.88129e+00     1.83048e+00     1.48921e+00     9.55161e-01     6.80381e-02     1.89193e+00
   2.74583     1.56457e+00     1.68824e+00     1.79225e+00     1.88914e+00     1.95861e+00     1.86526e+00     1.55429e+00     1.07425e+00     2.87588e-02     1.80572e+00
   2.75196     1.65136e+00     1.69141e+00     1.84261e+00     1.97607e+00     1.99544e+00     1.93450e+00     1.68810e+00     1.06692e+00     9.47808e-02     1.74169e+00
   2.75810     1.64163e+00     1.73413e+00     1.88318e+00     2.00019e+00     2.08187e+00     2.01663e+00     1.75158e+00     1.15587e+00     1.20658e-01     1.66691e+00
   2.76423     1.70918e+00     1.81847e+00     1.95512e+00     2.06334e+00     2.11788e+00     2.03863e+00     1.78406e+00     1.27266e+00     1.98226e-01     1.60726e+00
   2.77037     1.72956e+00     1.84339e+00     1.98910e+00     2.08800e+00     2.17102e+00     2.13149e+00     1.87242e+00     1.31034e+00     3.15438e-01     1.56763e+00
   2.77651     1.80187e+00     1.87562e+00     1.97181e+00     2.13703e+00     2.22584e+00     2.19160e+00     1.93938e+00     1.39342e+00     3.20974e-01     1.48879e+00
   2.78264     1.83391e+00     1.90465e+00     2.08606e+00     2.23550e+00     2.26679e+00     2.20338e+00     1.94942e+00     1.47450e+00     4.41133e-01     1.44829e+00
   2.78878     1.90296e+00     2.00123e+00     2.11305e+00     2.22608e+00     2.34277e+00     2.25717e+00     2.00627e+00     1.50440e+00     5.50245e-01     1.37317e+00
   2.79491     1.92497e+00     2.03811e+00     2.16633e+00     2.28308e+00     2.38167e+00     2.35902e+00     2.11901e+00     1.58951e+00     5.65105e-01     1.34752e+00
   2.80105     1.97095e+00     2.01791e+00     2.19082e+00     2.34814e+00     2.40866e+00     2.40757e+00     2.15834e+00     1.66855e+00     6.38875e-01     1.20893e+00
   2.80718     1.99145e+00     2.07383e+00     2.22787e+00     2.40006e+00     2.45053e+00     2.45790e+00     2.21004e+00     1.72282e+00     6.95856e-01     1.15120e+00
   2.81332     2.06778e+00     2.13487e+00     2.28907e+00     2.49282e+00     2.53281e+00     2.50797e+00     2.28041e+00     1.77676e+00     7.77117e-01     1.06088e+00
   2.81946     2.07092e+00     2.12779e+00     2.30547e+00     2.49123e+00     2.57165e+00     2.57915e+00     2.31535e+00     1.82964e+00     8.02748e-01     1.03254e+00
   2.82559     2.12161e+00     2.21454e+00     2.35993e+00     2.51333e+00     2.62723e+00     2.60138e+00     2.35567e+00     1.91159e+00     8.99310e-01     9.66760e-01
   2.83173     2.16099e+00     2.25723e+00     2.40367e+00     2.57844e+00     2.65593e+00     2.65658e+00     2.43430e+00     1.95387e+00     1.02401e+00     8.99434e-01
   2.83786     2.19374e+00     2.30051e+00     2.46552e+00     2.63877e+00     2.72220e+00     2.70705e+00     2.48364e+00     2.00115e+00     1.03081e+00     8.33218e-01
   2.84400     2.22796e+00     2.34108e+00     2.49699e+00     2.67245e+00     2.80223e+00     2.76062e+00     2.56172e+00     2.07815e+00     1.09513e+00     8.01360e-01
   2.85014     2.25511e+00     2.40425e+00     2.51509e+00     2.72444e+00     2.81586e+00     2.80714e+00     2.63443e+00     2.10927e+00     1.15239e+00     7.64378e-01
   2.85627     2.28241e+00     2.40379e+00     2.57723e+00     2.77509e+00     2.89033e+00     2.86411e+00     2.68029e+00     2.17454e+00     1.22695e+00     6.37422e-01
   2.86241     2.37059e+00     2.42959e+00     2.59640e+00     2.78544e+00     2.93273e+00     2.89649e+00     2.74474e+00     2.24796e+00     1.28635e+00     5.62854e-01
   2.86854     2.34541e+00     2.46905e+00     2.66381e+00     2.83936e+00     2.94618e+00     2.97432e+00     2.78667e+00     2.30401e+00     1.31072e+00     5.31843e-01
   2.87468     2.38854e+00     2.49718e+00     2.68967e+00     2.87752e+00     3.01396e+00     2.99533e+00     2.83837e+00     2.38088e+00     1.42270e+00     4.23652e-01
   2.88082     2.46287e+00     2.51976e+00     2.71885e+00     2.88781e+00     3.06045e+00     3.09099e+00     2.90189e+00     2.42235e+00     1.44443e+00     3.95050e-01
   2.88695     2.45438e+00     2.58939e+00     2.75475e+00     2.95544e+00     3.11342e+00     3.11454e+00     2.94573e+00     2.48987e+00     1.51280e+00     4.06546e-01
   2.89309     2.49681e+00     2.60226e+00     2.80592e+00     2.98140e+00     3.14493e+00     3.16755e+00     3.00008e+00     2.52625e+00     1.59219e+00     2.87821e-01
   2.89922     2.55283e+00     2.69583e+00     2.86247e+00     3.06056e+00     3.17152e+00     3.22686e+00     3.02783e+00     2.60229e+00     1.66289e+00     2.69990e-01
   2.90536     2.57373e+00     2.69466e+00     2.90191e+00     3.08794e+00     3.23533e+00     3.23186e+00     3.14049e+00     2.63190e+00     1.68259e+00     1.72050e-01
   2.91150     2.59676e+00     2.73532e+00     2.90673e+00     3.11849e+00     3.29606e+00     3.30117e+00     3.15667e+00     2.68759e+00     1.78081e+00     1.41452e-01
   2.91763     2.63253e+00     2.76497e+00     2.95645e+00     3.16555e+00     3.32474e+00     3.35406e+00     3.18592e+00     2.76802e+00     1.84187e+00     6.42656e-02
   2.92377     2.66457e+00     2.77284e+00     2.97235e+00     3.21165e+00     3.37520e+00     3.41069e+00     3.22752e+00     2.81765e+00     1.89043e+00     4.56322e-02
   2.92990     2.68356e+00     2.84330e+00     3.01963e+00     3.25383e+00     3.38063e+00     3.46709e+00     3.27393e+00     2.86510e+00     1.98288e+00     3.55902e-03
   2.93604     2.69343e+00     2.87331e+00     3.06710e+00     3.28061e+00     3.44018e+00     3.49680e+00     3.36519e+00     2.92805e+00     1.99160e+00     2.52380e-02
   2.94218     2.75702e+00     2.88886e+00     3.10093e+00     3.32704e+00     3.47907e+00     3.55305e+00     3.38315e+00     2.97114e+00     2.05109e+00     7.90908e-02
   2.94831     2.80927e+00     2.94418e+00     3.13219e+00     3.37740e+00     3.52973e+00     3.59629e+00     3.43409e+00     3.01788e+00     2.07681e+00     1.15587e-01
   2.95445     2.80383e+00     2.96079e+00     3.17181e+00     3.35749e+00     3.54854e+00     3.60984e+00     3.49436e+00     3.04020e+00     2.13944e+00     1.86672e-01
   2.96058     2.83716e+00     3.00228e+00     3.21919e+00     3.41187e+00     3.58634e+00     3.67352e+00     3.54460e+00     3.12841e+00     2.19434e+00     2.74524e-01
   2.96672     2.89107e+00     3.02138e+00     3.21923e+00     3.45395e+00     3.67154e+00     3.72176e+00     3.57459e+00     3.17402e+00     2.24035e+00     3.12462e-01
   2.97285     2.93336e+00     3.05965e+00     3.26504e+00     3.49742e+00     3.72091e+00     3.74474e+00     3.63826e+00     3.20875e+00     2.31410e+00     3.38950e-01
   2.97899     2.95697e+00     3.07247e+00     3.30091e+00     3.53593e+00     3.71317e+00     3.78334e+00     3.69335e+00     3.26803e+00     2.33676e+00     3.54449e-01
   2.98513     2.97128e+00     3.08688e+00     3.35275e+00     3.58095e+00     3.75167e+00     3.81119e+00     3.75855e+00     3.29405e+00     2.38270e+00     4.31752e-01
   2.99126     2.98516e+00     3.15231e+00     3.36856e+00     3.62541e+00     3.80178e+00     3.88657e+00     3.76155e+00     3.36626e+00     2.41782e+00     4.36044e-01
   2.99740     3.04902e+00     3.17891e+00     3.37025e+00     3.63561e+00     3.84204e+00     3.92244e+00     3.80066e+00     3.40053e+00     2.52140e+00     4.80925e-01
   3.00353     3.06702e+00     3.17718e+00     3.45697e+00     3.66368e+00     3.88887e+00     3.95382e+00     3.85457e+00     3.46197e+00     2.57053e+00     5.54418e-01
   3.00967     3.10052e+00     3.21185e+00     3.43689e+00     3.71934e+00     3.93897e+00     4.01592e+00     3.89982e+00     3.49398e+00     2.60840e+00     5.40000e-01
   3.01581     3.10625e+00     3.24511e+00     3.46439e+00     3.75118e+00     3.94805e+00     4.03717e+00     3.92934e+00     3.53595e+00     2.66059e+00     6.09781e-01
   3.02194     3.12059e+00     3.27798e+00     3.51024e+00     3.76817e+00     3.99063e+00     4.09306e+00     3.96480e+00     3.60701e+00     2.68841e+00     6.14548e-01
   3.02808     3.15208e+00     3.32642e+00     3.56897e+00     3.81333e+00     4.02123e+00     4.15427e+00     4.02838e+00     3.63944e+00     2.73766e+00     6.86226e-01
   3.03421     3.16923e+00     3.34409e+00     3.59190e+00     3.84568e+00     4.07317e+00     4.16027e+00     4.04577e+00     3.70488e+00     2.80717e+00     7.09154e-01
   3.04035     3.20671e+00     3.39129e+00     3.60405e+00     3.88162e+00     4.09138e+00     4.20249e+00     4.10156e+00     3.73169e+00     2.85176e+00     7.55448e-01
   3.04649     3.20667e+00     3.36251e+00     3.63517e+00     3.92693e+00     4.15216e+00     4.24282e+00     4.14949e+00     3.79709e+00     2.90765e+00     7.75824e-01
   3.05262     3.26394e+00     3.39915e+00     3.64791e+00     3.93492e+00     4.17265e+00     4.29228e+00     4.20500e+00     3.82563e+00     2.95321e+00     8.11280e-01
   3.05876     3.27445e+00     3.43069e+00     3.69610e+00     3.98292e+00     4.21464e+00     4.32557e+00     4.23282e+00     3.88647e+00     3.00706e+00     8.95264e-01
   3.06489     3.27362e+00     3.43873e+00     3.69185e+00     3.98946e+00     4.24687e+00     4.37681e+00     4.28991e+00     3.92421e+00     3.03769e+00     8.74712e-01
   3.07103     3.33099e+00     3.46817e+00     3.71960e+00     4.03189e+00     4.28298e+00     4.41248e+00     4.30953e+00     3.91834e+00     3.05558e+00     9.20976e-01
   3.07717     3.36451e+00     3.47932e+00     3.75563e+00     4.07936e+00     4.28860e+00     4.44362e+00     4.37237e+00     3.99876e+00     3.12872e+00     9.48699e-01
   3.08330     3.36587e+00     3.54769e+00     3.78045e+00     4.06650e+00     4.34845e+00     4.47864e+00     4.40841e+00     4.03472e+00     3.14397e+00     9.65031e-01
   3.08944     3.37290e+00     3.54506e+00     3.82041e+00     4.12899e+00     4.37185e+00     4.50807e+00     4.41592e+00     4.10352e+00     3.17324e+00     1.02898e+00
   3.09557     3.40761e+00     3.56645e+00     3.83672e+00     4.16083e+00     4.41651e+00     4.54392e+00     4.48466e+00     4.13767e+00     3.23078e+00     1.02769e+00
   3.10171     3.43583e+00     3.59451e+00     3.87712e+00     4.19272e+00     4.43168e+00     4.57636e+00     4.54515e+00     4.15300e+00     3.28076e+00     1.05083e+00
   3.10785     3.42568e+00     3.63454e+00     3.90196e+00     4.21053e+00     4.46482e+00     4.61343e+00     4.57099e+00     4.22104e+00     3.30567e+00     1.09261e+00
   3.11398     3.47358e+00     3.64718e+00     3.88133e+00     4.23510e+00     4.51041e+00     4.66666e+00     4.58432e+00     4.25373e+00     3.36062e+00     1.10328e+00
   3.12012     3.49160e+00     3.67689e+00     3.94687e+00     4.25723e+00     4.52948e+00     4.69429e+00     4.66039e+00     4.28749e+00     3.40431e+00     1.12683e+00
   3.12625     3.51415e+00     3.65678e+00     3.99012e+00     4.28129e+00     4.54735e+00     4.71999e+00     4.65458e+00     4.33227e+00     3.45126e+00     1.14035e+00
   3.13239     3.53159e+00     3.71642e+00     3.98683e+00     4.29700e+00     4.61072e+00     4.74660e+00     4.70951e+00     4.36813e+00     3.43914e+00     1.16716e+00
   3.13852     3.53060e+00     3.71280e+00     4.03405e+00     4.34233e+00     4.64079e+00     4.76502e+00     4.72703e+00     4.40501e+00     3.53088e+00     1.19474e+00
