# Redshift space power spectrum in mu bins.
# Subtracting SN=    5.32817e+01.
#     k\mu         0.05000         0.15000         0.25000         0.35000         0.45000         0.55000         0.65000         0.75000         0.85000         0.95000
   0.00920     1.22580e+04             nan             nan             nan             nan     2.02882e+04             nan     2.12030e+04             nan     2.51777e+04
   0.01534     1.53744e+04             nan             nan             nan     1.88773e+04             nan             nan     2.55314e+04     2.93334e+04     3.58536e+04
   0.02148     1.51965e+04             nan     1.63027e+04     1.69664e+04             nan     1.98249e+04     2.42366e+04             nan     2.60147e+04     3.16397e+04
   0.02761     1.45397e+04             nan     1.43794e+04             nan     1.61448e+04             nan     2.01326e+04     2.32477e+04     2.43850e+04     3.04226e+04
   0.03375     1.19582e+04     1.25411e+04             nan     1.26865e+04             nan     1.53548e+04     1.65157e+04     1.95271e+04     2.11060e+04     2.61118e+04
   0.03988     9.44484e+03     1.01932e+04     1.12315e+04     1.09927e+04     1.19763e+04     1.28828e+04     1.42530e+04     1.65559e+04     1.82988e+04     2.18366e+04
   0.04602     8.71349e+03     9.05329e+03     9.14062e+03     9.62313e+03     1.05927e+04     1.17683e+04     1.19216e+04     1.38273e+04     1.58903e+04     1.72868e+04
   0.05216     7.61835e+03     7.82612e+03     8.20095e+03     8.53374e+03     9.80818e+03     1.04563e+04     1.20127e+04     1.24725e+04     1.36365e+04     1.65785e+04
   0.05829     7.22942e+03     7.34630e+03     7.65466e+03     8.33248e+03     8.59750e+03     8.79902e+03     1.08366e+04     1.16557e+04     1.40773e+04     1.51371e+04
   0.06443     6.79803e+03     6.98989e+03     6.83704e+03     7.63720e+03     8.64156e+03     9.08221e+03     9.62113e+03     1.14337e+04     1.18406e+04     1.31050e+04
   0.07056     6.48447e+03     6.74160e+03     6.75295e+03     7.12873e+03     7.30072e+03     8.04109e+03     9.18015e+03     1.03634e+04     1.18342e+04     1.20947e+04
   0.07670     5.77514e+03     6.06889e+03     5.76367e+03     6.25759e+03     6.92575e+03     7.22906e+03     8.57174e+03     8.44040e+03     1.00560e+04     1.33289e+04
   0.08283     5.30861e+03     5.21470e+03     5.33519e+03     5.89076e+03     6.25123e+03     6.76851e+03     7.54528e+03     7.61039e+03     9.33582e+03     1.07544e+04
   0.08897     4.58723e+03     4.57217e+03     4.65354e+03     4.95391e+03     5.43073e+03     5.67905e+03     6.41221e+03     7.01177e+03     8.29843e+03     9.21928e+03
   0.09511     3.99077e+03     3.90282e+03     4.01859e+03     4.42331e+03     4.81608e+03     5.34503e+03     5.66501e+03     6.79288e+03     6.69438e+03     8.52310e+03
   0.10124     3.60079e+03     3.76497e+03     3.99026e+03     4.13056e+03     4.33481e+03     4.63509e+03     5.06508e+03     6.15996e+03     6.04014e+03     7.15466e+03
   0.10738     3.29963e+03     3.34708e+03     3.50448e+03     3.78343e+03     4.18922e+03     4.02221e+03     4.57998e+03     5.26365e+03     6.12543e+03     6.58399e+03
   0.11351     2.99566e+03     3.16712e+03     3.44452e+03     3.29891e+03     3.59512e+03     4.09044e+03     4.44973e+03     4.79090e+03     5.33962e+03     6.36448e+03
   0.11965     3.00368e+03     2.92041e+03     2.90323e+03     3.28860e+03     3.44333e+03     3.77725e+03     4.21945e+03     4.64340e+03     4.97911e+03     6.12532e+03
   0.12579     2.88412e+03     2.87842e+03     2.93881e+03     3.36192e+03     3.45463e+03     3.69062e+03     4.10892e+03     4.42737e+03     5.16383e+03     5.95271e+03
   0.13192     2.66653e+03     2.92345e+03     2.77504e+03     2.98090e+03     3.21081e+03     3.49389e+03     3.83472e+03     4.36976e+03     5.00600e+03     5.68814e+03
   0.13806     2.43778e+03     2.54983e+03     2.62902e+03     2.66105e+03     3.11009e+03     3.44155e+03     3.58927e+03     4.16605e+03     4.38365e+03     4.96926e+03
   0.14419     2.37332e+03     2.39375e+03     2.48439e+03     2.71456e+03     2.64425e+03     3.13203e+03     3.36981e+03     3.82162e+03     4.27006e+03     5.01443e+03
   0.15033     2.07988e+03     2.20599e+03     2.22760e+03     2.63142e+03     2.60516e+03     2.70920e+03     3.09426e+03     3.45237e+03     3.72489e+03     4.12651e+03
   0.15647     2.00338e+03     1.98659e+03     2.05896e+03     2.31390e+03     2.35339e+03     2.60583e+03     2.74312e+03     3.24215e+03     3.36659e+03     4.24117e+03
   0.16260     1.82686e+03     1.85355e+03     1.94718e+03     2.13947e+03     2.18518e+03     2.48555e+03     2.55294e+03     2.86422e+03     3.14842e+03     3.81133e+03
   0.16874     1.70474e+03     1.70851e+03     1.80865e+03     1.95640e+03     2.09816e+03     2.32838e+03     2.63437e+03     2.92166e+03     3.32699e+03     3.89009e+03
   0.17487     1.63891e+03     1.69522e+03     1.71434e+03     1.96864e+03     1.88348e+03     2.26716e+03     2.31801e+03     2.57033e+03     2.95444e+03     3.71095e+03
   0.18101     1.55902e+03     1.65086e+03     1.62032e+03     1.74350e+03     1.93621e+03     1.98434e+03     2.15134e+03     2.48856e+03     2.95279e+03     3.30277e+03
   0.18715     1.53115e+03     1.57367e+03     1.64776e+03     1.61421e+03     1.80133e+03     1.97164e+03     2.22830e+03     2.41850e+03     2.86889e+03     3.26341e+03
   0.19328     1.50878e+03     1.51699e+03     1.54657e+03     1.73964e+03     1.77588e+03     1.81672e+03     2.28059e+03     2.31740e+03     2.59734e+03     3.11695e+03
   0.19942     1.40031e+03     1.43932e+03     1.47804e+03     1.53034e+03     1.69183e+03     1.76498e+03     1.95004e+03     2.18714e+03     2.50605e+03     2.93317e+03
   0.20555     1.29454e+03     1.32059e+03     1.41302e+03     1.44227e+03     1.62153e+03     1.64201e+03     1.93255e+03     2.11020e+03     2.42972e+03     2.67080e+03
   0.21169     1.19781e+03     1.19982e+03     1.34857e+03     1.37905e+03     1.55076e+03     1.72838e+03     1.81304e+03     1.93873e+03     2.32310e+03     2.49915e+03
   0.21783     1.19978e+03     1.18993e+03     1.31058e+03     1.30090e+03     1.40481e+03     1.53333e+03     1.76164e+03     1.93235e+03     2.04820e+03     2.63888e+03
   0.22396     1.14359e+03     1.12599e+03     1.15060e+03     1.15255e+03     1.30745e+03     1.48512e+03     1.57103e+03     1.83172e+03     2.10136e+03     2.31918e+03
   0.23010     1.07647e+03     1.06541e+03     1.12934e+03     1.19418e+03     1.29455e+03     1.41166e+03     1.60646e+03     1.74851e+03     1.95004e+03     2.52478e+03
   0.23623     1.02679e+03     1.04681e+03     1.11283e+03     1.15203e+03     1.22795e+03     1.32417e+03     1.50374e+03     1.64729e+03     1.91754e+03     2.22668e+03
   0.24237     9.64877e+02     9.91577e+02     9.92844e+02     1.07890e+03     1.22552e+03     1.22311e+03     1.39887e+03     1.59029e+03     1.80752e+03     1.94029e+03
   0.24850     9.20171e+02     9.91615e+02     1.00450e+03     1.09377e+03     1.18708e+03     1.27139e+03     1.41575e+03     1.51038e+03     1.83534e+03     2.13869e+03
   0.25464     9.46027e+02     9.54040e+02     9.78409e+02     1.00448e+03     1.11943e+03     1.28267e+03     1.28107e+03     1.49912e+03     1.74278e+03     2.06987e+03
   0.26078     8.60568e+02     8.88064e+02     9.51275e+02     9.47830e+02     1.12067e+03     1.15715e+03     1.29503e+03     1.41612e+03     1.67761e+03     1.88814e+03
   0.26691     8.65123e+02     8.67319e+02     8.94869e+02     9.41017e+02     1.00214e+03     1.12357e+03     1.23003e+03     1.33553e+03     1.59042e+03     1.75989e+03
   0.27305     8.27055e+02     8.16703e+02     8.86978e+02     8.80273e+02     9.73745e+02     1.12187e+03     1.21023e+03     1.32361e+03     1.42941e+03     1.76758e+03
   0.27918     8.24922e+02     8.22733e+02     8.30753e+02     9.26561e+02     9.66535e+02     9.83710e+02     1.12364e+03     1.28538e+03     1.45838e+03     1.75422e+03
   0.28532     7.75513e+02     7.52563e+02     8.07575e+02     8.41492e+02     9.41768e+02     1.00037e+03     1.19646e+03     1.25706e+03     1.42233e+03     1.57969e+03
   0.29146     7.54862e+02     7.26950e+02     7.41392e+02     8.06168e+02     8.55079e+02     9.42356e+02     1.06953e+03     1.15921e+03     1.33152e+03     1.57491e+03
   0.29759     6.87682e+02     7.32262e+02     7.41416e+02     7.80393e+02     8.51367e+02     8.76771e+02     1.05680e+03     1.14100e+03     1.29923e+03     1.60342e+03
   0.30373     6.42929e+02     6.90947e+02     7.06654e+02     7.61518e+02     8.09694e+02     8.90230e+02     1.02568e+03     1.07674e+03     1.29837e+03     1.50370e+03
   0.30986     6.62248e+02     6.90352e+02     7.02366e+02     7.66277e+02     7.70014e+02     8.86965e+02     9.54804e+02     1.08911e+03     1.26560e+03     1.43634e+03
   0.31600     6.42129e+02     6.45884e+02     6.88845e+02     7.11205e+02     7.74145e+02     8.16944e+02     9.49935e+02     1.00561e+03     1.18239e+03     1.36520e+03
   0.32214     6.24157e+02     6.43869e+02     6.72400e+02     6.95745e+02     7.29264e+02     8.04659e+02     9.02684e+02     1.00165e+03     1.13351e+03     1.33032e+03
   0.32827     5.94689e+02     6.23456e+02     6.49710e+02     6.78868e+02     7.06796e+02     7.54365e+02     8.64868e+02     9.79091e+02     1.13677e+03     1.25384e+03
   0.33441     5.94324e+02     5.81576e+02     6.15290e+02     6.30430e+02     6.94784e+02     7.71919e+02     8.62859e+02     8.83881e+02     1.08698e+03     1.23503e+03
   0.34054     5.53634e+02     5.85923e+02     6.08234e+02     6.42185e+02     6.94033e+02     7.16761e+02     7.81252e+02     9.05391e+02     1.10018e+03     1.17228e+03
   0.34668     5.31802e+02     5.58032e+02     5.80497e+02     6.09873e+02     6.74623e+02     7.15977e+02     7.68892e+02     8.84522e+02     1.06099e+03     1.20794e+03
   0.35282     5.46426e+02     5.37422e+02     5.65299e+02     5.83407e+02     6.57598e+02     6.76220e+02     7.40364e+02     8.77294e+02     9.94090e+02     1.14525e+03
   0.35895     5.10837e+02     5.11887e+02     5.50650e+02     5.96092e+02     6.06894e+02     6.74129e+02     7.22103e+02     8.45701e+02     1.00666e+03     1.12262e+03
   0.36509     5.05330e+02     5.19414e+02     5.29918e+02     5.55998e+02     5.81016e+02     6.41409e+02     6.95927e+02     8.05485e+02     8.90930e+02     1.08542e+03
   0.37122     4.96922e+02     5.02093e+02     5.20360e+02     5.64637e+02     6.02673e+02     6.61973e+02     7.04896e+02     7.92080e+02     9.31389e+02     1.04821e+03
   0.37736     4.83310e+02     4.88339e+02     5.02559e+02     5.44165e+02     5.69110e+02     5.92323e+02     6.95843e+02     7.67394e+02     8.82872e+02     1.04964e+03
   0.38350     4.47518e+02     4.64548e+02     4.92574e+02     5.18295e+02     5.42179e+02     6.07295e+02     6.70053e+02     7.41421e+02     8.14424e+02     9.75462e+02
   0.38963     4.46649e+02     4.66795e+02     4.78701e+02     4.93195e+02     5.59055e+02     5.76163e+02     6.15452e+02     7.09898e+02     7.91803e+02     9.47340e+02
   0.39577     4.43996e+02     4.59903e+02     4.68387e+02     5.00207e+02     5.06627e+02     5.73013e+02     5.97994e+02     7.28787e+02     8.06203e+02     9.25732e+02
   0.40190     4.27874e+02     4.28501e+02     4.63987e+02     4.81806e+02     5.02364e+02     5.32944e+02     6.24458e+02     7.05518e+02     7.84521e+02     9.16679e+02
   0.40804     4.26070e+02     4.30677e+02     4.59880e+02     4.52863e+02     4.83496e+02     5.29264e+02     5.99822e+02     6.84535e+02     7.79075e+02     8.74415e+02
   0.41417     3.97594e+02     4.04972e+02     4.36031e+02     4.56641e+02     4.72433e+02     5.15672e+02     5.60272e+02     6.53945e+02     7.43490e+02     8.60238e+02
   0.42031     3.97193e+02     4.15615e+02     4.20435e+02     4.46073e+02     4.53293e+02     4.82971e+02     5.82240e+02     6.38146e+02     7.09846e+02     8.65775e+02
   0.42645     3.84598e+02     3.98955e+02     4.00797e+02     4.20716e+02     4.59216e+02     5.02330e+02     5.50709e+02     6.05654e+02     6.84735e+02     8.31923e+02
   0.43258     3.77146e+02     3.72767e+02     3.84548e+02     4.14304e+02     4.35562e+02     4.91711e+02     5.21524e+02     5.97763e+02     7.00183e+02     8.04671e+02
   0.43872     3.66097e+02     3.66731e+02     3.81600e+02     4.10531e+02     4.36835e+02     4.72924e+02     5.24069e+02     6.10171e+02     6.84403e+02     7.93301e+02
   0.44485     3.63061e+02     3.76576e+02     3.75731e+02     3.90371e+02     4.17129e+02     4.65141e+02     5.05066e+02     5.67623e+02     6.37507e+02     7.66319e+02
   0.45099     3.45281e+02     3.51173e+02     3.59133e+02     3.90016e+02     4.31987e+02     4.54785e+02     4.90327e+02     5.39843e+02     6.30850e+02     7.35151e+02
   0.45713     3.41903e+02     3.37553e+02     3.66619e+02     3.71456e+02     4.05186e+02     4.24855e+02     4.83982e+02     5.52339e+02     6.23923e+02     7.39095e+02
   0.46326     3.46073e+02     3.47758e+02     3.47969e+02     3.72366e+02     3.95374e+02     4.12880e+02     4.69605e+02     5.35766e+02     6.00001e+02     7.24845e+02
   0.46940     3.39873e+02     3.34360e+02     3.44430e+02     3.55222e+02     3.93143e+02     4.14283e+02     4.62623e+02     5.19159e+02     5.90723e+02     6.79765e+02
   0.47553     3.24362e+02     3.32466e+02     3.38829e+02     3.52885e+02     3.83104e+02     4.10361e+02     4.39969e+02     4.96579e+02     5.77272e+02     6.76031e+02
   0.48167     3.14881e+02     3.16083e+02     3.30402e+02     3.46405e+02     3.79310e+02     4.09013e+02     4.34694e+02     4.81405e+02     5.73205e+02     6.69379e+02
   0.48781     3.01110e+02     3.10696e+02     3.22240e+02     3.39467e+02     3.56392e+02     3.83831e+02     4.19382e+02     4.76752e+02     5.57452e+02     6.44835e+02
   0.49394     3.00658e+02     3.11533e+02     3.18761e+02     3.29532e+02     3.41669e+02     3.74884e+02     4.28852e+02     4.69736e+02     5.34212e+02     6.43564e+02
   0.50008     2.90962e+02     2.97027e+02     3.04354e+02     3.19040e+02     3.37669e+02     3.57315e+02     4.09182e+02     4.69906e+02     5.39201e+02     6.26804e+02
   0.50621     2.86791e+02     2.95024e+02     3.07827e+02     3.10607e+02     3.36377e+02     3.64918e+02     3.91667e+02     4.45179e+02     5.05888e+02     5.80346e+02
   0.51235     2.87739e+02     2.82742e+02     2.87129e+02     2.98380e+02     3.31403e+02     3.44140e+02     3.78744e+02     4.30235e+02     5.07522e+02     5.86321e+02
   0.51849     2.78927e+02     2.90424e+02     2.89332e+02     3.02507e+02     3.10837e+02     3.44478e+02     3.82333e+02     4.24982e+02     4.84063e+02     5.65692e+02
   0.52462     2.72507e+02     2.74089e+02     2.84585e+02     2.89718e+02     3.12518e+02     3.35600e+02     3.68415e+02     4.28340e+02     4.83657e+02     5.48808e+02
   0.53076     2.63411e+02     2.68374e+02     2.69719e+02     2.82436e+02     3.04662e+02     3.37191e+02     3.64539e+02     4.21970e+02     4.53984e+02     5.36250e+02
   0.53689     2.68220e+02     2.61571e+02     2.73541e+02     2.80459e+02     3.01342e+02     3.25424e+02     3.52691e+02     3.98318e+02     4.55132e+02     5.35281e+02
   0.54303     2.48914e+02     2.61171e+02     2.57394e+02     2.74140e+02     2.91909e+02     3.23617e+02     3.43243e+02     3.95643e+02     4.44469e+02     5.19857e+02
   0.54917     2.44386e+02     2.57303e+02     2.55160e+02     2.63780e+02     2.83841e+02     3.03691e+02     3.48352e+02     3.75371e+02     4.32333e+02     5.16564e+02
   0.55530     2.42592e+02     2.45282e+02     2.56700e+02     2.63513e+02     2.80621e+02     2.93268e+02     3.32665e+02     3.79138e+02     4.27076e+02     5.01973e+02
   0.56144     2.39382e+02     2.47975e+02     2.43305e+02     2.55991e+02     2.74161e+02     3.00851e+02     3.25649e+02     3.55482e+02     4.28259e+02     4.98053e+02
   0.56757     2.34223e+02     2.30380e+02     2.42017e+02     2.56823e+02     2.63994e+02     2.89216e+02     3.21582e+02     3.53566e+02     4.16792e+02     4.73813e+02
   0.57371     2.27049e+02     2.35003e+02     2.40643e+02     2.46922e+02     2.66095e+02     2.82621e+02     3.10150e+02     3.45047e+02     3.94385e+02     4.63183e+02
   0.57984     2.25305e+02     2.32166e+02     2.32432e+02     2.37250e+02     2.59253e+02     2.77366e+02     3.01760e+02     3.43603e+02     3.74610e+02     4.57366e+02
   0.58598     2.19510e+02     2.24802e+02     2.27613e+02     2.38303e+02     2.47175e+02     2.72182e+02     3.01635e+02     3.27432e+02     3.78560e+02     4.33813e+02
   0.59212     2.17335e+02     2.24074e+02     2.18764e+02     2.29215e+02     2.48646e+02     2.72944e+02     2.85763e+02     3.31107e+02     3.68302e+02     4.45561e+02
   0.59825     2.10719e+02     2.15874e+02     2.17496e+02     2.29482e+02     2.40415e+02     2.57023e+02     2.89751e+02     3.16934e+02     3.70471e+02     4.26720e+02
   0.60439     2.02322e+02     2.17304e+02     2.15505e+02     2.25550e+02     2.35861e+02     2.62313e+02     2.81290e+02     3.12003e+02     3.59097e+02     4.08981e+02
   0.61052     2.04013e+02     2.07145e+02     2.19605e+02     2.18365e+02     2.30845e+02     2.43397e+02     2.71723e+02     3.12415e+02     3.44892e+02     4.10300e+02
   0.61666     2.05152e+02     2.03075e+02     2.12261e+02     2.17296e+02     2.26851e+02     2.47085e+02     2.72547e+02     3.02888e+02     3.40255e+02     4.05657e+02
   0.62280     1.97762e+02     1.97989e+02     2.13071e+02     2.13252e+02     2.24824e+02     2.44749e+02     2.59819e+02     2.95424e+02     3.32420e+02     3.98805e+02
   0.62893     1.96913e+02     2.01634e+02     2.05210e+02     2.04499e+02     2.21351e+02     2.34781e+02     2.60325e+02     2.91388e+02     3.29022e+02     3.86560e+02
   0.63507     1.93265e+02     1.94651e+02     1.97803e+02     2.08544e+02     2.08231e+02     2.29439e+02     2.58473e+02     2.84669e+02     3.18488e+02     3.74771e+02
   0.64120     1.91289e+02     1.91248e+02     1.91333e+02     2.04346e+02     2.11547e+02     2.27975e+02     2.49841e+02     2.69624e+02     3.16915e+02     3.74031e+02
   0.64734     1.86106e+02     1.84012e+02     1.89453e+02     1.97715e+02     2.07101e+02     2.23743e+02     2.39519e+02     2.67831e+02     3.06467e+02     3.61853e+02
   0.65348     1.83846e+02     1.89094e+02     1.82690e+02     1.89679e+02     2.07608e+02     2.14777e+02     2.37454e+02     2.61249e+02     2.95697e+02     3.56517e+02
   0.65961     1.79772e+02     1.75940e+02     1.87494e+02     1.90322e+02     1.97225e+02     2.10654e+02     2.33618e+02     2.59955e+02     2.91302e+02     3.53785e+02
   0.66575     1.73370e+02     1.76613e+02     1.77448e+02     1.84516e+02     1.93972e+02     2.06892e+02     2.31980e+02     2.49557e+02     2.90333e+02     3.33417e+02
   0.67188     1.75401e+02     1.76947e+02     1.75080e+02     1.82099e+02     1.91371e+02     1.99831e+02     2.27256e+02     2.50087e+02     2.80280e+02     3.32261e+02
   0.67802     1.69700e+02     1.74653e+02     1.77508e+02     1.83157e+02     1.90738e+02     2.01231e+02     2.22242e+02     2.43314e+02     2.78640e+02     3.22910e+02
   0.68416     1.73147e+02     1.61171e+02     1.65889e+02     1.80815e+02     1.82115e+02     2.00295e+02     2.14594e+02     2.44440e+02     2.69856e+02     3.13472e+02
   0.69029     1.64792e+02     1.68656e+02     1.68794e+02     1.75020e+02     1.82879e+02     1.90462e+02     2.15009e+02     2.30828e+02     2.60777e+02     3.03605e+02
   0.69643     1.65452e+02     1.58812e+02     1.67292e+02     1.70228e+02     1.75122e+02     1.89198e+02     2.02802e+02     2.30120e+02     2.60992e+02     3.07338e+02
   0.70256     1.58390e+02     1.60570e+02     1.63312e+02     1.68910e+02     1.76175e+02     1.88556e+02     2.01267e+02     2.21146e+02     2.66022e+02     2.92776e+02
   0.70870     1.57607e+02     1.58348e+02     1.61708e+02     1.61961e+02     1.68375e+02     1.82065e+02     2.00379e+02     2.21109e+02     2.49520e+02     2.98909e+02
   0.71484     1.55201e+02     1.51941e+02     1.62842e+02     1.60589e+02     1.68966e+02     1.82953e+02     1.95341e+02     2.20329e+02     2.50345e+02     2.87121e+02
   0.72097     1.56054e+02     1.51838e+02     1.55525e+02     1.59896e+02     1.63299e+02     1.76861e+02     1.89053e+02     2.15049e+02     2.43940e+02     2.75789e+02
   0.72711     1.48947e+02     1.50402e+02     1.54660e+02     1.56365e+02     1.61473e+02     1.73582e+02     1.83073e+02     2.09185e+02     2.39399e+02     2.76968e+02
   0.73324     1.50563e+02     1.43863e+02     1.47595e+02     1.53324e+02     1.62012e+02     1.70594e+02     1.81903e+02     2.01275e+02     2.31057e+02     2.65203e+02
   0.73938     1.47196e+02     1.40554e+02     1.52255e+02     1.52467e+02     1.60763e+02     1.64109e+02     1.82485e+02     1.92747e+02     2.31438e+02     2.64326e+02
   0.74551     1.43632e+02     1.41900e+02     1.44217e+02     1.47467e+02     1.52177e+02     1.66141e+02     1.77319e+02     1.99651e+02     2.27843e+02     2.60341e+02
   0.75165     1.42453e+02     1.39329e+02     1.44370e+02     1.43982e+02     1.49960e+02     1.58806e+02     1.69643e+02     1.92282e+02     2.25300e+02     2.58274e+02
   0.75779     1.37649e+02     1.40093e+02     1.38743e+02     1.43308e+02     1.51584e+02     1.57737e+02     1.71005e+02     1.90542e+02     2.12460e+02     2.53831e+02
   0.76392     1.35413e+02     1.35842e+02     1.36665e+02     1.40181e+02     1.46384e+02     1.55957e+02     1.68687e+02     1.86919e+02     2.09652e+02     2.44576e+02
   0.77006     1.31618e+02     1.35313e+02     1.36043e+02     1.35150e+02     1.41832e+02     1.50632e+02     1.60952e+02     1.78633e+02     2.02516e+02     2.42591e+02
   0.77619     1.33028e+02     1.33173e+02     1.33186e+02     1.36776e+02     1.40832e+02     1.46269e+02     1.60998e+02     1.78172e+02     2.04637e+02     2.37523e+02
   0.78233     1.30979e+02     1.32792e+02     1.29217e+02     1.32918e+02     1.35473e+02     1.47333e+02     1.58330e+02     1.76089e+02     2.02233e+02     2.28179e+02
   0.78847     1.29867e+02     1.29777e+02     1.29909e+02     1.31886e+02     1.38211e+02     1.43262e+02     1.54036e+02     1.66061e+02     1.94781e+02     2.22874e+02
   0.79460     1.23961e+02     1.25680e+02     1.25938e+02     1.28983e+02     1.34919e+02     1.42129e+02     1.52118e+02     1.68638e+02     1.88601e+02     2.23062e+02
   0.80074     1.25512e+02     1.25073e+02     1.25180e+02     1.29102e+02     1.29749e+02     1.37310e+02     1.48993e+02     1.65734e+02     1.84763e+02     2.18628e+02
   0.80687     1.22412e+02     1.21783e+02     1.22856e+02     1.25589e+02     1.28894e+02     1.36455e+02     1.51658e+02     1.61307e+02     1.82825e+02     2.10063e+02
   0.81301     1.19927e+02     1.20572e+02     1.24000e+02     1.23251e+02     1.28722e+02     1.31826e+02     1.43625e+02     1.58723e+02     1.80399e+02     2.03977e+02
   0.81915     1.20269e+02     1.20856e+02     1.16948e+02     1.23546e+02     1.23159e+02     1.29408e+02     1.41397e+02     1.58864e+02     1.76183e+02     2.03695e+02
   0.82528     1.21042e+02     1.16579e+02     1.16764e+02     1.17836e+02     1.21709e+02     1.26517e+02     1.35895e+02     1.54486e+02     1.73350e+02     1.99041e+02
   0.83142     1.12721e+02     1.15233e+02     1.13528e+02     1.18538e+02     1.18683e+02     1.25661e+02     1.37167e+02     1.50736e+02     1.70002e+02     1.96335e+02
   0.83755     1.14261e+02     1.12080e+02     1.13129e+02     1.13505e+02     1.18370e+02     1.24690e+02     1.36244e+02     1.44938e+02     1.66378e+02     1.91959e+02
   0.84369     1.11211e+02     1.08290e+02     1.09142e+02     1.13292e+02     1.15413e+02     1.22146e+02     1.28718e+02     1.44955e+02     1.62007e+02     1.92760e+02
   0.84983     1.09799e+02     1.09960e+02     1.08909e+02     1.11695e+02     1.13389e+02     1.20494e+02     1.28282e+02     1.36827e+02     1.58577e+02     1.88446e+02
   0.85596     1.10114e+02     1.09134e+02     1.06496e+02     1.08737e+02     1.12112e+02     1.17843e+02     1.23659e+02     1.38557e+02     1.59927e+02     1.83612e+02
   0.86210     1.09482e+02     1.09492e+02     1.04692e+02     1.08854e+02     1.08579e+02     1.15917e+02     1.23991e+02     1.37147e+02     1.53018e+02     1.79068e+02
   0.86823     1.06755e+02     1.05647e+02     1.03447e+02     1.06716e+02     1.08353e+02     1.12102e+02     1.24044e+02     1.33492e+02     1.48852e+02     1.75461e+02
   0.87437     1.06355e+02     1.05178e+02     1.01826e+02     1.03452e+02     1.05860e+02     1.08809e+02     1.20947e+02     1.28732e+02     1.45377e+02     1.71808e+02
   0.88050     1.04916e+02     1.03605e+02     1.02160e+02     1.01566e+02     1.03531e+02     1.08889e+02     1.15301e+02     1.30327e+02     1.44989e+02     1.65896e+02
   0.88664     1.01864e+02     1.01748e+02     9.91147e+01     9.89600e+01     9.96768e+01     1.05457e+02     1.15915e+02     1.26380e+02     1.42305e+02     1.64948e+02
   0.89278     9.86166e+01     9.90897e+01     9.94470e+01     9.72894e+01     9.90670e+01     1.04676e+02     1.12333e+02     1.21393e+02     1.39367e+02     1.60741e+02
   0.89891     9.85583e+01     9.83980e+01     9.62948e+01     9.45622e+01     9.87923e+01     1.02195e+02     1.10697e+02     1.21388e+02     1.37344e+02     1.59388e+02
   0.90505     9.62113e+01     9.86888e+01     9.51172e+01     9.39886e+01     9.40930e+01     9.94615e+01     1.07098e+02     1.17922e+02     1.35392e+02     1.53604e+02
   0.91118     9.50103e+01     9.48968e+01     9.40147e+01     9.33096e+01     9.43340e+01     9.85774e+01     1.05612e+02     1.18551e+02     1.30193e+02     1.50743e+02
   0.91732     9.42256e+01     9.17561e+01     9.32020e+01     9.35160e+01     9.47911e+01     1.00070e+02     1.02556e+02     1.13918e+02     1.27287e+02     1.51718e+02
   0.92346     9.36628e+01     9.11235e+01     8.81360e+01     9.13743e+01     9.11583e+01     9.70756e+01     1.02392e+02     1.14754e+02     1.29783e+02     1.46965e+02
   0.92959     9.26862e+01     8.93222e+01     8.71029e+01     8.86664e+01     8.87999e+01     9.22444e+01     1.02241e+02     1.12929e+02     1.23422e+02     1.45708e+02
   0.93573     9.04173e+01     9.07965e+01     8.67785e+01     8.90843e+01     8.70237e+01     9.32221e+01     9.85031e+01     1.08933e+02     1.23981e+02     1.41144e+02
   0.94186     8.94446e+01     8.74192e+01     8.69195e+01     8.70333e+01     8.71925e+01     9.22352e+01     9.71989e+01     1.05572e+02     1.20478e+02     1.36425e+02
   0.94800     8.69237e+01     8.70943e+01     8.76085e+01     8.36884e+01     8.40764e+01     8.81751e+01     9.43013e+01     1.04014e+02     1.15147e+02     1.32782e+02
   0.95414     8.76103e+01     8.60788e+01     8.60586e+01     8.25977e+01     8.36276e+01     8.75723e+01     9.33576e+01     1.01292e+02     1.13459e+02     1.31834e+02
   0.96027     8.48715e+01     8.47825e+01     8.24038e+01     8.25016e+01     8.09529e+01     8.88237e+01     9.13154e+01     1.02123e+02     1.13518e+02     1.29751e+02
   0.96641     8.44540e+01     8.35987e+01     8.16190e+01     8.15930e+01     8.11635e+01     8.41875e+01     9.13245e+01     9.79695e+01     1.11088e+02     1.27311e+02
   0.97254     8.22117e+01     8.04823e+01     7.93398e+01     7.98415e+01     7.91399e+01     8.41051e+01     8.83125e+01     9.65300e+01     1.09668e+02     1.24396e+02
   0.97868     8.27244e+01     8.01703e+01     7.90594e+01     7.79569e+01     7.84186e+01     8.11175e+01     8.41799e+01     9.61281e+01     1.08968e+02     1.21477e+02
   0.98482     8.25815e+01     7.98784e+01     7.81026e+01     7.63956e+01     7.67025e+01     7.76494e+01     8.52157e+01     9.26051e+01     1.04975e+02     1.21529e+02
   0.99095     8.00826e+01     7.96208e+01     7.68389e+01     7.59443e+01     7.55964e+01     7.75577e+01     8.17144e+01     9.23540e+01     1.03194e+02     1.16790e+02
   0.99709     7.97625e+01     7.90473e+01     7.57260e+01     7.29502e+01     7.36408e+01     7.54863e+01     8.25302e+01     8.70184e+01     1.01807e+02     1.12454e+02
   1.00322     7.88634e+01     7.68070e+01     7.38308e+01     7.21200e+01     7.30926e+01     7.45511e+01     8.00654e+01     8.76884e+01     1.00406e+02     1.13239e+02
   1.00936     7.54269e+01     7.72571e+01     7.41265e+01     7.16141e+01     7.14371e+01     7.23753e+01     7.81149e+01     8.52731e+01     9.52531e+01     1.10761e+02
   1.01550     7.41176e+01     7.20255e+01     7.09059e+01     7.07512e+01     7.02002e+01     7.32392e+01     7.73864e+01     8.39478e+01     9.62082e+01     1.10392e+02
   1.02163     7.27377e+01     7.03896e+01     7.04921e+01     6.93851e+01     6.94062e+01     7.01749e+01     7.52089e+01     8.14149e+01     9.38321e+01     1.07483e+02
   1.02777     7.37057e+01     7.10971e+01     6.95010e+01     6.79582e+01     6.88616e+01     7.03269e+01     7.46284e+01     7.90377e+01     9.16167e+01     1.05975e+02
   1.03390     7.17077e+01     7.15462e+01     6.83664e+01     6.77383e+01     6.72504e+01     6.91774e+01     7.26311e+01     7.98469e+01     8.92415e+01     1.00945e+02
   1.04004     7.11947e+01     6.98843e+01     6.68608e+01     6.66364e+01     6.57741e+01     6.69081e+01     7.06778e+01     8.00007e+01     8.74691e+01     1.00159e+02
   1.04617     7.06333e+01     6.87595e+01     6.68739e+01     6.51193e+01     6.45438e+01     6.67261e+01     7.18007e+01     7.76545e+01     8.70246e+01     9.94297e+01
   1.05231     6.76719e+01     6.70271e+01     6.67392e+01     6.42548e+01     6.26257e+01     6.41865e+01     6.69259e+01     7.54630e+01     8.32236e+01     9.78630e+01
   1.05845     7.02075e+01     6.62018e+01     6.43591e+01     6.45754e+01     6.20622e+01     6.32266e+01     6.66432e+01     7.31085e+01     8.29849e+01     9.58732e+01
   1.06458     6.70552e+01     6.49183e+01     6.30388e+01     6.15293e+01     6.09878e+01     6.18160e+01     6.63693e+01     7.09381e+01     8.17333e+01     9.14039e+01
   1.07072     6.75205e+01     6.33361e+01     6.18150e+01     6.08752e+01     5.86246e+01     5.96283e+01     6.43771e+01     7.05345e+01     8.02389e+01     9.12138e+01
   1.07685     6.54339e+01     6.36629e+01     6.23750e+01     5.87677e+01     5.84455e+01     5.92083e+01     6.26768e+01     7.11862e+01     7.69479e+01     8.83892e+01
   1.08299     6.60995e+01     6.32633e+01     6.00456e+01     5.75948e+01     5.90922e+01     5.96847e+01     6.20385e+01     6.63129e+01     7.73533e+01     8.78156e+01
   1.08913     6.41217e+01     6.22937e+01     6.04966e+01     5.69672e+01     5.59809e+01     5.72798e+01     5.99325e+01     6.72824e+01     7.52015e+01     8.61608e+01
   1.09526     6.25705e+01     6.09219e+01     5.96776e+01     5.56140e+01     5.39936e+01     5.66019e+01     5.90206e+01     6.59149e+01     7.25046e+01     8.26570e+01
   1.10140     6.14283e+01     5.85675e+01     5.70163e+01     5.58020e+01     5.44445e+01     5.53522e+01     5.74185e+01     6.39433e+01     7.01968e+01     8.20728e+01
   1.10753     6.04120e+01     5.94732e+01     5.70243e+01     5.50855e+01     5.33452e+01     5.50432e+01     5.73057e+01     6.34323e+01     6.99487e+01     8.14392e+01
   1.11367     6.04711e+01     5.79648e+01     5.68708e+01     5.33510e+01     5.22245e+01     5.35216e+01     5.48306e+01     6.02470e+01     6.77508e+01     8.07158e+01
   1.11981     5.76682e+01     5.79703e+01     5.47943e+01     5.31925e+01     5.10639e+01     5.06962e+01     5.54853e+01     6.11149e+01     6.64987e+01     7.67084e+01
   1.12594     5.84322e+01     5.59546e+01     5.23737e+01     5.12263e+01     4.98708e+01     5.10456e+01     5.31961e+01     5.75651e+01     6.53771e+01     7.58355e+01
   1.13208     5.90008e+01     5.74357e+01     5.28537e+01     4.91134e+01     4.88225e+01     4.96955e+01     5.16104e+01     5.67122e+01     6.43430e+01     7.42396e+01
   1.13821     5.67389e+01     5.55636e+01     5.12646e+01     5.02501e+01     4.75887e+01     4.90967e+01     5.10597e+01     5.67324e+01     6.45862e+01     7.35819e+01
   1.14435     5.49855e+01     5.33774e+01     5.12347e+01     4.87649e+01     4.82783e+01     4.74912e+01     5.15727e+01     5.48722e+01     6.27483e+01     7.01434e+01
   1.15049     5.58351e+01     5.31265e+01     5.12379e+01     4.84474e+01     4.73289e+01     4.56267e+01     4.88775e+01     5.32076e+01     6.08459e+01     6.88480e+01
   1.15662     5.49150e+01     5.35081e+01     4.95904e+01     4.77670e+01     4.53016e+01     4.56800e+01     4.88474e+01     5.24124e+01     5.93637e+01     6.93119e+01
   1.16276     5.38110e+01     5.24120e+01     4.95217e+01     4.60728e+01     4.61535e+01     4.47306e+01     4.64454e+01     5.23278e+01     5.83840e+01     6.64626e+01
   1.16889     5.24936e+01     5.08910e+01     4.81332e+01     4.62385e+01     4.48244e+01     4.42799e+01     4.67500e+01     5.12321e+01     5.64822e+01     6.53631e+01
   1.17503     5.23980e+01     5.07732e+01     4.77564e+01     4.37492e+01     4.33393e+01     4.33917e+01     4.46885e+01     4.95163e+01     5.65145e+01     6.36133e+01
   1.18117     5.12043e+01     4.89698e+01     4.55186e+01     4.34943e+01     4.22840e+01     4.16958e+01     4.28040e+01     4.84297e+01     5.45999e+01     6.29281e+01
   1.18730     5.17127e+01     4.87391e+01     4.57865e+01     4.38216e+01     4.02059e+01     4.07986e+01     4.37893e+01     4.67417e+01     5.39520e+01     6.07012e+01
   1.19344     4.90733e+01     4.79667e+01     4.51513e+01     4.25723e+01     3.97867e+01     4.08138e+01     4.23237e+01     4.69050e+01     5.28395e+01     6.04758e+01
   1.19957     4.88138e+01     4.56248e+01     4.27681e+01     4.18217e+01     4.01292e+01     3.86593e+01     4.08598e+01     4.58143e+01     5.14695e+01     5.93923e+01
   1.20571     4.83747e+01     4.68177e+01     4.24447e+01     4.04912e+01     3.83925e+01     3.86243e+01     4.04721e+01     4.41106e+01     4.94575e+01     5.72837e+01
   1.21184     4.78740e+01     4.53728e+01     4.21509e+01     4.03952e+01     3.85335e+01     3.70553e+01     3.94849e+01     4.42126e+01     4.95391e+01     5.60849e+01
   1.21798     4.69214e+01     4.45124e+01     4.21855e+01     3.99713e+01     3.71163e+01     3.75625e+01     3.86440e+01     4.20485e+01     4.80541e+01     5.51607e+01
   1.22412     4.73347e+01     4.38541e+01     4.16500e+01     3.74322e+01     3.63105e+01     3.50727e+01     3.80374e+01     4.10925e+01     4.78668e+01     5.36880e+01
   1.23025     4.49778e+01     4.33243e+01     3.99627e+01     3.74227e+01     3.48732e+01     3.55392e+01     3.52461e+01     4.08874e+01     4.50172e+01     5.33497e+01
   1.23639     4.61000e+01     4.23674e+01     3.93089e+01     3.70351e+01     3.53395e+01     3.38064e+01     3.62988e+01     4.01655e+01     4.47821e+01     5.22475e+01
   1.24252     4.43971e+01     4.16903e+01     3.88982e+01     3.63792e+01     3.36240e+01     3.43417e+01     3.46047e+01     3.84923e+01     4.28268e+01     5.07835e+01
   1.24866     4.37526e+01     4.20254e+01     3.75669e+01     3.43490e+01     3.34212e+01     3.36834e+01     3.54665e+01     3.81973e+01     4.27264e+01     4.93078e+01
   1.25480     4.34791e+01     4.10895e+01     3.70890e+01     3.42506e+01     3.23603e+01     3.18747e+01     3.26206e+01     3.72356e+01     4.17892e+01     4.85963e+01
   1.26093     4.16082e+01     4.07441e+01     3.71143e+01     3.29138e+01     3.18757e+01     3.16471e+01     3.34715e+01     3.57521e+01     4.13965e+01     4.71592e+01
   1.26707     4.20338e+01     3.84807e+01     3.48003e+01     3.26832e+01     3.10771e+01     3.06725e+01     3.22262e+01     3.50596e+01     3.93480e+01     4.62553e+01
   1.27320     4.12414e+01     3.90629e+01     3.51747e+01     3.26817e+01     2.93922e+01     2.91979e+01     3.15447e+01     3.35715e+01     3.90237e+01     4.49586e+01
   1.27934     3.97257e+01     3.71811e+01     3.46204e+01     3.19294e+01     2.97203e+01     2.93273e+01     3.04449e+01     3.30936e+01     3.74348e+01     4.44789e+01
   1.28548     3.91829e+01     3.71833e+01     3.42510e+01     3.14242e+01     2.85450e+01     2.83078e+01     2.99075e+01     3.24726e+01     3.65380e+01     4.34958e+01
   1.29161     3.93559e+01     3.64846e+01     3.27595e+01     3.07363e+01     2.87569e+01     2.75167e+01     2.85586e+01     3.26060e+01     3.73692e+01     4.21986e+01
   1.29775     3.74287e+01     3.65771e+01     3.28587e+01     3.02114e+01     2.74308e+01     2.68585e+01     2.76374e+01     3.09929e+01     3.54534e+01     4.19375e+01
   1.30388     3.90268e+01     3.60517e+01     3.25995e+01     2.91524e+01     2.69206e+01     2.58798e+01     2.71185e+01     2.95219e+01     3.38723e+01     3.86793e+01
   1.31002     3.68344e+01     3.46067e+01     3.11362e+01     2.84539e+01     2.59500e+01     2.58749e+01     2.60798e+01     2.96011e+01     3.41379e+01     3.86613e+01
   1.31616     3.67729e+01     3.50833e+01     3.18213e+01     2.77694e+01     2.52027e+01     2.54092e+01     2.51701e+01     2.81066e+01     3.22582e+01     3.82202e+01
   1.32229     3.60990e+01     3.38409e+01     3.13249e+01     2.71608e+01     2.52214e+01     2.37545e+01     2.52479e+01     2.82390e+01     3.13282e+01     3.83932e+01
   1.32843     3.44260e+01     3.28837e+01     2.93984e+01     2.62645e+01     2.36466e+01     2.29514e+01     2.42499e+01     2.70516e+01     3.07517e+01     3.60097e+01
   1.33456     3.48395e+01     3.28416e+01     2.88832e+01     2.68701e+01     2.31928e+01     2.24599e+01     2.37503e+01     2.62662e+01     2.92475e+01     3.66571e+01
   1.34070     3.42100e+01     3.18757e+01     2.80639e+01     2.39951e+01     2.33990e+01     2.25624e+01     2.23846e+01     2.54225e+01     2.86244e+01     3.50317e+01
   1.34684     3.51858e+01     3.26685e+01     2.75864e+01     2.48949e+01     2.25573e+01     2.17762e+01     2.24418e+01     2.50034e+01     2.79821e+01     3.33597e+01
   1.35297     3.37595e+01     2.96401e+01     2.68522e+01     2.41775e+01     2.20367e+01     2.01301e+01     2.13782e+01     2.36478e+01     2.75025e+01     3.32555e+01
   1.35911     3.24989e+01     3.03243e+01     2.62097e+01     2.37627e+01     2.12772e+01     2.03722e+01     2.10564e+01     2.28269e+01     2.84623e+01     3.17366e+01
   1.36524     3.12742e+01     2.94722e+01     2.54991e+01     2.27887e+01     2.05127e+01     1.95153e+01     2.00273e+01     2.29552e+01     2.58823e+01     3.09783e+01
   1.37138     3.09614e+01     2.88850e+01     2.54167e+01     2.28108e+01     1.96584e+01     1.94371e+01     1.92432e+01     2.26372e+01     2.58552e+01     3.06834e+01
   1.37751     3.11402e+01     2.88887e+01     2.40745e+01     2.19483e+01     1.91659e+01     1.91060e+01     1.89282e+01     2.13934e+01     2.48423e+01     2.90472e+01
   1.38365     3.11960e+01     2.79855e+01     2.47002e+01     2.15369e+01     1.91892e+01     1.79438e+01     1.84268e+01     2.06246e+01     2.38983e+01     2.80056e+01
   1.38979     2.98160e+01     2.73187e+01     2.42681e+01     1.99206e+01     1.83199e+01     1.73677e+01     1.80816e+01     2.02624e+01     2.28825e+01     2.74737e+01
   1.39592     2.99219e+01     2.71738e+01     2.25962e+01     1.97386e+01     1.76128e+01     1.65202e+01     1.75867e+01     1.98300e+01     2.20418e+01     2.61215e+01
   1.40206     2.90511e+01     2.68225e+01     2.25334e+01     1.97847e+01     1.68925e+01     1.64342e+01     1.68590e+01     1.83686e+01     2.23385e+01     2.62870e+01
   1.40819     2.86216e+01     2.61342e+01     2.26279e+01     1.86030e+01     1.65377e+01     1.53864e+01     1.65566e+01     1.80135e+01     2.16964e+01     2.52932e+01
   1.41433     2.76292e+01     2.53539e+01     2.13680e+01     1.79102e+01     1.53480e+01     1.55497e+01     1.60648e+01     1.71146e+01     2.08215e+01     2.53506e+01
   1.42047     2.75851e+01     2.47159e+01     2.12685e+01     1.81464e+01     1.50488e+01     1.46666e+01     1.46445e+01     1.69017e+01     1.92726e+01     2.45712e+01
   1.42660     2.72501e+01     2.46386e+01     2.11041e+01     1.74168e+01     1.45600e+01     1.35856e+01     1.39446e+01     1.63781e+01     1.85729e+01     2.27110e+01
   1.43274     2.61085e+01     2.45437e+01     2.04258e+01     1.63214e+01     1.40760e+01     1.35698e+01     1.31576e+01     1.55382e+01     1.89073e+01     2.26509e+01
   1.43887     2.55168e+01     2.36293e+01     1.88487e+01     1.65230e+01     1.38149e+01     1.24647e+01     1.28441e+01     1.53569e+01     1.79497e+01     2.19724e+01
   1.44501     2.50761e+01     2.32692e+01     1.88021e+01     1.53194e+01     1.28045e+01     1.21580e+01     1.31155e+01     1.41075e+01     1.77839e+01     2.08244e+01
   1.45115     2.46595e+01     2.27416e+01     1.92241e+01     1.49177e+01     1.26967e+01     1.18709e+01     1.22253e+01     1.39946e+01     1.67762e+01     2.15810e+01
   1.45728     2.40949e+01     2.30636e+01     1.76645e+01     1.52020e+01     1.25421e+01     1.15892e+01     1.14035e+01     1.27103e+01     1.65333e+01     1.93255e+01
   1.46342     2.38639e+01     2.16624e+01     1.78614e+01     1.42061e+01     1.11515e+01     1.12663e+01     1.17282e+01     1.26465e+01     1.60438e+01     1.95565e+01
   1.46955     2.37633e+01     2.12744e+01     1.67811e+01     1.40645e+01     1.17485e+01     1.06165e+01     1.07005e+01     1.20621e+01     1.47221e+01     1.94969e+01
   1.47569     2.29630e+01     2.03283e+01     1.64230e+01     1.33610e+01     1.12464e+01     9.56951e+00     1.02815e+01     1.16863e+01     1.42899e+01     1.76425e+01
   1.48183     2.29533e+01     1.99807e+01     1.58465e+01     1.34489e+01     1.02173e+01     9.61468e+00     9.55263e+00     1.11113e+01     1.33827e+01     1.67408e+01
   1.48796     2.21664e+01     1.95566e+01     1.62266e+01     1.20971e+01     1.03139e+01     8.45500e+00     8.58280e+00     1.08195e+01     1.32728e+01     1.63501e+01
   1.49410     2.18447e+01     1.96725e+01     1.51350e+01     1.20097e+01     9.72483e+00     8.42923e+00     8.65869e+00     1.01963e+01     1.26729e+01     1.67147e+01
   1.50023     2.08079e+01     1.88576e+01     1.51436e+01     1.12752e+01     8.97501e+00     8.26795e+00     8.52614e+00     9.74896e+00     1.11868e+01     1.51169e+01
   1.50637     2.09479e+01     1.80348e+01     1.49671e+01     1.11678e+01     8.59730e+00     7.64591e+00     7.52757e+00     8.92260e+00     1.20270e+01     1.49525e+01
   1.51251     2.01602e+01     1.74987e+01     1.39718e+01     1.03193e+01     8.19790e+00     7.25184e+00     6.45288e+00     8.31759e+00     1.09709e+01     1.39962e+01
   1.51864     2.01020e+01     1.72180e+01     1.34608e+01     9.57170e+00     7.51068e+00     6.06115e+00     6.86772e+00     7.91799e+00     1.07833e+01     1.34195e+01
   1.52478     1.94141e+01     1.63566e+01     1.32771e+01     8.86756e+00     6.57017e+00     5.86823e+00     6.18709e+00     7.67624e+00     9.78545e+00     1.32646e+01
   1.53091     1.89085e+01     1.72831e+01     1.27400e+01     9.17403e+00     6.68976e+00     5.30103e+00     5.91473e+00     6.81438e+00     9.30173e+00     1.23487e+01
   1.53705     1.79168e+01     1.57744e+01     1.27371e+01     8.49975e+00     6.25571e+00     5.16130e+00     5.67832e+00     6.06436e+00     8.69068e+00     1.20183e+01
   1.54318     1.85743e+01     1.51369e+01     1.14709e+01     8.40463e+00     5.98406e+00     4.27042e+00     4.45349e+00     6.36700e+00     8.92350e+00     1.10817e+01
   1.54932     1.74210e+01     1.52184e+01     1.14813e+01     7.98945e+00     5.81475e+00     4.01580e+00     4.65247e+00     5.38512e+00     7.43232e+00     1.07663e+01
   1.55546     1.69558e+01     1.58642e+01     1.05083e+01     7.81465e+00     5.63901e+00     3.87858e+00     3.88946e+00     5.09769e+00     6.95434e+00     1.01294e+01
   1.56159     1.67135e+01     1.51089e+01     1.04389e+01     7.26668e+00     4.37172e+00     3.36800e+00     3.61705e+00     4.47562e+00     6.38001e+00     9.23356e+00
   1.56773     1.69244e+01     1.38175e+01     9.87563e+00     6.31919e+00     4.50223e+00     2.61900e+00     2.69793e+00     3.58547e+00     6.34476e+00     9.27432e+00
   1.57386     1.55952e+01     1.36828e+01     9.52153e+00     5.93736e+00     3.74416e+00     2.98134e+00     2.68158e+00     3.46286e+00     5.29382e+00     9.24082e+00
   1.58000     1.55280e+01     1.31617e+01     9.93145e+00     5.75132e+00     3.81529e+00     2.23276e+00     2.65509e+00     3.50489e+00     5.56928e+00     7.62995e+00
   1.58614     1.52022e+01     1.28611e+01     8.36634e+00     5.30052e+00     3.25457e+00     1.42806e+00     1.95207e+00     2.88398e+00     5.44765e+00     7.34535e+00
   1.59227     1.47337e+01     1.19829e+01     8.69248e+00     4.94100e+00     2.40567e+00     1.82207e+00     1.11408e+00     2.26697e+00     4.60971e+00     6.77034e+00
   1.59841     1.42436e+01     1.18724e+01     7.99673e+00     4.44889e+00     2.48183e+00     1.49030e+00     7.63177e-01     1.99765e+00     3.84797e+00     6.79090e+00
   1.60454     1.43125e+01     1.12242e+01     7.53215e+00     3.69090e+00     1.70519e+00     8.20334e-01     3.47093e-01     1.62267e+00     3.42047e+00     5.94734e+00
   1.61068     1.37597e+01     1.09219e+01     7.30498e+00     3.74537e+00     7.01165e-01     5.61065e-01     4.27938e-01     1.44611e+00     2.58209e+00     5.23981e+00
   1.61682     1.38024e+01     1.01820e+01     6.87648e+00     3.24780e+00     7.18530e-01     2.26161e-01     4.54169e-01     7.75794e-01     2.95849e+00     5.16282e+00
   1.62295     1.34135e+01     1.05697e+01     6.37015e+00     2.60870e+00     6.21951e-01     4.69423e-01     7.00887e-01     5.88758e-01     1.84987e+00     4.50674e+00
   1.62909     1.24335e+01     9.55388e+00     5.84586e+00     2.62605e+00     3.59084e-01     1.17491e+00     8.94681e-01     5.29306e-02     1.93044e+00     4.22063e+00
   1.63522     1.25320e+01     9.62830e+00     5.03410e+00     2.48745e+00     2.04212e-01     1.48803e+00     1.14191e+00     2.22406e-01     9.86481e-01     3.95228e+00
   1.64136     1.23541e+01     8.87484e+00     5.57857e+00     2.07968e+00     3.34249e-01     1.02875e+00     1.75820e+00     9.66747e-01     1.13557e+00     3.00877e+00
   1.64750     1.14737e+01     8.95219e+00     4.90611e+00     1.67521e+00     6.89828e-01     1.87873e+00     2.16790e+00     1.50695e+00     3.10531e-01     2.26489e+00
   1.65363     1.10238e+01     8.29925e+00     4.80364e+00     1.49579e+00     1.37313e+00     2.04261e+00     2.91501e+00     1.88907e+00     1.58586e-01     2.08914e+00
   1.65977     1.09748e+01     7.70094e+00     3.52521e+00     5.94192e-01     1.70303e+00     2.85916e+00     2.82069e+00     2.49720e+00     5.31996e-02     2.14932e+00
   1.66590     1.00661e+01     7.55027e+00     3.67414e+00     5.82555e-01     2.08893e+00     2.89630e+00     3.15247e+00     2.41809e+00     9.81155e-01     1.28356e+00
   1.67204     9.74804e+00     7.13624e+00     3.30251e+00     2.05151e-01     2.62597e+00     3.06413e+00     4.04050e+00     2.95611e+00     1.26355e+00     8.03505e-01
   1.67817     9.65229e+00     7.17752e+00     3.02617e+00     4.35211e-01     2.37876e+00     3.84481e+00     3.63746e+00     2.75055e+00     2.04396e+00     6.85581e-01
   1.68431     9.25657e+00     6.23462e+00     2.25958e+00     7.00533e-01     2.55127e+00     3.91320e+00     4.04545e+00     3.49325e+00     1.71923e+00     3.95162e-02
   1.69045     8.71287e+00     6.23213e+00     2.54304e+00     1.19848e+00     3.11370e+00     4.18716e+00     4.75312e+00     3.84752e+00     2.03981e+00     2.37177e-01
   1.69658     8.71363e+00     5.51492e+00     1.84525e+00     1.19648e+00     3.35316e+00     4.36549e+00     4.83027e+00     4.26300e+00     2.66767e+00     1.07643e+00
   1.70272     8.38011e+00     5.44423e+00     1.54282e+00     2.07181e+00     3.82365e+00     5.17429e+00     5.51386e+00     4.60139e+00     2.89539e+00     8.75329e-01
   1.70885     7.84189e+00     5.31502e+00     8.74748e-01     2.30315e+00     4.23841e+00     5.47325e+00     5.28352e+00     4.97566e+00     3.67623e+00     1.22165e+00
   1.71499     7.52054e+00     4.36688e+00     8.22350e-01     2.41023e+00     4.33881e+00     5.78790e+00     6.07598e+00     5.35884e+00     3.98069e+00     1.94606e+00
   1.72113     7.00593e+00     3.96302e+00     7.05449e-01     2.79389e+00     4.77196e+00     5.86227e+00     6.05756e+00     5.59227e+00     4.76313e+00     2.18263e+00
   1.72726     6.40970e+00     3.90202e+00     1.72946e-01     3.25020e+00     5.15183e+00     6.19642e+00     6.79733e+00     5.74987e+00     4.62155e+00     2.71742e+00
   1.73340     6.47306e+00     3.62530e+00     1.07210e-01     3.81909e+00     5.30401e+00     6.64478e+00     6.85142e+00     6.10594e+00     5.16710e+00     3.26171e+00
   1.73953     6.37219e+00     3.28000e+00     4.67914e-01     3.90594e+00     5.89322e+00     7.09499e+00     6.92839e+00     6.49410e+00     5.48988e+00     3.67832e+00
   1.74567     5.82315e+00     2.94216e+00     9.02436e-01     4.21527e+00     6.26515e+00     7.16552e+00     7.79806e+00     6.73097e+00     5.57298e+00     3.93829e+00
   1.75181     5.43072e+00     2.66104e+00     1.41390e+00     4.33356e+00     6.72812e+00     7.68098e+00     7.91100e+00     7.18943e+00     5.91778e+00     4.36343e+00
   1.75794     5.18221e+00     2.10434e+00     1.29839e+00     4.61057e+00     6.49128e+00     8.15008e+00     8.14958e+00     7.65615e+00     6.12716e+00     4.37528e+00
   1.76408     4.63005e+00     1.64391e+00     1.93094e+00     4.68712e+00     6.87684e+00     8.34058e+00     8.57933e+00     7.82466e+00     6.68631e+00     4.95562e+00
   1.77021     4.38225e+00     1.78182e+00     1.49516e+00     5.21140e+00     7.41065e+00     8.50995e+00     8.74121e+00     8.33694e+00     7.10784e+00     5.13819e+00
   1.77635     4.00227e+00     1.42756e+00     2.38269e+00     5.16099e+00     7.89873e+00     8.88739e+00     8.77534e+00     8.85367e+00     7.31814e+00     5.91517e+00
   1.78249     3.36513e+00     6.43382e-01     3.15473e+00     5.98550e+00     7.77164e+00     9.30005e+00     9.54649e+00     8.76681e+00     7.41906e+00     6.17997e+00
   1.78862     3.38804e+00     7.79354e-01     3.22739e+00     6.14302e+00     8.44628e+00     9.44240e+00     9.77812e+00     9.06326e+00     7.80920e+00     6.41747e+00
   1.79476     3.27475e+00     3.45889e-01     3.42533e+00     6.54562e+00     8.67845e+00     9.49423e+00     9.78483e+00     9.36899e+00     8.55306e+00     6.60118e+00
   1.80089     2.76046e+00     2.23315e-02     3.34830e+00     6.91671e+00     8.93440e+00     1.02760e+01     9.99703e+00     1.01440e+01     8.48271e+00     7.08232e+00
   1.80703     2.23589e+00     3.85187e-01     4.18428e+00     7.10394e+00     9.04468e+00     1.04544e+01     1.05325e+01     1.00519e+01     8.97696e+00     6.89782e+00
   1.81317     2.25015e+00     8.47940e-01     4.38843e+00     7.37761e+00     9.50855e+00     1.05895e+01     1.05418e+01     1.01962e+01     9.49144e+00     7.56588e+00
   1.81930     2.32607e+00     9.99737e-01     4.55497e+00     7.92610e+00     1.00279e+01     1.11273e+01     1.09803e+01     1.02885e+01     9.52665e+00     7.90672e+00
   1.82544     1.65240e+00     1.11786e+00     5.13919e+00     8.50236e+00     1.00746e+01     1.11133e+01     1.15615e+01     1.13334e+01     9.65745e+00     8.06813e+00
   1.83157     8.22073e-01     1.08097e+00     5.12835e+00     8.50004e+00     1.04025e+01     1.11067e+01     1.13311e+01     1.11162e+01     1.03825e+01     8.48764e+00
   1.83771     1.11376e+00     1.98478e+00     5.71852e+00     8.64591e+00     1.06877e+01     1.17306e+01     1.18152e+01     1.17270e+01     1.04840e+01     8.97804e+00
   1.84384     3.70611e-01     2.27332e+00     5.96662e+00     8.88193e+00     1.11189e+01     1.21194e+01     1.21344e+01     1.17123e+01     1.07015e+01     9.00529e+00
   1.84998     2.89835e-01     2.78700e+00     5.87732e+00     9.15375e+00     1.12113e+01     1.21746e+01     1.24966e+01     1.21128e+01     1.09877e+01     9.53257e+00
   1.85612     3.06115e-01     2.85648e+00     6.09511e+00     9.34233e+00     1.18136e+01     1.25811e+01     1.29599e+01     1.22976e+01     1.11875e+01     9.82924e+00
   1.86225     1.59662e-01     3.12683e+00     6.87570e+00     9.59251e+00     1.14537e+01     1.27606e+01     1.30961e+01     1.25424e+01     1.17865e+01     1.03242e+01
   1.86839     3.68487e-01     3.43494e+00     7.02557e+00     1.01927e+01     1.18427e+01     1.31051e+01     1.31069e+01     1.24580e+01     1.19847e+01     1.06455e+01
   1.87452     1.12827e+00     3.77985e+00     7.08481e+00     1.02840e+01     1.25171e+01     1.34428e+01     1.33184e+01     1.30882e+01     1.20971e+01     1.04666e+01
   1.88066     1.15207e+00     3.73339e+00     7.68935e+00     1.03814e+01     1.24203e+01     1.32963e+01     1.36921e+01     1.34225e+01     1.22170e+01     1.09622e+01
   1.88680     1.32859e+00     4.13971e+00     7.67481e+00     1.07963e+01     1.30060e+01     1.36494e+01     1.41525e+01     1.34145e+01     1.28993e+01     1.13646e+01
   1.89293     1.82584e+00     4.48599e+00     7.93929e+00     1.14508e+01     1.32968e+01     1.42850e+01     1.43440e+01     1.38257e+01     1.30973e+01     1.17472e+01
   1.89907     1.63319e+00     4.50673e+00     8.61788e+00     1.12443e+01     1.33607e+01     1.40740e+01     1.43591e+01     1.39668e+01     1.32910e+01     1.20219e+01
   1.90520     2.29752e+00     4.94189e+00     8.69219e+00     1.17289e+01     1.36488e+01     1.48119e+01     1.46799e+01     1.42681e+01     1.34445e+01     1.22618e+01
   1.91134     2.66257e+00     5.22209e+00     8.97717e+00     1.21631e+01     1.38897e+01     1.46890e+01     1.50003e+01     1.48070e+01     1.39698e+01     1.26191e+01
   1.91748     2.76659e+00     5.47287e+00     9.08234e+00     1.23223e+01     1.41541e+01     1.50903e+01     1.50113e+01     1.49871e+01     1.42373e+01     1.27272e+01
   1.92361     2.87681e+00     5.70029e+00     9.58697e+00     1.23137e+01     1.43741e+01     1.54111e+01     1.55719e+01     1.56480e+01     1.43854e+01     1.29911e+01
   1.92975     2.93514e+00     6.36393e+00     9.69749e+00     1.27661e+01     1.41950e+01     1.54010e+01     1.57437e+01     1.54488e+01     1.46716e+01     1.34778e+01
   1.93588     3.54375e+00     6.50191e+00     9.66431e+00     1.28161e+01     1.49668e+01     1.59203e+01     1.59015e+01     1.56798e+01     1.49344e+01     1.35268e+01
   1.94202     3.60771e+00     6.72393e+00     1.03175e+01     1.31479e+01     1.49671e+01     1.64076e+01     1.64566e+01     1.57978e+01     1.53033e+01     1.35985e+01
   1.94816     4.32662e+00     6.53486e+00     1.04733e+01     1.34545e+01     1.53905e+01     1.62513e+01     1.65467e+01     1.61170e+01     1.57423e+01     1.44040e+01
   1.95429     4.14773e+00     7.09697e+00     1.08866e+01     1.38387e+01     1.56299e+01     1.64214e+01     1.64866e+01     1.64353e+01     1.54630e+01     1.46524e+01
   1.96043     4.64131e+00     7.22941e+00     1.10346e+01     1.41164e+01     1.58638e+01     1.69793e+01     1.68063e+01     1.66824e+01     1.58500e+01     1.44210e+01
   1.96656     5.01122e+00     7.43399e+00     1.14375e+01     1.43015e+01     1.58721e+01     1.66934e+01     1.70863e+01     1.67905e+01     1.62405e+01     1.50555e+01
   1.97270     5.03223e+00     8.07366e+00     1.15624e+01     1.43136e+01     1.62783e+01     1.70186e+01     1.74765e+01     1.70597e+01     1.63659e+01     1.50896e+01
   1.97884     5.21687e+00     8.23974e+00     1.17987e+01     1.48010e+01     1.64737e+01     1.72267e+01     1.77048e+01     1.74707e+01     1.67419e+01     1.51798e+01
   1.98497     5.77547e+00     8.32630e+00     1.20577e+01     1.50094e+01     1.66147e+01     1.77553e+01     1.76386e+01     1.75306e+01     1.66707e+01     1.53444e+01
   1.99111     6.01532e+00     8.98027e+00     1.23232e+01     1.49068e+01     1.67351e+01     1.77375e+01     1.81225e+01     1.77160e+01     1.69649e+01     1.59969e+01
   1.99724     6.29763e+00     9.30288e+00     1.27637e+01     1.53201e+01     1.70870e+01     1.83795e+01     1.83902e+01     1.80477e+01     1.74438e+01     1.59855e+01
   2.00338     6.28201e+00     9.00681e+00     1.29115e+01     1.56412e+01     1.73399e+01     1.81270e+01     1.88086e+01     1.81815e+01     1.73620e+01     1.60517e+01
   2.00951     6.68130e+00     9.43279e+00     1.29875e+01     1.59716e+01     1.73996e+01     1.85052e+01     1.88007e+01     1.84717e+01     1.79097e+01     1.68242e+01
   2.01565     7.19945e+00     1.00892e+01     1.34819e+01     1.57099e+01     1.77424e+01     1.85970e+01     1.90906e+01     1.87353e+01     1.80131e+01     1.68410e+01
   2.02179     7.46114e+00     1.02128e+01     1.37402e+01     1.61813e+01     1.79038e+01     1.88291e+01     1.92451e+01     1.87551e+01     1.83181e+01     1.70770e+01
   2.02792     7.64352e+00     9.95580e+00     1.37781e+01     1.65492e+01     1.81750e+01     1.90633e+01     1.94890e+01     1.89585e+01     1.82327e+01     1.72972e+01
   2.03406     7.71320e+00     1.02784e+01     1.40622e+01     1.70604e+01     1.82511e+01     1.92811e+01     1.95541e+01     1.93102e+01     1.87546e+01     1.76356e+01
   2.04019     8.19261e+00     1.09160e+01     1.40855e+01     1.67311e+01     1.86109e+01     1.96748e+01     2.00518e+01     1.97608e+01     1.88953e+01     1.75912e+01
   2.04633     8.39996e+00     1.09670e+01     1.44255e+01     1.71250e+01     1.90499e+01     1.98278e+01     1.98872e+01     1.97819e+01     1.91715e+01     1.80065e+01
   2.05247     8.33176e+00     1.13397e+01     1.49998e+01     1.73281e+01     1.89977e+01     1.99686e+01     2.01196e+01     2.00388e+01     1.92573e+01     1.80594e+01
   2.05860     8.47358e+00     1.16376e+01     1.49672e+01     1.76660e+01     1.92915e+01     2.01233e+01     2.02450e+01     2.00701e+01     1.94952e+01     1.84961e+01
   2.06474     8.79174e+00     1.18639e+01     1.52460e+01     1.77540e+01     1.95444e+01     2.05552e+01     2.05829e+01     2.05077e+01     1.99678e+01     1.86391e+01
   2.07087     9.03722e+00     1.23047e+01     1.52844e+01     1.80881e+01     1.97449e+01     2.04154e+01     2.09271e+01     2.06075e+01     1.99359e+01     1.90463e+01
   2.07701     9.09570e+00     1.20913e+01     1.55095e+01     1.81427e+01     1.99019e+01     2.07650e+01     2.10894e+01     2.07278e+01     2.00848e+01     1.89795e+01
   2.08315     9.59897e+00     1.24467e+01     1.56728e+01     1.85436e+01     2.02152e+01     2.09920e+01     2.12219e+01     2.10373e+01     2.04303e+01     1.94135e+01
   2.08928     9.94611e+00     1.27084e+01     1.61879e+01     1.89103e+01     2.01203e+01     2.13232e+01     2.12150e+01     2.13065e+01     2.05386e+01     1.94994e+01
   2.09542     1.00655e+01     1.29162e+01     1.63187e+01     1.87070e+01     2.04084e+01     2.13697e+01     2.17675e+01     2.14638e+01     2.07990e+01     1.98005e+01
   2.10155     1.03350e+01     1.30552e+01     1.63072e+01     1.89269e+01     2.07426e+01     2.15407e+01     2.20572e+01     2.16069e+01     2.11411e+01     1.98516e+01
   2.10769     1.06270e+01     1.32239e+01     1.66006e+01     1.90937e+01     2.09182e+01     2.18554e+01     2.21183e+01     2.19058e+01     2.12428e+01     2.01140e+01
   2.11383     1.10325e+01     1.34259e+01     1.69480e+01     1.97706e+01     2.12177e+01     2.20069e+01     2.23090e+01     2.19243e+01     2.16235e+01     2.03477e+01
   2.11996     1.10531e+01     1.38409e+01     1.73103e+01     1.95550e+01     2.14677e+01     2.22116e+01     2.23426e+01     2.22217e+01     2.14683e+01     2.06885e+01
   2.12610     1.11790e+01     1.39187e+01     1.73911e+01     1.98992e+01     2.16488e+01     2.25004e+01     2.25254e+01     2.24086e+01     2.15520e+01     2.07271e+01
   2.13223     1.15116e+01     1.41455e+01     1.73201e+01     1.99063e+01     2.14245e+01     2.26052e+01     2.28382e+01     2.27424e+01     2.20363e+01     2.07318e+01
   2.13837     1.17068e+01     1.43224e+01     1.73483e+01     2.02696e+01     2.18393e+01     2.24751e+01     2.29036e+01     2.27063e+01     2.20766e+01     2.12475e+01
   2.14451     1.18673e+01     1.44809e+01     1.77823e+01     2.05687e+01     2.19400e+01     2.28816e+01     2.32111e+01     2.29984e+01     2.23340e+01     2.12866e+01
   2.15064     1.19328e+01     1.48222e+01     1.81368e+01     2.07726e+01     2.22307e+01     2.32291e+01     2.33966e+01     2.30843e+01     2.24594e+01     2.13916e+01
   2.15678     1.25460e+01     1.51078e+01     1.82100e+01     2.08260e+01     2.22966e+01     2.33657e+01     2.36041e+01     2.32411e+01     2.26970e+01     2.16282e+01
   2.16291     1.25895e+01     1.51220e+01     1.84051e+01     2.10997e+01     2.25806e+01     2.33359e+01     2.36569e+01     2.34671e+01     2.29616e+01     2.18063e+01
   2.16905     1.27521e+01     1.54184e+01     1.86793e+01     2.12273e+01     2.29598e+01     2.36742e+01     2.37695e+01     2.38454e+01     2.30132e+01     2.20776e+01
   2.17518     1.30748e+01     1.57190e+01     1.88150e+01     2.12279e+01     2.30167e+01     2.38267e+01     2.41497e+01     2.38435e+01     2.33122e+01     2.22626e+01
   2.18132     1.32143e+01     1.59480e+01     1.91965e+01     2.16512e+01     2.32438e+01     2.39243e+01     2.42549e+01     2.40708e+01     2.32951e+01     2.25278e+01
   2.18746     1.34865e+01     1.59677e+01     1.93265e+01     2.19834e+01     2.32670e+01     2.41465e+01     2.44216e+01     2.41828e+01     2.34753e+01     2.26361e+01
   2.19359     1.36545e+01     1.63399e+01     1.95411e+01     2.19130e+01     2.34334e+01     2.43643e+01     2.45920e+01     2.42746e+01     2.38358e+01     2.28194e+01
   2.19973     1.40597e+01     1.65228e+01     1.96136e+01     2.20841e+01     2.35240e+01     2.44825e+01     2.45653e+01     2.44731e+01     2.41369e+01     2.29344e+01
   2.20586     1.41436e+01     1.66925e+01     1.98833e+01     2.24516e+01     2.38856e+01     2.45494e+01     2.48111e+01     2.46894e+01     2.42112e+01     2.29444e+01
   2.21200     1.42473e+01     1.67256e+01     2.00407e+01     2.25028e+01     2.39385e+01     2.48017e+01     2.50084e+01     2.48630e+01     2.42149e+01     2.34558e+01
   2.21814     1.47666e+01     1.69662e+01     2.04671e+01     2.27863e+01     2.41579e+01     2.49054e+01     2.51586e+01     2.50309e+01     2.43301e+01     2.35292e+01
   2.22427     1.46780e+01     1.70427e+01     2.04262e+01     2.28626e+01     2.43729e+01     2.52404e+01     2.52971e+01     2.53476e+01     2.47778e+01     2.35331e+01
   2.23041     1.49043e+01     1.74215e+01     2.04264e+01     2.31413e+01     2.45500e+01     2.52499e+01     2.56144e+01     2.54571e+01     2.49917e+01     2.40024e+01
   2.23654     1.49659e+01     1.79367e+01     2.08858e+01     2.32216e+01     2.46964e+01     2.55294e+01     2.57558e+01     2.56184e+01     2.51149e+01     2.41131e+01
   2.24268     1.54124e+01     1.79160e+01     2.09637e+01     2.33719e+01     2.48526e+01     2.56954e+01     2.60134e+01     2.57479e+01     2.52459e+01     2.41302e+01
   2.24882     1.56952e+01     1.81382e+01     2.09467e+01     2.35377e+01     2.48646e+01     2.57335e+01     2.62090e+01     2.60897e+01     2.52495e+01     2.44153e+01
   2.25495     1.58090e+01     1.83194e+01     2.14240e+01     2.35409e+01     2.51192e+01     2.61217e+01     2.62401e+01     2.61846e+01     2.56767e+01     2.44839e+01
   2.26109     1.59480e+01     1.83512e+01     2.15779e+01     2.38827e+01     2.53782e+01     2.61954e+01     2.64725e+01     2.63008e+01     2.56061e+01     2.49279e+01
   2.26722     1.60851e+01     1.86903e+01     2.19598e+01     2.41610e+01     2.54899e+01     2.63100e+01     2.66087e+01     2.65440e+01     2.58019e+01     2.47604e+01
   2.27336     1.62595e+01     1.89132e+01     2.19551e+01     2.43791e+01     2.56745e+01     2.65019e+01     2.67423e+01     2.65420e+01     2.59667e+01     2.50138e+01
   2.27950     1.64925e+01     1.90006e+01     2.21369e+01     2.41709e+01     2.58588e+01     2.65980e+01     2.69370e+01     2.67720e+01     2.62333e+01     2.51485e+01
   2.28563     1.64937e+01     1.90010e+01     2.20822e+01     2.46691e+01     2.60448e+01     2.67888e+01     2.69289e+01     2.69449e+01     2.63665e+01     2.55027e+01
   2.29177     1.66999e+01     1.92926e+01     2.24647e+01     2.47569e+01     2.61797e+01     2.69262e+01     2.70827e+01     2.71105e+01     2.64763e+01     2.55097e+01
   2.29790     1.70585e+01     1.96672e+01     2.25615e+01     2.50335e+01     2.63542e+01     2.70081e+01     2.74030e+01     2.71855e+01     2.65097e+01     2.56748e+01
   2.30404     1.69744e+01     1.99091e+01     2.28184e+01     2.50717e+01     2.65735e+01     2.72230e+01     2.74293e+01     2.72374e+01     2.68754e+01     2.57611e+01
   2.31018     1.73682e+01     1.99677e+01     2.29493e+01     2.52019e+01     2.67532e+01     2.75893e+01     2.75103e+01     2.74510e+01     2.69187e+01     2.60965e+01
   2.31631     1.75688e+01     2.01141e+01     2.29973e+01     2.55323e+01     2.67418e+01     2.75350e+01     2.76428e+01     2.77270e+01     2.72004e+01     2.60529e+01
   2.32245     1.78975e+01     2.02359e+01     2.33631e+01     2.55829e+01     2.70070e+01     2.75936e+01     2.78701e+01     2.77149e+01     2.73451e+01     2.61677e+01
   2.32858     1.79974e+01     2.04513e+01     2.34845e+01     2.56296e+01     2.71723e+01     2.77617e+01     2.82207e+01     2.80512e+01     2.75098e+01     2.62374e+01
   2.33472     1.81762e+01     2.04593e+01     2.37025e+01     2.60965e+01     2.73435e+01     2.79778e+01     2.81378e+01     2.80782e+01     2.75484e+01     2.65278e+01
   2.34085     1.83525e+01     2.07379e+01     2.37945e+01     2.59131e+01     2.74316e+01     2.83176e+01     2.83659e+01     2.82840e+01     2.76003e+01     2.67501e+01
   2.34699     1.85968e+01     2.09026e+01     2.39838e+01     2.62289e+01     2.76111e+01     2.84128e+01     2.84839e+01     2.85086e+01     2.78430e+01     2.69203e+01
   2.35313     1.87951e+01     2.12542e+01     2.41991e+01     2.63202e+01     2.78248e+01     2.83286e+01     2.87611e+01     2.86489e+01     2.79882e+01     2.69690e+01
   2.35926     1.88790e+01     2.11974e+01     2.44013e+01     2.64060e+01     2.77948e+01     2.86708e+01     2.87442e+01     2.87078e+01     2.81013e+01     2.71315e+01
   2.36540     1.88427e+01     2.13943e+01     2.43689e+01     2.65842e+01     2.79744e+01     2.88677e+01     2.89798e+01     2.88233e+01     2.82763e+01     2.71949e+01
   2.37153     1.90224e+01     2.18319e+01     2.46384e+01     2.68317e+01     2.80386e+01     2.90288e+01     2.89096e+01     2.89867e+01     2.84474e+01     2.75036e+01
   2.37767     1.95160e+01     2.20451e+01     2.48597e+01     2.69167e+01     2.83892e+01     2.90897e+01     2.93727e+01     2.90410e+01     2.85569e+01     2.74251e+01
   2.38381     1.96070e+01     2.21879e+01     2.48814e+01     2.69967e+01     2.84352e+01     2.91226e+01     2.94147e+01     2.93090e+01     2.86420e+01     2.76367e+01
   2.38994     1.97327e+01     2.21671e+01     2.51255e+01     2.71464e+01     2.85141e+01     2.92449e+01     2.96604e+01     2.93049e+01     2.85871e+01     2.77528e+01
   2.39608     1.98569e+01     2.24273e+01     2.52862e+01     2.74537e+01     2.87585e+01     2.93930e+01     2.97543e+01     2.94739e+01     2.90312e+01     2.78091e+01
   2.40221     2.00350e+01     2.25997e+01     2.53887e+01     2.74580e+01     2.88463e+01     2.94766e+01     2.98170e+01     2.95581e+01     2.91671e+01     2.79283e+01
   2.40835     2.00518e+01     2.27189e+01     2.55416e+01     2.76216e+01     2.89448e+01     2.96593e+01     2.99553e+01     2.98607e+01     2.93059e+01     2.81896e+01
   2.41449     2.02019e+01     2.27825e+01     2.55935e+01     2.78478e+01     2.92310e+01     2.96860e+01     3.00660e+01     3.00161e+01     2.95380e+01     2.83901e+01
   2.42062     2.05870e+01     2.29068e+01     2.57781e+01     2.80483e+01     2.93156e+01     3.01338e+01     3.01726e+01     3.01759e+01     2.95549e+01     2.83226e+01
   2.42676     2.06908e+01     2.31932e+01     2.60592e+01     2.81604e+01     2.94649e+01     3.01151e+01     3.03900e+01     3.02912e+01     2.97489e+01     2.86624e+01
   2.43289     2.08103e+01     2.34493e+01     2.61935e+01     2.82886e+01     2.96603e+01     3.02321e+01     3.04487e+01     3.04918e+01     2.97736e+01     2.86860e+01
   2.43903     2.09767e+01     2.33643e+01     2.63246e+01     2.82957e+01     2.96354e+01     3.04066e+01     3.06347e+01     3.05489e+01     2.99496e+01     2.87721e+01
   2.44517     2.11672e+01     2.36987e+01     2.65601e+01     2.86137e+01     2.98502e+01     3.04648e+01     3.08195e+01     3.06652e+01     3.00567e+01     2.89776e+01
   2.45130     2.13869e+01     2.38421e+01     2.67151e+01     2.85628e+01     3.00077e+01     3.06733e+01     3.08011e+01     3.07020e+01     3.01018e+01     2.90974e+01
   2.45744     2.14345e+01     2.40996e+01     2.66457e+01     2.86333e+01     3.00738e+01     3.05826e+01     3.10002e+01     3.08785e+01     3.03413e+01     2.92982e+01
   2.46357     2.14802e+01     2.42420e+01     2.69434e+01     2.88950e+01     3.03790e+01     3.09200e+01     3.12234e+01     3.10006e+01     3.04551e+01     2.93466e+01
   2.46971     2.17010e+01     2.41640e+01     2.70711e+01     2.91733e+01     3.05423e+01     3.09631e+01     3.14545e+01     3.12673e+01     3.05076e+01     2.94400e+01
   2.47584     2.18025e+01     2.44797e+01     2.71797e+01     2.92073e+01     3.05210e+01     3.12987e+01     3.15575e+01     3.13473e+01     3.06683e+01     2.95568e+01
   2.48198     2.20294e+01     2.45567e+01     2.72706e+01     2.93953e+01     3.06259e+01     3.13054e+01     3.15933e+01     3.14890e+01     3.07480e+01     2.97854e+01
   2.48812     2.21384e+01     2.46858e+01     2.74076e+01     2.94461e+01     3.08909e+01     3.14696e+01     3.16242e+01     3.16023e+01     3.09083e+01     2.97834e+01
   2.49425     2.25221e+01     2.48329e+01     2.76488e+01     2.96932e+01     3.08663e+01     3.15416e+01     3.18980e+01     3.16426e+01     3.10928e+01     2.98599e+01
   2.50039     2.25975e+01     2.49026e+01     2.78203e+01     2.96405e+01     3.10596e+01     3.17142e+01     3.19614e+01     3.18609e+01     3.11605e+01     3.00023e+01
   2.50652     2.28051e+01     2.52192e+01     2.79503e+01     2.98664e+01     3.11471e+01     3.18522e+01     3.20592e+01     3.18442e+01     3.14637e+01     3.00752e+01
   2.51266     2.28048e+01     2.51107e+01     2.81171e+01     2.99999e+01     3.12508e+01     3.19336e+01     3.23497e+01     3.21230e+01     3.13816e+01     3.02061e+01
   2.51880     2.29796e+01     2.53921e+01     2.82446e+01     3.01309e+01     3.14053e+01     3.20120e+01     3.22291e+01     3.22132e+01     3.14667e+01     3.03177e+01
   2.52493     2.28477e+01     2.55543e+01     2.83428e+01     3.03084e+01     3.15085e+01     3.21834e+01     3.25704e+01     3.23230e+01     3.18084e+01     3.05506e+01
   2.53107     2.31915e+01     2.58722e+01     2.83530e+01     3.03626e+01     3.16909e+01     3.22798e+01     3.24702e+01     3.23850e+01     3.17117e+01     3.06437e+01
   2.53720     2.34528e+01     2.58292e+01     2.85918e+01     3.04707e+01     3.18291e+01     3.23905e+01     3.26257e+01     3.24626e+01     3.19023e+01     3.09018e+01
   2.54334     2.34147e+01     2.59672e+01     2.86110e+01     3.06270e+01     3.18182e+01     3.26053e+01     3.27151e+01     3.27481e+01     3.20564e+01     3.07948e+01
   2.54948     2.37575e+01     2.60511e+01     2.87806e+01     3.06692e+01     3.18385e+01     3.26517e+01     3.29133e+01     3.27850e+01     3.22355e+01     3.09739e+01
   2.55561     2.37272e+01     2.63462e+01     2.88228e+01     3.08443e+01     3.21576e+01     3.28413e+01     3.29830e+01     3.29482e+01     3.22153e+01     3.08704e+01
   2.56175     2.40868e+01     2.64761e+01     2.91427e+01     3.10085e+01     3.22036e+01     3.29157e+01     3.30911e+01     3.29778e+01     3.24020e+01     3.11506e+01
   2.56788     2.40560e+01     2.64978e+01     2.91756e+01     3.11120e+01     3.21752e+01     3.30194e+01     3.33413e+01     3.30611e+01     3.23727e+01     3.10940e+01
   2.57402     2.42492e+01     2.66361e+01     2.92758e+01     3.12469e+01     3.24014e+01     3.31750e+01     3.33856e+01     3.32303e+01     3.27272e+01     3.13384e+01
   2.58016     2.43707e+01     2.70602e+01     2.96148e+01     3.13622e+01     3.26483e+01     3.32434e+01     3.35081e+01     3.33518e+01     3.26082e+01     3.14099e+01
   2.58629     2.44458e+01     2.70057e+01     2.94914e+01     3.15413e+01     3.27100e+01     3.34208e+01     3.35743e+01     3.33767e+01     3.28659e+01     3.16374e+01
   2.59243     2.45610e+01     2.70247e+01     2.97673e+01     3.16342e+01     3.28127e+01     3.34408e+01     3.38611e+01     3.36481e+01     3.29857e+01     3.17338e+01
   2.59856     2.48245e+01     2.72146e+01     2.96668e+01     3.17014e+01     3.29870e+01     3.35847e+01     3.37838e+01     3.37034e+01     3.30074e+01     3.18405e+01
   2.60470     2.48200e+01     2.73383e+01     2.99610e+01     3.19345e+01     3.30277e+01     3.36446e+01     3.40181e+01     3.38277e+01     3.31305e+01     3.18359e+01
   2.61084     2.48535e+01     2.75423e+01     3.00076e+01     3.19208e+01     3.31796e+01     3.36989e+01     3.39861e+01     3.39741e+01     3.32200e+01     3.20316e+01
   2.61697     2.51713e+01     2.75933e+01     3.03228e+01     3.20304e+01     3.32336e+01     3.39508e+01     3.42478e+01     3.40913e+01     3.33832e+01     3.21466e+01
   2.62311     2.52344e+01     2.76019e+01     3.03070e+01     3.22002e+01     3.33704e+01     3.41138e+01     3.42824e+01     3.42568e+01     3.34883e+01     3.21171e+01
   2.62924     2.53877e+01     2.79636e+01     3.04102e+01     3.23798e+01     3.33289e+01     3.40733e+01     3.43676e+01     3.41989e+01     3.36387e+01     3.21159e+01
   2.63538     2.55520e+01     2.79011e+01     3.03555e+01     3.23390e+01     3.35681e+01     3.43337e+01     3.45465e+01     3.42622e+01     3.36035e+01     3.22679e+01
   2.64151     2.55653e+01     2.81846e+01     3.07172e+01     3.24730e+01     3.37328e+01     3.43168e+01     3.46347e+01     3.44782e+01     3.38397e+01     3.23684e+01
   2.64765     2.58002e+01     2.82580e+01     3.07878e+01     3.26038e+01     3.37489e+01     3.44780e+01     3.47637e+01     3.45516e+01     3.38693e+01     3.24209e+01
   2.65379     2.58853e+01     2.81691e+01     3.08308e+01     3.26553e+01     3.39566e+01     3.45420e+01     3.48192e+01     3.45926e+01     3.39567e+01     3.24976e+01
   2.65992     2.60885e+01     2.84664e+01     3.09351e+01     3.28210e+01     3.40260e+01     3.47801e+01     3.49707e+01     3.48256e+01     3.41172e+01     3.25932e+01
   2.66606     2.61516e+01     2.84764e+01     3.10926e+01     3.28400e+01     3.40778e+01     3.47746e+01     3.51007e+01     3.49499e+01     3.41533e+01     3.26605e+01
   2.67219     2.63334e+01     2.86591e+01     3.12236e+01     3.30460e+01     3.41631e+01     3.48785e+01     3.51129e+01     3.50200e+01     3.42967e+01     3.27182e+01
   2.67833     2.64645e+01     2.89285e+01     3.14565e+01     3.31009e+01     3.43889e+01     3.50181e+01     3.52851e+01     3.50575e+01     3.44453e+01     3.28373e+01
   2.68447     2.64933e+01     2.89109e+01     3.14371e+01     3.33577e+01     3.43360e+01     3.51500e+01     3.53430e+01     3.51520e+01     3.45238e+01     3.30378e+01
   2.69060     2.67111e+01     2.89589e+01     3.15310e+01     3.33612e+01     3.45161e+01     3.52115e+01     3.54202e+01     3.52583e+01     3.46128e+01     3.30362e+01
   2.69674     2.67602e+01     2.90850e+01     3.17344e+01     3.35465e+01     3.46116e+01     3.52617e+01     3.55526e+01     3.54836e+01     3.47557e+01     3.31173e+01
   2.70287     2.68516e+01     2.91370e+01     3.18834e+01     3.36761e+01     3.46959e+01     3.53548e+01     3.56720e+01     3.55183e+01     3.49049e+01     3.31508e+01
   2.70901     2.70059e+01     2.94002e+01     3.19086e+01     3.36659e+01     3.47853e+01     3.55240e+01     3.57633e+01     3.55465e+01     3.49773e+01     3.32554e+01
   2.71515     2.70465e+01     2.95329e+01     3.20113e+01     3.37979e+01     3.49118e+01     3.56496e+01     3.58754e+01     3.56897e+01     3.48932e+01     3.32962e+01
   2.72128     2.72869e+01     2.95589e+01     3.20848e+01     3.39390e+01     3.50443e+01     3.56910e+01     3.60171e+01     3.57872e+01     3.51218e+01     3.33973e+01
   2.72742     2.74631e+01     2.95005e+01     3.22109e+01     3.39262e+01     3.51832e+01     3.57902e+01     3.60504e+01     3.60288e+01     3.51789e+01     3.36563e+01
   2.73355     2.74425e+01     2.98849e+01     3.23277e+01     3.40814e+01     3.52803e+01     3.59782e+01     3.61608e+01     3.60089e+01     3.52792e+01     3.35309e+01
   2.73969     2.75980e+01     2.99633e+01     3.23602e+01     3.40937e+01     3.53547e+01     3.60280e+01     3.63235e+01     3.60727e+01     3.53895e+01     3.37179e+01
   2.74583     2.77100e+01     2.99784e+01     3.24203e+01     3.42210e+01     3.54844e+01     3.61076e+01     3.63278e+01     3.63047e+01     3.54979e+01     3.38126e+01
   2.75196     2.77230e+01     3.00808e+01     3.26191e+01     3.43716e+01     3.55155e+01     3.62271e+01     3.64621e+01     3.64130e+01     3.56503e+01     3.39245e+01
   2.75810     2.78119e+01     3.00557e+01     3.27353e+01     3.44601e+01     3.56085e+01     3.63053e+01     3.65471e+01     3.63696e+01     3.56362e+01     3.38335e+01
   2.76423     2.80593e+01     3.04136e+01     3.28360e+01     3.45571e+01     3.57255e+01     3.63627e+01     3.66964e+01     3.64238e+01     3.56924e+01     3.40179e+01
   2.77037     2.80893e+01     3.04273e+01     3.29327e+01     3.46895e+01     3.58723e+01     3.65605e+01     3.68063e+01     3.65949e+01     3.58322e+01     3.40686e+01
   2.77651     2.82377e+01     3.05532e+01     3.29259e+01     3.47451e+01     3.59531e+01     3.66760e+01     3.69196e+01     3.66833e+01     3.59612e+01     3.41684e+01
   2.78264     2.83738e+01     3.05491e+01     3.31066e+01     3.47797e+01     3.60194e+01     3.66608e+01     3.69844e+01     3.67790e+01     3.59098e+01     3.42876e+01
   2.78878     2.83727e+01     3.07529e+01     3.31869e+01     3.50235e+01     3.61302e+01     3.67315e+01     3.70430e+01     3.69027e+01     3.60792e+01     3.42412e+01
   2.79491     2.84526e+01     3.08123e+01     3.32735e+01     3.51476e+01     3.61782e+01     3.67990e+01     3.71456e+01     3.70031e+01     3.62389e+01     3.42371e+01
   2.80105     2.86466e+01     3.09388e+01     3.35195e+01     3.50916e+01     3.62847e+01     3.69119e+01     3.71238e+01     3.70754e+01     3.62566e+01     3.43960e+01
   2.80718     2.86124e+01     3.10184e+01     3.34684e+01     3.52135e+01     3.64982e+01     3.71511e+01     3.73201e+01     3.71281e+01     3.63259e+01     3.44704e+01
   2.81332     2.88271e+01     3.09939e+01     3.35918e+01     3.52875e+01     3.64665e+01     3.71552e+01     3.74391e+01     3.72532e+01     3.64081e+01     3.46314e+01
   2.81946     2.89378e+01     3.12988e+01     3.35787e+01     3.54055e+01     3.64697e+01     3.72734e+01     3.75392e+01     3.73193e+01     3.65363e+01     3.46515e+01
   2.82559     2.90126e+01     3.13435e+01     3.37424e+01     3.55102e+01     3.66352e+01     3.73148e+01     3.76794e+01     3.75767e+01     3.66787e+01     3.46770e+01
   2.83173     2.90925e+01     3.14928e+01     3.38191e+01     3.55742e+01     3.66870e+01     3.74319e+01     3.76075e+01     3.75464e+01     3.66580e+01     3.47218e+01
   2.83786     2.91947e+01     3.14977e+01     3.38858e+01     3.57525e+01     3.68198e+01     3.75358e+01     3.77465e+01     3.75590e+01     3.67786e+01     3.47952e+01
   2.84400     2.93610e+01     3.16670e+01     3.41323e+01     3.58071e+01     3.68868e+01     3.75938e+01     3.78715e+01     3.77434e+01     3.68662e+01     3.48844e+01
   2.85014     2.94961e+01     3.16020e+01     3.40859e+01     3.58494e+01     3.69741e+01     3.76923e+01     3.78840e+01     3.77561e+01     3.70533e+01     3.49253e+01
   2.85627     2.95270e+01     3.16104e+01     3.40909e+01     3.59110e+01     3.69462e+01     3.77783e+01     3.80690e+01     3.78728e+01     3.71273e+01     3.50045e+01
   2.86241     2.94874e+01     3.17506e+01     3.42912e+01     3.59688e+01     3.71815e+01     3.78588e+01     3.81268e+01     3.79853e+01     3.71719e+01     3.50448e+01
   2.86854     2.97151e+01     3.18460e+01     3.43385e+01     3.60546e+01     3.72458e+01     3.79388e+01     3.82503e+01     3.80704e+01     3.71869e+01     3.51072e+01
   2.87468     2.97124e+01     3.20293e+01     3.45282e+01     3.61947e+01     3.73495e+01     3.80571e+01     3.83259e+01     3.81484e+01     3.73476e+01     3.51752e+01
   2.88082     2.98360e+01     3.20192e+01     3.44866e+01     3.63373e+01     3.74488e+01     3.80973e+01     3.84200e+01     3.82277e+01     3.73451e+01     3.52794e+01
   2.88695     2.97763e+01     3.22539e+01     3.46178e+01     3.63442e+01     3.74925e+01     3.82383e+01     3.84349e+01     3.83256e+01     3.74647e+01     3.54016e+01
   2.89309     2.99015e+01     3.22558e+01     3.47481e+01     3.64748e+01     3.75735e+01     3.82456e+01     3.85177e+01     3.84553e+01     3.75204e+01     3.52834e+01
   2.89922     3.00173e+01     3.23366e+01     3.47848e+01     3.65797e+01     3.75835e+01     3.83745e+01     3.86222e+01     3.84579e+01     3.76287e+01     3.54600e+01
   2.90536     3.01853e+01     3.24729e+01     3.48725e+01     3.66721e+01     3.77407e+01     3.84183e+01     3.87709e+01     3.85890e+01     3.77153e+01     3.54873e+01
   2.91150     3.02423e+01     3.25218e+01     3.49019e+01     3.67044e+01     3.78350e+01     3.85154e+01     3.88117e+01     3.86369e+01     3.76936e+01     3.55910e+01
   2.91763     3.03260e+01     3.27014e+01     3.49426e+01     3.67542e+01     3.79380e+01     3.85793e+01     3.89240e+01     3.87205e+01     3.78111e+01     3.55942e+01
   2.92377     3.04979e+01     3.27101e+01     3.50418e+01     3.68421e+01     3.79351e+01     3.87667e+01     3.89454e+01     3.87936e+01     3.79127e+01     3.56000e+01
   2.92990     3.04207e+01     3.27298e+01     3.52118e+01     3.68839e+01     3.80247e+01     3.86985e+01     3.90874e+01     3.88446e+01     3.79779e+01     3.56927e+01
   2.93604     3.05588e+01     3.28475e+01     3.52523e+01     3.70187e+01     3.80917e+01     3.88877e+01     3.90966e+01     3.90170e+01     3.80329e+01     3.57171e+01
   2.94218     3.06609e+01     3.29380e+01     3.52237e+01     3.71135e+01     3.81756e+01     3.89687e+01     3.92043e+01     3.90069e+01     3.81350e+01     3.57974e+01
   2.94831     3.07959e+01     3.30966e+01     3.53706e+01     3.71364e+01     3.83130e+01     3.89605e+01     3.92865e+01     3.90694e+01     3.81662e+01     3.58668e+01
   2.95445     3.06867e+01     3.31448e+01     3.55367e+01     3.72205e+01     3.83645e+01     3.90571e+01     3.94084e+01     3.92279e+01     3.83676e+01     3.59098e+01
   2.96058     3.07414e+01     3.31685e+01     3.55837e+01     3.72416e+01     3.83809e+01     3.92450e+01     3.95036e+01     3.92326e+01     3.83230e+01     3.59171e+01
   2.96672     3.09745e+01     3.32512e+01     3.56028e+01     3.73334e+01     3.85223e+01     3.92523e+01     3.95024e+01     3.93598e+01     3.84649e+01     3.59944e+01
   2.97285     3.09079e+01     3.33701e+01     3.57149e+01     3.74487e+01     3.86182e+01     3.93155e+01     3.96261e+01     3.95013e+01     3.84254e+01     3.59788e+01
   2.97899     3.10942e+01     3.32512e+01     3.57257e+01     3.74795e+01     3.86604e+01     3.94274e+01     3.97097e+01     3.94712e+01     3.84679e+01     3.60999e+01
   2.98513     3.12029e+01     3.34750e+01     3.59343e+01     3.76170e+01     3.86495e+01     3.95390e+01     3.97754e+01     3.96402e+01     3.86099e+01     3.61584e+01
   2.99126     3.10693e+01     3.35118e+01     3.58560e+01     3.76864e+01     3.88168e+01     3.95681e+01     3.98242e+01     3.96916e+01     3.86380e+01     3.62048e+01
   2.99740     3.12586e+01     3.36355e+01     3.59559e+01     3.77055e+01     3.88655e+01     3.97047e+01     3.99959e+01     3.97786e+01     3.87402e+01     3.62247e+01
   3.00353     3.13865e+01     3.36443e+01     3.61280e+01     3.77805e+01     3.89650e+01     3.97418e+01     3.99953e+01     3.98377e+01     3.87942e+01     3.62261e+01
   3.00967     3.14327e+01     3.37815e+01     3.61544e+01     3.78514e+01     3.90478e+01     3.98201e+01     4.00569e+01     3.99045e+01     3.88868e+01     3.63152e+01
   3.01581     3.14764e+01     3.38920e+01     3.62361e+01     3.79194e+01     3.90905e+01     3.98496e+01     4.01823e+01     3.99521e+01     3.89240e+01     3.63299e+01
   3.02194     3.15574e+01     3.39436e+01     3.61928e+01     3.80427e+01     3.91518e+01     3.99660e+01     4.02395e+01     4.00227e+01     3.89764e+01     3.63214e+01
   3.02808     3.17811e+01     3.40427e+01     3.62941e+01     3.80751e+01     3.92378e+01     4.00019e+01     4.03157e+01     4.01262e+01     3.91315e+01     3.64834e+01
   3.03421     3.16922e+01     3.40643e+01     3.63892e+01     3.81760e+01     3.93493e+01     4.00273e+01     4.04028e+01     4.01552e+01     3.90573e+01     3.64354e+01
   3.04035     3.18134e+01     3.41208e+01     3.64450e+01     3.82672e+01     3.93997e+01     4.01226e+01     4.04278e+01     4.02347e+01     3.91924e+01     3.65267e+01
   3.04649     3.18138e+01     3.42130e+01     3.65735e+01     3.82377e+01     3.93833e+01     4.02755e+01     4.05391e+01     4.02865e+01     3.92168e+01     3.65497e+01
   3.05262     3.18584e+01     3.42236e+01     3.66067e+01     3.83704e+01     3.94843e+01     4.01974e+01     4.06119e+01     4.04207e+01     3.93297e+01     3.65885e+01
   3.05876     3.19890e+01     3.42920e+01     3.66060e+01     3.83661e+01     3.95631e+01     4.03142e+01     4.06804e+01     4.04464e+01     3.93591e+01     3.65896e+01
   3.06489     3.19893e+01     3.43285e+01     3.67021e+01     3.84729e+01     3.96302e+01     4.04878e+01     4.07154e+01     4.05240e+01     3.94641e+01     3.66940e+01
   3.07103     3.21137e+01     3.44178e+01     3.67798e+01     3.85541e+01     3.97057e+01     4.05109e+01     4.07883e+01     4.05618e+01     3.94771e+01     3.66387e+01
   3.07717     3.21550e+01     3.44035e+01     3.69028e+01     3.85885e+01     3.97956e+01     4.05628e+01     4.08871e+01     4.06733e+01     3.95727e+01     3.67283e+01
   3.08330     3.22724e+01     3.45343e+01     3.70245e+01     3.86721e+01     3.99262e+01     4.06095e+01     4.09674e+01     4.06953e+01     3.96250e+01     3.67397e+01
   3.08944     3.22104e+01     3.46646e+01     3.70052e+01     3.87540e+01     3.98806e+01     4.06984e+01     4.10441e+01     4.08202e+01     3.96396e+01     3.67621e+01
   3.09557     3.23092e+01     3.47323e+01     3.69838e+01     3.87305e+01     3.99894e+01     4.07439e+01     4.11096e+01     4.09170e+01     3.97313e+01     3.68131e+01
   3.10171     3.24145e+01     3.47704e+01     3.71031e+01     3.88757e+01     4.00024e+01     4.08241e+01     4.12130e+01     4.08797e+01     3.97497e+01     3.68831e+01
   3.10785     3.24822e+01     3.47502e+01     3.72165e+01     3.88968e+01     4.00424e+01     4.09203e+01     4.12021e+01     4.09963e+01     3.98412e+01     3.68999e+01
   3.11398     3.25447e+01     3.48699e+01     3.72527e+01     3.90154e+01     4.01479e+01     4.09524e+01     4.13254e+01     4.11042e+01     3.99279e+01     3.70188e+01
   3.12012     3.26142e+01     3.49301e+01     3.72711e+01     3.90141e+01     4.03085e+01     4.10324e+01     4.13806e+01     4.11611e+01     3.99991e+01     3.69356e+01
   3.12625     3.26354e+01     3.49255e+01     3.73572e+01     3.91166e+01     4.02613e+01     4.11011e+01     4.14117e+01     4.12037e+01     4.00321e+01     3.70199e+01
   3.13239     3.26671e+01     3.50994e+01     3.74088e+01     3.91263e+01     4.04001e+01     4.11518e+01     4.15381e+01     4.13244e+01     4.01044e+01     3.70022e+01
   3.13852     3.27008e+01     3.50493e+01     3.74402e+01     3.92720e+01     4.04258e+01     4.12712e+01     4.16271e+01     4.13766e+01     4.01714e+01     3.70419e+01
