# Redshift space power spectrum multipoles.
# Subtracting SN=    1.58147e+01 from monopole.
#        k              P0              P2              P4
   0.05000     7.82385e+03     4.20387e+03     1.17032e+02
   0.07000     6.04537e+03     3.16273e+03    -4.45988e+00
   0.09000     4.26849e+03     2.31829e+03     4.34153e+02
   0.11000     3.06928e+03     1.54280e+03     1.15581e+01
   0.13000     2.62934e+03     1.40106e+03     6.91148e+01
   0.15000     2.08427e+03     1.10424e+03     8.05433e+01
   0.17000     1.66706e+03     9.44546e+02     1.41678e+02
   0.19000     1.43653e+03     7.73940e+02     7.53007e+01
   0.21000     1.22110e+03     6.69147e+02     3.44784e+01
   0.23000     1.03757e+03     6.04922e+02     8.12296e+01
   0.25000     9.16555e+02     5.28577e+02     6.75929e+01
   0.27000     8.07380e+02     4.58981e+02     4.01957e+01
   0.29000     7.14879e+02     4.16869e+02     4.38547e+01
   0.31000     6.40771e+02     3.78496e+02     4.07036e+01
   0.33000     5.74319e+02     3.33426e+02     3.95117e+01
   0.35000     5.21547e+02     3.12652e+02     3.84833e+01
   0.37000     4.76178e+02     2.80854e+02     3.55367e+01
   0.39000     4.31622e+02     2.51938e+02     4.12915e+01
   0.41000     3.98433e+02     2.42333e+02     3.83043e+01
   0.43000     3.66572e+02     2.25895e+02     3.35550e+01
   0.45000     3.37331e+02     2.06424e+02     2.63857e+01
   0.47000     3.14927e+02     1.91049e+02     3.45788e+01
   0.49000     2.92134e+02     1.81798e+02     2.91430e+01
   0.51000     2.70025e+02     1.66954e+02     2.76338e+01
   0.53000     2.52948e+02     1.54574e+02     2.19778e+01
   0.55000     2.36579e+02     1.48507e+02     2.58242e+01
   0.57000     2.21271e+02     1.37546e+02     2.51715e+01
   0.59000     2.07828e+02     1.28746e+02     2.18107e+01
   0.61000     1.95799e+02     1.19832e+02     1.92405e+01
   0.63000     1.84623e+02     1.13694e+02     2.12969e+01
   0.65000     1.73508e+02     1.05067e+02     2.11904e+01
   0.67000     1.64170e+02     1.01053e+02     1.92258e+01
   0.69000     1.54540e+02     9.28956e+01     1.72122e+01
   0.71000     1.46627e+02     8.80582e+01     1.58197e+01
   0.73000     1.38844e+02     8.26235e+01     1.66278e+01
   0.75000     1.31500e+02     7.78951e+01     1.41296e+01
   0.77000     1.24469e+02     7.32161e+01     1.50920e+01
   0.79000     1.18595e+02     6.96957e+01     1.49911e+01
   0.81000     1.12666e+02     6.45472e+01     1.37035e+01
   0.83000     1.06615e+02     6.10356e+01     1.14605e+01
   0.85000     1.01299e+02     5.78840e+01     1.27953e+01
   0.87000     9.68641e+01     5.43506e+01     1.31598e+01
   0.89000     9.19203e+01     5.09353e+01     1.13886e+01
   0.91000     8.73117e+01     4.81358e+01     1.09358e+01
   0.93000     8.31879e+01     4.50014e+01     9.95447e+00
   0.95000     7.93179e+01     4.24087e+01     1.03010e+01
   0.97000     7.58755e+01     4.07989e+01     1.01162e+01
   0.99000     7.23426e+01     3.73961e+01     9.41488e+00
   1.01000     6.88367e+01     3.62020e+01     9.71028e+00
   1.03000     6.55897e+01     3.32264e+01     8.33118e+00
   1.05000     6.29501e+01     3.18827e+01     9.18833e+00
   1.07000     5.98103e+01     2.96747e+01     8.29346e+00
   1.09000     5.71413e+01     2.82602e+01     9.13592e+00
   1.11000     5.44175e+01     2.62652e+01     8.62673e+00
   1.13000     5.19100e+01     2.49871e+01     8.21533e+00
   1.15000     4.97434e+01     2.33015e+01     7.58802e+00
   1.17000     4.73879e+01     2.19708e+01     7.91395e+00
   1.19000     4.51913e+01     2.07333e+01     7.07169e+00
   1.21000     4.31173e+01     1.92730e+01     6.95265e+00
   1.23000     4.12184e+01     1.84884e+01     6.94929e+00
   1.25000     3.92292e+01     1.70001e+01     6.45951e+00
   1.27000     3.75310e+01     1.62704e+01     6.58145e+00
   1.29000     3.55735e+01     1.49178e+01     6.23780e+00
   1.31000     3.40774e+01     1.40194e+01     5.92671e+00
   1.33000     3.25515e+01     1.30852e+01     6.37581e+00
   1.35000     3.10098e+01     1.21981e+01     5.79131e+00
   1.37000     2.95143e+01     1.15867e+01     5.42294e+00
   1.39000     2.81555e+01     1.07197e+01     5.63070e+00
   1.41000     2.67474e+01     1.00898e+01     5.57170e+00
   1.43000     2.54589e+01     9.17085e+00     5.46994e+00
   1.45000     2.41784e+01     8.55602e+00     5.18396e+00
   1.47000     2.30049e+01     8.14707e+00     5.09944e+00
   1.49000     2.18402e+01     7.35290e+00     4.82006e+00
   1.51000     2.08130e+01     6.87997e+00     4.81941e+00
   1.53000     1.96741e+01     6.29663e+00     4.73017e+00
   1.55000     1.86176e+01     5.86503e+00     4.73455e+00
   1.57000     1.76066e+01     5.36721e+00     4.77037e+00
   1.59000     1.66533e+01     4.97798e+00     4.32802e+00
   1.61000     1.57744e+01     4.60551e+00     4.42712e+00
   1.63000     1.48294e+01     4.11053e+00     4.27987e+00
   1.65000     1.39740e+01     3.78962e+00     4.40052e+00
   1.67000     1.31794e+01     3.45601e+00     4.13889e+00
   1.69000     1.23374e+01     3.20939e+00     4.15834e+00
   1.71000     1.15798e+01     2.73816e+00     4.04164e+00
   1.73000     1.08021e+01     2.62532e+00     3.89462e+00
   1.75000     1.00414e+01     2.35218e+00     3.82108e+00
   1.77000     9.36985e+00     2.04957e+00     3.68928e+00
   1.79000     8.67440e+00     1.70837e+00     3.70312e+00
   1.81000     8.03929e+00     1.58750e+00     3.66198e+00
   1.83000     7.38386e+00     1.30146e+00     3.51699e+00
   1.85000     6.78373e+00     1.17856e+00     3.48466e+00
   1.87000     6.18151e+00     9.83454e-01     3.50214e+00
   1.89000     5.58172e+00     7.77585e-01     3.48565e+00
   1.91000     5.04305e+00     6.13189e-01     3.31353e+00
   1.93000     4.49339e+00     4.80618e-01     3.31186e+00
   1.95000     3.97235e+00     2.55459e-01     3.31386e+00
   1.97000     3.44277e+00     2.07544e-01     3.24189e+00
   1.99000     2.95826e+00     1.18873e-01     3.10089e+00
   2.01000     2.49559e+00    -3.15125e-02     3.18142e+00
   2.03000     2.00787e+00    -1.44933e-01     3.10134e+00
   2.05000     1.54358e+00    -2.63081e-01     3.11392e+00
   2.07000     1.12073e+00    -3.43011e-01     3.01889e+00
   2.09000     6.95450e-01    -4.69390e-01     3.04690e+00
   2.11000     2.82234e-01    -5.43887e-01     2.89616e+00
   2.13000    -1.15518e-01    -5.93955e-01     2.96200e+00
   2.15000    -5.17045e-01    -6.60464e-01     2.86829e+00
   2.17000    -8.84158e-01    -7.19341e-01     2.82619e+00
   2.19000    -1.25847e+00    -7.78319e-01     2.77430e+00
   2.21000    -1.59349e+00    -8.24924e-01     2.76049e+00
   2.23000    -1.93325e+00    -8.91712e-01     2.73706e+00
   2.25000    -2.28298e+00    -9.50073e-01     2.74994e+00
   2.27000    -2.61322e+00    -9.63514e-01     2.67468e+00
   2.29000    -2.92670e+00    -1.01305e+00     2.69557e+00
   2.31000    -3.22840e+00    -1.06671e+00     2.67017e+00
   2.33000    -3.51777e+00    -1.08381e+00     2.66344e+00
   2.35000    -3.81738e+00    -1.11589e+00     2.59928e+00
   2.37000    -4.09193e+00    -1.12811e+00     2.57640e+00
   2.39000    -4.35799e+00    -1.18050e+00     2.59078e+00
   2.41000    -4.62322e+00    -1.17203e+00     2.58212e+00
   2.43000    -4.88523e+00    -1.18460e+00     2.54542e+00
   2.45000    -5.13767e+00    -1.22505e+00     2.48437e+00
   2.47000    -5.38003e+00    -1.22917e+00     2.49193e+00
   2.49000    -5.62089e+00    -1.24053e+00     2.47204e+00
   2.51000    -5.83304e+00    -1.26516e+00     2.48294e+00
   2.53000    -6.06552e+00    -1.28168e+00     2.44870e+00
   2.55000    -6.28234e+00    -1.28424e+00     2.45844e+00
   2.57000    -6.49242e+00    -1.26557e+00     2.45201e+00
   2.59000    -6.68437e+00    -1.28035e+00     2.43230e+00
   2.61000    -6.88649e+00    -1.30253e+00     2.43413e+00
   2.63000    -7.08263e+00    -1.27811e+00     2.45679e+00
   2.65000    -7.26846e+00    -1.28606e+00     2.43547e+00
   2.67000    -7.44930e+00    -1.29231e+00     2.41187e+00
   2.69000    -7.61999e+00    -1.28175e+00     2.43745e+00
   2.71000    -7.78727e+00    -1.29169e+00     2.47825e+00
   2.73000    -7.95247e+00    -1.29950e+00     2.43241e+00
   2.75000    -8.11552e+00    -1.26742e+00     2.45634e+00
   2.77000    -8.27097e+00    -1.26690e+00     2.45768e+00
   2.79000    -8.42445e+00    -1.26193e+00     2.45815e+00
   2.81000    -8.55943e+00    -1.26786e+00     2.50661e+00
   2.83000    -8.70985e+00    -1.25166e+00     2.49026e+00
   2.85000    -8.83974e+00    -1.25662e+00     2.53054e+00
   2.87000    -8.97171e+00    -1.23249e+00     2.53918e+00
   2.89000    -9.09928e+00    -1.22738e+00     2.56369e+00
   2.91000    -9.22030e+00    -1.22345e+00     2.57022e+00
   2.93000    -9.34406e+00    -1.21728e+00     2.59840e+00
   2.95000    -9.45650e+00    -1.19692e+00     2.64571e+00
   2.97000    -9.56392e+00    -1.19554e+00     2.65537e+00
   2.99000    -9.67499e+00    -1.18214e+00     2.66281e+00
   3.01000    -9.78096e+00    -1.16702e+00     2.70963e+00
   3.03000    -9.88112e+00    -1.16061e+00     2.75466e+00
   3.05000    -9.97569e+00    -1.16500e+00     2.78294e+00
   3.07000    -1.00717e+01    -1.15786e+00     2.81328e+00
   3.09000    -1.01600e+01    -1.13654e+00     2.85560e+00
   3.11000    -1.02454e+01    -1.13771e+00     2.88434e+00
   3.13000    -1.03350e+01    -1.11863e+00     2.93480e+00
