# Bin-low, Bin-High, Halo Mass, Number 
# bs=1024.000, log10binwidth=0.20
9.000000e+00 9.200000e+00 1.451277e+09 2.122213e+08
9.200000e+00 9.400000e+00 1.985070e+09 4.030459e+08
9.400000e+00 9.600000e+00 3.144168e+09 2.400474e+08
9.600000e+00 9.800000e+00 4.953337e+09 1.423796e+08
9.800000e+00 1.000000e+01 7.826793e+09 8.054452e+07
1.000000e+01 1.020000e+01 1.238798e+10 4.362946e+07
1.020000e+01 1.040000e+01 1.960863e+10 2.311636e+07
1.040000e+01 1.060000e+01 3.107792e+10 1.195246e+07
1.060000e+01 1.080000e+01 4.922643e+10 5.932579e+06
1.080000e+01 1.100000e+01 7.783755e+10 2.861745e+06
1.100000e+01 1.120000e+01 1.231228e+11 1.313289e+06
1.120000e+01 1.140000e+01 1.947030e+11 5.658810e+05
1.140000e+01 1.160000e+01 3.075701e+11 2.263940e+05
1.160000e+01 1.180000e+01 4.858338e+11 8.244300e+04
1.180000e+01 1.200000e+01 7.667026e+11 2.746700e+04
1.200000e+01 1.220000e+01 1.205878e+12 7.853000e+03
1.220000e+01 1.240000e+01 1.901815e+12 1.954000e+03
1.240000e+01 1.260000e+01 3.029375e+12 3.810000e+02
1.260000e+01 1.280000e+01 4.682935e+12 5.600000e+01
1.280000e+01 1.300000e+01 7.892997e+12 8.000000e+00
1.300000e+01 1.320000e+01 1.115028e+13 1.000000e+00
1.320000e+01 1.340000e+01 nan 0.000000e+00
1.340000e+01 1.360000e+01 nan 0.000000e+00
1.360000e+01 1.380000e+01 nan 0.000000e+00
