#        k       b1_x       b1_a            Pkmm
   0.00920    2.30099   11.69647     6.90522e+02
   0.01534    5.65394   14.71148     8.20625e+02
   0.02148    5.45337   15.19816     7.99283e+02
   0.02761    4.36356   15.42044     7.11425e+02
   0.03375    3.58037   15.67209     6.06497e+02
   0.03988    5.09721   17.04444     5.16500e+02
   0.04602    5.60183   18.82896     4.50237e+02
   0.05216    4.53365   19.69943     4.03892e+02
   0.05829    6.43151   21.22315     3.76252e+02
   0.06443    6.17097   21.73271     3.47908e+02
   0.07056    4.87403   21.80024     3.25725e+02
   0.07670    5.67228   23.31876     2.94055e+02
   0.08283    4.92325   24.47750     2.61858e+02
   0.08897    5.31097   25.25028     2.30030e+02
   0.09511    5.59776   27.79137     2.02709e+02
   0.10124    5.68418   28.92728     1.82176e+02
   0.10738    5.46200   30.40510     1.66364e+02
   0.11351    5.40581   31.27604     1.56227e+02
   0.11965    5.62168   32.22704     1.48531e+02
   0.12579    4.62614   32.45364     1.43033e+02
   0.13192    5.79513   33.73520     1.35610e+02
   0.13806    5.07775   34.73519     1.25828e+02
   0.14419    6.19744   36.47517     1.16573e+02
   0.15033    5.07073   37.41280     1.05973e+02
   0.15647    4.59542   39.76407     9.68252e+01
   0.16260    5.33270   41.16692     8.92065e+01
   0.16874    5.62020   42.67929     8.41284e+01
   0.17487    4.98320   43.24766     7.95460e+01
   0.18101    4.91495   44.45853     7.60045e+01
   0.18715    5.48516   45.20509     7.36029e+01
   0.19328    5.99066   46.13610     7.11780e+01
   0.19942    5.49348   46.75258     6.71307e+01
   0.20555    4.97504   48.63481     6.31471e+01
   0.21169    4.84913   50.07259     5.94870e+01
   0.21783    5.65305   51.73739     5.57482e+01
   0.22396    6.12470   53.71696     5.18283e+01
   0.23010    5.42513   54.42809     4.97399e+01
   0.23623    5.57832   56.11047     4.73826e+01
   0.24237    5.45269   57.16471     4.54258e+01
   0.24850    5.70713   57.80309     4.42002e+01
   0.25464    5.75446   58.70148     4.25619e+01
   0.26078    5.91861   60.38719     4.08052e+01
   0.26691    5.84493   61.34602     3.90193e+01
   0.27305    5.08086   63.08732     3.73296e+01
   0.27918    5.35680   64.33958     3.56587e+01
   0.28532    6.09051   65.78818     3.41557e+01
   0.29146    5.14308   67.23170     3.24472e+01
   0.29759    4.99563   68.53072     3.10839e+01
   0.30373    5.34401   70.07275     3.00309e+01
   0.30986    5.44799   71.01607     2.90727e+01
   0.31600    5.07656   72.10955     2.81224e+01
   0.32214    5.69193   73.49202     2.72933e+01
   0.32827    5.18770   74.42003     2.62536e+01
   0.33441    5.95561   76.26812     2.53140e+01
   0.34054    5.96363   77.13158     2.43454e+01
   0.34668    6.04038   79.29588     2.35519e+01
   0.35282    5.94367   80.45008     2.26027e+01
   0.35895    5.20508   81.43835     2.18610e+01
   0.36509    5.67194   83.31532     2.11755e+01
   0.37122    4.98899   84.10812     2.07167e+01
   0.37736    5.61900   85.14492     1.99782e+01
   0.38350    5.75329   86.84193     1.92128e+01
   0.38963    5.49889   87.91853     1.87719e+01
   0.39577    5.69416   89.15997     1.82856e+01
   0.40190    6.06914   91.01113     1.76864e+01
   0.40804    5.91074   91.91801     1.72090e+01
   0.41417    5.93986   93.32865     1.65420e+01
   0.42031    5.62144   94.84410     1.61741e+01
   0.42645    4.84767   96.11144     1.56204e+01
   0.43258    5.71764   97.54448     1.50393e+01
   0.43872    5.09686   98.51686     1.48302e+01
   0.44485    6.30476  100.11712     1.43960e+01
   0.45099    6.18083  101.02674     1.40362e+01
   0.45713    6.10269  102.88619     1.36184e+01
   0.46326    5.72055  103.81309     1.33334e+01
   0.46940    5.81436  105.11353     1.30540e+01
   0.47553    5.86596  106.64909     1.26278e+01
   0.48167    5.38864  108.00912     1.22722e+01
   0.48781    5.75016  109.00528     1.20212e+01
   0.49394    5.99512  110.94347     1.16882e+01
   0.50008    6.32523  112.34751     1.13403e+01
   0.50621    5.61802  113.35723     1.11457e+01
   0.51235    5.78392  114.67278     1.08020e+01
   0.51849    6.47379  116.07998     1.05892e+01
   0.52462    5.90955  116.96622     1.03696e+01
   0.53076    5.15439  118.44353     1.01391e+01
   0.53689    6.40366  119.56938     9.85827e+00
   0.54303    6.15489  120.63428     9.67875e+00
   0.54917    5.92340  122.40574     9.45861e+00
   0.55530    6.10680  123.67907     9.23513e+00
   0.56144    6.53374  124.42045     9.04140e+00
   0.56757    6.35619  126.97018     8.78808e+00
   0.57371    6.59169  127.28808     8.65300e+00
   0.57984    5.75120  128.79770     8.44834e+00
   0.58598    6.09357  130.03824     8.25746e+00
   0.59212    6.30909  131.48349     8.12058e+00
   0.59825    5.71237  132.26171     7.95474e+00
   0.60439    5.77392  133.59305     7.84065e+00
   0.61052    5.73697  135.41066     7.61941e+00
   0.61666    5.18595  136.07528     7.50946e+00
   0.62280    6.55439  138.13179     7.29321e+00
   0.62893    5.81888  139.31444     7.15399e+00
   0.63507    6.54431  139.86963     7.05197e+00
   0.64120    6.66338  141.67620     6.92132e+00
   0.64734    6.24838  142.81160     6.77963e+00
   0.65348    6.03573  144.05589     6.63672e+00
   0.65961    6.56795  145.66274     6.52420e+00
   0.66575    6.84069  146.41394     6.39890e+00
   0.67188    6.08014  148.01261     6.27109e+00
   0.67802    6.29365  148.89624     6.17365e+00
   0.68416    6.23005  150.38817     6.05145e+00
   0.69029    6.66027  151.55058     5.93739e+00
   0.69643    6.59180  152.81517     5.83074e+00
   0.70256    5.87566  154.20625     5.72989e+00
   0.70870    6.53540  155.61977     5.61432e+00
   0.71484    6.60885  157.01458     5.51049e+00
   0.72097    7.13781  157.57981     5.45234e+00
   0.72711    6.48403  159.19421     5.33696e+00
   0.73324    6.84818  160.69357     5.24004e+00
   0.73938    6.63939  161.69145     5.16291e+00
   0.74551    5.96436  162.72394     5.08492e+00
   0.75165    6.55718  163.90241     5.01865e+00
   0.75779    5.87140  165.37986     4.91958e+00
   0.76392    6.62872  166.91342     4.81457e+00
   0.77006    6.69288  168.24228     4.73569e+00
   0.77619    6.45199  169.30600     4.67109e+00
   0.78233    6.67608  169.99711     4.62654e+00
   0.78847    6.47614  170.93174     4.54717e+00
   0.79460    6.15753  172.71829     4.44749e+00
   0.80074    6.47749  174.18054     4.37999e+00
   0.80687    5.88866  174.97608     4.31603e+00
   0.81301    6.20075  175.99739     4.26329e+00
   0.81915    6.79023  177.42965     4.19097e+00
   0.82528    7.00192  178.78964     4.12957e+00
   0.83142    6.63553  179.83260     4.05898e+00
   0.83755    6.87865  182.02169     3.99053e+00
   0.84369    6.87359  182.27232     3.93882e+00
   0.84983    6.50737  183.69300     3.87530e+00
   0.85596    7.24866  184.72957     3.82202e+00
   0.86210    6.55058  185.85382     3.77816e+00
   0.86823    6.77814  187.21936     3.71942e+00
   0.87437    6.94218  188.25950     3.66175e+00
   0.88050    6.10683  189.60962     3.61677e+00
   0.88664    6.40880  191.03102     3.54616e+00
   0.89278    6.36242  191.78679     3.50590e+00
   0.89891    6.61603  193.18531     3.45911e+00
   0.90505    6.49895  194.04873     3.39853e+00
   0.91118    6.62881  195.26831     3.37248e+00
   0.91732    6.60289  196.20141     3.32559e+00
   0.92346    6.55534  197.80726     3.26525e+00
   0.92959    6.62549  198.57981     3.23575e+00
   0.93573    6.95573  200.00557     3.18615e+00
   0.94186    7.61755  201.07294     3.14346e+00
   0.94800    7.07768  202.61978     3.10258e+00
   0.95414    5.95754  203.18491     3.06593e+00
   0.96027    6.27686  204.84280     3.01967e+00
   0.96641    7.23309  204.91280     2.98760e+00
   0.97254    6.45121  206.63720     2.95212e+00
   0.97868    6.41689  207.57619     2.90733e+00
   0.98482    6.52914  208.93883     2.86637e+00
   0.99095    6.86091  209.77450     2.83540e+00
   0.99709    7.04411  210.76653     2.80027e+00
   1.00322    7.01342  212.68964     2.75690e+00
   1.00936    7.00364  213.48477     2.72534e+00
   1.01550    7.00949  214.22476     2.69706e+00
   1.02163    7.07700  215.54256     2.66335e+00
   1.02777    6.46177  215.87936     2.63487e+00
   1.03390    7.13985  217.10695     2.60393e+00
   1.04004    7.01737  218.51371     2.56966e+00
   1.04617    7.16142  219.36615     2.54081e+00
   1.05231    6.61677  220.83234     2.51040e+00
   1.05845    7.31221  221.76291     2.47338e+00
   1.06458    7.07174  222.79703     2.44570e+00
   1.07072    7.24756  224.44690     2.40468e+00
   1.07685    7.08671  224.74385     2.38747e+00
   1.08299    7.97014  226.03124     2.36066e+00
   1.08913    6.71714  226.93215     2.33193e+00
   1.09526    7.18632  228.08658     2.31576e+00
   1.10140    7.21132  229.24808     2.28187e+00
   1.10753    6.91703  229.81667     2.26270e+00
   1.11367    7.47448  230.82659     2.23747e+00
   1.11981    7.46520  231.67710     2.21289e+00
   1.12594    7.20966  232.91133     2.17979e+00
   1.13208    6.93691  233.95604     2.15873e+00
   1.13821    7.36094  235.28007     2.13328e+00
   1.14435    7.00999  236.20133     2.10761e+00
   1.15049    7.10656  237.44284     2.08289e+00
   1.15662    7.92922  238.18175     2.06794e+00
   1.16276    7.25848  239.12806     2.04236e+00
   1.16889    8.41330  240.30450     2.02360e+00
   1.17503    7.39028  240.62062     1.99861e+00
   1.18117    7.70221  241.93203     1.97777e+00
   1.18730    7.30821  243.72782     1.94742e+00
   1.19344    7.15051  244.21901     1.93257e+00
   1.19957    7.57304  244.78181     1.92002e+00
   1.20571    7.61668  245.92043     1.89847e+00
   1.21184    7.18378  247.48054     1.87108e+00
   1.21798    7.54153  247.27309     1.86695e+00
   1.22412    7.63663  248.73036     1.84099e+00
   1.23025    7.45316  249.69244     1.81969e+00
   1.23639    7.69990  251.01228     1.79929e+00
   1.24252    7.78450  251.23752     1.78812e+00
   1.24866    7.60208  252.13376     1.77171e+00
   1.25480    8.04074  253.65809     1.74763e+00
   1.26093    7.28926  254.05657     1.73375e+00
   1.26707    7.55369  255.15965     1.71458e+00
   1.27320    7.66410  255.58955     1.70323e+00
   1.27934    7.19471  256.83063     1.68383e+00
   1.28548    7.43929  257.51556     1.67149e+00
   1.29161    7.47184  258.37385     1.65578e+00
   1.29775    7.66948  259.70636     1.63250e+00
   1.30388    7.69022  260.62594     1.62061e+00
   1.31002    7.47735  261.58525     1.60177e+00
   1.31616    7.69822  262.16404     1.58739e+00
   1.32229    7.44268  263.07376     1.57355e+00
   1.32843    7.08958  263.69702     1.56544e+00
   1.33456    7.59844  264.74523     1.54278e+00
   1.34070    7.83468  265.05540     1.53503e+00
   1.34684    7.57815  266.63161     1.51843e+00
   1.35297    7.52471  267.09006     1.50410e+00
   1.35911    7.21450  268.17218     1.48469e+00
   1.36524    8.21888  269.33804     1.47404e+00
   1.37138    7.35835  269.21931     1.46636e+00
   1.37751    7.58973  270.69563     1.44807e+00
   1.38365    6.94725  271.23145     1.43363e+00
   1.38979    7.65609  272.13632     1.42243e+00
   1.39592    7.35108  272.55593     1.41338e+00
   1.40206    7.93811  273.51336     1.40039e+00
   1.40819    7.35897  274.34019     1.38555e+00
   1.41433    7.90562  275.11244     1.37597e+00
   1.42047    7.79121  275.89082     1.36311e+00
   1.42660    7.48564  276.69844     1.35198e+00
   1.43274    6.86959  277.47752     1.33817e+00
   1.43887    7.36817  278.53543     1.32813e+00
   1.44501    6.86823  278.13025     1.32208e+00
   1.45115    7.35237  279.52020     1.30582e+00
   1.45728    7.61949  280.61379     1.29190e+00
   1.46342    7.55535  281.04099     1.28446e+00
   1.46955    7.30535  282.17542     1.27277e+00
   1.47569    7.59282  282.44284     1.26126e+00
   1.48183    7.53020  283.24391     1.25308e+00
   1.48796    6.97862  283.73171     1.24257e+00
   1.49410    7.67289  285.03931     1.22956e+00
   1.50023    6.98154  285.28314     1.22256e+00
   1.50637    7.63941  285.85727     1.21386e+00
   1.51251    7.78277  286.55460     1.20337e+00
   1.51864    7.67854  287.40696     1.19324e+00
   1.52478    7.47855  288.13557     1.18272e+00
   1.53091    7.73824  288.35056     1.17649e+00
   1.53705    7.02240  289.57640     1.16328e+00
   1.54318    7.49786  289.73301     1.15695e+00
   1.54932    7.82727  291.12278     1.14459e+00
   1.55546    8.23631  291.41680     1.13576e+00
   1.56159    7.55774  292.53805     1.12462e+00
   1.56773    7.96662  292.94454     1.11676e+00
   1.57386    8.12201  293.18352     1.11061e+00
   1.58000    7.52945  293.40733     1.10417e+00
   1.58614    8.17453  294.80526     1.09233e+00
   1.59227    8.21752  295.48031     1.08415e+00
   1.59841    7.53328  296.01506     1.07665e+00
   1.60454    7.23916  296.99278     1.06649e+00
   1.61068    7.68405  297.13316     1.06170e+00
   1.61682    7.38167  297.73187     1.05014e+00
   1.62295    7.95764  298.34597     1.04350e+00
   1.62909    7.39785  298.98962     1.03798e+00
   1.63522    7.61955  299.10003     1.02860e+00
   1.64136    7.53909  300.46112     1.01901e+00
   1.64750    7.68854  300.39988     1.01570e+00
   1.65363    7.28517  301.10646     1.00652e+00
   1.65977    7.68444  301.99635     9.98382e-01
   1.66590    7.67606  302.31056     9.91977e-01
   1.67204    7.14648  302.94318     9.85818e-01
   1.67817    7.55249  303.04590     9.77381e-01
   1.68431    7.74923  304.16324     9.69361e-01
   1.69045    7.79832  304.24719     9.64830e-01
   1.69658    7.72512  305.14368     9.56441e-01
   1.70272    7.70100  305.69482     9.50518e-01
   1.70885    7.85160  305.49920     9.46984e-01
   1.71499    7.30553  306.83348     9.34763e-01
   1.72113    8.31235  307.26563     9.30266e-01
   1.72726    7.67744  307.56522     9.23895e-01
   1.73340    7.56256  308.09830     9.17328e-01
   1.73953    8.05814  308.74953     9.08377e-01
   1.74567    7.19876  309.48727     9.02270e-01
   1.75181    7.85587  309.37677     8.98354e-01
   1.75794    7.61797  310.42051     8.91095e-01
   1.76408    7.52778  310.66662     8.85737e-01
   1.77021    7.59725  310.59642     8.80255e-01
   1.77635    8.24546  311.91821     8.72476e-01
   1.78249    7.97264  311.98649     8.68492e-01
   1.78862    7.59429  312.14484     8.63002e-01
   1.79476    7.84555  312.44871     8.57071e-01
   1.80089    7.49697  313.20209     8.51570e-01
   1.80703    7.61713  313.43714     8.46651e-01
   1.81317    7.56468  314.09312     8.40253e-01
   1.81930    7.97078  314.13809     8.35375e-01
   1.82544    7.42432  314.85258     8.28267e-01
   1.83157    7.67868  315.39770     8.23608e-01
   1.83771    7.42710  315.28240     8.18023e-01
   1.84384    7.19408  316.03191     8.12323e-01
   1.84998    8.15753  316.16983     8.08924e-01
   1.85612    6.99211  316.76069     8.00696e-01
   1.86225    7.64133  316.82963     7.99211e-01
   1.86839    7.60996  317.30772     7.92636e-01
   1.87452    7.15640  317.17239     7.89911e-01
   1.88066    7.63849  318.08622     7.80886e-01
   1.88680    7.70477  318.74963     7.76626e-01
   1.89293    8.06948  318.89277     7.72628e-01
   1.89907    7.29624  319.08225     7.67951e-01
   1.90520    7.77291  319.63759     7.62018e-01
   1.91134    7.90248  319.88985     7.57485e-01
   1.91748    7.15547  320.17220     7.54444e-01
   1.92361    7.69922  320.53558     7.49386e-01
   1.92975    7.56577  321.19830     7.43319e-01
   1.93588    8.00759  320.96481     7.40783e-01
   1.94202    7.47609  321.51847     7.34577e-01
   1.94816    8.23741  322.01042     7.29741e-01
   1.95429    7.46424  322.38878     7.23966e-01
   1.96043    7.45914  323.10963     7.19083e-01
   1.96656    7.77320  323.29641     7.15466e-01
   1.97270    7.78431  322.97567     7.12926e-01
   1.97884    7.54925  322.85771     7.10402e-01
   1.98497    7.78594  323.55182     7.04188e-01
   1.99111    7.41855  323.88072     7.00044e-01
   1.99724    7.70451  323.88382     6.96328e-01
   2.00338    7.39002  324.02513     6.93934e-01
   2.00951    7.54146  324.57252     6.88531e-01
   2.01565    8.03110  324.99830     6.83478e-01
   2.02179    7.10858  325.15921     6.80621e-01
   2.02792    7.90240  325.54704     6.75504e-01
   2.03406    7.16947  326.10608     6.71144e-01
   2.04019    7.29048  326.03577     6.67948e-01
   2.04633    7.49015  326.37280     6.63342e-01
   2.05247    7.52893  326.42822     6.60584e-01
   2.05860    7.17725  326.45644     6.57194e-01
   2.06474    7.96276  326.80509     6.53306e-01
   2.07087    8.24546  326.97094     6.49711e-01
   2.07701    7.78046  327.06131     6.47019e-01
   2.08315    7.83895  327.85497     6.41056e-01
   2.08928    7.66962  328.04370     6.37196e-01
   2.09542    7.88815  327.84378     6.34133e-01
   2.10155    7.75718  328.42799     6.30830e-01
   2.10769    7.98182  327.85000     6.28976e-01
   2.11383    8.03802  328.48048     6.24099e-01
   2.11996    7.59747  328.38397     6.20505e-01
   2.12610    6.90110  328.34736     6.18021e-01
   2.13223    8.02769  329.21344     6.14224e-01
   2.13837    7.67064  329.25667     6.10222e-01
   2.14451    7.37150  329.35027     6.06541e-01
   2.15064    7.52627  329.55667     6.03503e-01
   2.15678    7.66589  329.85282     6.00410e-01
   2.16291    7.56704  329.23608     5.98773e-01
   2.16905    7.63613  329.92975     5.94320e-01
   2.17518    7.26427  329.73036     5.91549e-01
   2.18132    7.74747  330.22341     5.87257e-01
   2.18746    7.73757  330.36644     5.84170e-01
   2.19359    7.62928  330.31860     5.82108e-01
   2.19973    7.11751  330.70511     5.77980e-01
   2.20586    7.88362  330.47363     5.75436e-01
   2.21200    7.45977  330.55134     5.73158e-01
   2.21814    7.53137  330.55934     5.69842e-01
   2.22427    7.17275  330.86086     5.65738e-01
   2.23041    7.30176  331.23732     5.62493e-01
   2.23654    7.20383  331.04439     5.61280e-01
   2.24268    7.59044  330.92144     5.58472e-01
   2.24882    7.65982  330.87356     5.55631e-01
   2.25495    7.43581  331.42829     5.51096e-01
   2.26109    7.75160  331.20658     5.49510e-01
   2.26722    7.29680  331.43975     5.46612e-01
   2.27336    7.72827  331.31878     5.44060e-01
   2.27950    7.49379  331.43288     5.41193e-01
   2.28563    7.41658  331.88006     5.38433e-01
   2.29177    7.13386  331.18295     5.36199e-01
   2.29790    7.14004  331.50507     5.33178e-01
   2.30404    7.16264  332.35102     5.28118e-01
   2.31018    8.02720  331.78089     5.27740e-01
   2.31631    7.18908  332.02548     5.23739e-01
   2.32245    7.30449  331.46773     5.22295e-01
   2.32858    7.51606  331.50532     5.20827e-01
   2.33472    7.52638  331.63964     5.17044e-01
   2.34085    6.92281  331.75614     5.14324e-01
   2.34699    7.31457  331.80089     5.12264e-01
   2.35313    6.93931  331.82933     5.09951e-01
   2.35926    7.57156  331.78334     5.07482e-01
   2.36540    7.63943  331.86827     5.04940e-01
   2.37153    7.05233  331.83131     5.02652e-01
   2.37767    7.41329  332.14336     4.99542e-01
   2.38381    7.09061  331.45151     4.97880e-01
   2.38994    7.31968  331.85749     4.95064e-01
   2.39608    7.33292  332.33564     4.91975e-01
   2.40221    7.14406  332.02544     4.90257e-01
   2.40835    6.56150  332.05895     4.87494e-01
   2.41449    7.23659  332.23884     4.85036e-01
   2.42062    6.92235  331.94504     4.83415e-01
   2.42676    6.94318  331.85986     4.80935e-01
   2.43289    7.16426  331.68265     4.79286e-01
   2.43903    7.51866  331.78559     4.76601e-01
   2.44517    7.19872  331.44480     4.75281e-01
   2.45130    7.50175  331.77919     4.72108e-01
   2.45744    7.29816  331.04870     4.71419e-01
   2.46357    7.23241  331.88031     4.67784e-01
   2.46971    6.97538  331.83412     4.64835e-01
   2.47584    6.66815  331.16707     4.64174e-01
   2.48198    7.29121  331.64674     4.61170e-01
   2.48812    7.29108  331.29158     4.59817e-01
   2.49425    7.13619  331.64728     4.56759e-01
   2.50039    6.50623  331.26817     4.55418e-01
   2.50652    7.04577  331.18833     4.53401e-01
   2.51266    7.14409  331.31732     4.51261e-01
   2.51880    6.97547  330.78685     4.49976e-01
   2.52493    6.75833  331.14155     4.47257e-01
   2.53107    6.67252  331.14732     4.45083e-01
   2.53720    7.08188  331.01336     4.43002e-01
   2.54334    7.18480  331.44718     4.40417e-01
   2.54948    7.49987  330.53532     4.39449e-01
   2.55561    7.18360  330.91621     4.37340e-01
   2.56175    7.62123  330.82655     4.34634e-01
   2.56788    7.24013  330.30394     4.33571e-01
   2.57402    7.03336  330.48840     4.31176e-01
   2.58016    7.37445  330.57765     4.29166e-01
   2.58629    7.26443  330.28806     4.28140e-01
   2.59243    6.84199  330.12750     4.25718e-01
   2.59856    6.65214  329.99849     4.24003e-01
   2.60470    7.31465  329.97923     4.22181e-01
   2.61084    6.61132  329.80936     4.20371e-01
   2.61697    6.71995  330.11994     4.17935e-01
   2.62311    7.00370  329.61312     4.16646e-01
   2.62924    6.84779  329.32784     4.15307e-01
   2.63538    6.71672  329.07098     4.14173e-01
   2.64151    7.17141  329.69361     4.10672e-01
   2.64765    7.39918  329.33346     4.09570e-01
   2.65379    6.95701  329.29442     4.07733e-01
   2.65992    7.17179  329.22808     4.05699e-01
   2.66606    7.05607  328.57206     4.05079e-01
   2.67219    6.99675  328.48334     4.03280e-01
   2.67833    7.01953  328.23635     4.01866e-01
   2.68447    7.21657  328.28550     3.99888e-01
   2.69060    6.62484  328.43078     3.97372e-01
   2.69674    6.73105  328.58034     3.95545e-01
   2.70287    6.70050  327.78165     3.94676e-01
   2.70901    6.55946  327.81368     3.93261e-01
   2.71515    6.53236  327.53682     3.91784e-01
   2.72128    6.47231  327.75571     3.89513e-01
   2.72742    6.69174  327.53506     3.87969e-01
   2.73355    6.31579  326.91135     3.87251e-01
   2.73969    6.40363  327.38199     3.85150e-01
   2.74583    6.75968  326.74379     3.84156e-01
   2.75196    6.78987  327.05204     3.82198e-01
   2.75810    6.68373  326.85754     3.81116e-01
   2.76423    6.42468  326.62284     3.79054e-01
   2.77037    6.63292  326.12180     3.77979e-01
   2.77651    6.62604  326.07839     3.76563e-01
   2.78264    6.83729  326.35227     3.74078e-01
   2.78878    6.86840  326.33647     3.72108e-01
   2.79491    6.45956  326.03465     3.71673e-01
   2.80105    6.92737  325.66374     3.70181e-01
   2.80718    6.17726  325.39563     3.68769e-01
   2.81332    6.86983  325.41868     3.66886e-01
   2.81946    6.98698  325.07252     3.66133e-01
   2.82559    6.12481  324.94433     3.64763e-01
   2.83173    6.70055  324.96722     3.63175e-01
   2.83786    6.71767  324.87378     3.61507e-01
   2.84400    6.62209  324.54904     3.60376e-01
   2.85014    6.40568  324.62405     3.59040e-01
   2.85627    6.95356  324.52582     3.57100e-01
   2.86241    6.43623  324.36023     3.55805e-01
   2.86854    6.58719  323.90015     3.55087e-01
   2.87468    6.54013  324.11718     3.53222e-01
   2.88082    6.35987  323.78882     3.52029e-01
   2.88695    6.46298  323.56232     3.50927e-01
   2.89309    6.35940  323.30984     3.49828e-01
   2.89922    6.27453  323.40021     3.48030e-01
   2.90536    6.39807  323.45434     3.46304e-01
   2.91150    6.35960  322.88616     3.45565e-01
   2.91763    6.35339  322.74361     3.44386e-01
   2.92377    6.25060  322.79377     3.43066e-01
   2.92990    6.35252  322.67089     3.41692e-01
   2.93604    6.62433  322.24973     3.40329e-01
   2.94218    5.88537  322.33727     3.39138e-01
   2.94831    6.16147  322.24376     3.37756e-01
   2.95445    6.69913  321.83545     3.36685e-01
   2.96058    6.51079  321.99278     3.35154e-01
   2.96672    6.52614  321.80949     3.34217e-01
   2.97285    6.57544  321.70300     3.32595e-01
   2.97899    6.21011  321.11014     3.32338e-01
   2.98513    6.49245  321.19815     3.30715e-01
   2.99126    6.08596  321.09216     3.29699e-01
   2.99740    6.35764  321.17062     3.27925e-01
   3.00353    6.11502  321.04132     3.26818e-01
   3.00967    6.32060  320.86306     3.26042e-01
   3.01581    6.16956  320.70488     3.24597e-01
   3.02194    6.37066  320.11717     3.24113e-01
   3.02808    6.16619  319.89519     3.22824e-01
   3.03421    6.24538  320.27536     3.21057e-01
   3.04035    5.89533  319.92880     3.20188e-01
   3.04649    6.26315  319.77227     3.18922e-01
   3.05262    6.13903  319.87418     3.17601e-01
   3.05876    5.88986  319.82145     3.16264e-01
   3.06489    6.39044  319.44945     3.15520e-01
   3.07103    6.06005  319.16440     3.14750e-01
   3.07717    6.29967  319.48945     3.12911e-01
   3.08330    6.08959  319.24432     3.12111e-01
   3.08944    5.84882  318.96451     3.10871e-01
   3.09557    5.88460  318.81576     3.10091e-01
   3.10171    5.98839  318.76835     3.09284e-01
   3.10785    5.77098  318.58422     3.08089e-01
   3.11398    5.61460  318.33134     3.06953e-01
   3.12012    5.94118  318.48387     3.05690e-01
   3.12625    5.88810  318.29057     3.04698e-01
   3.13239    6.10253  318.28246     3.03909e-01
   3.13852    5.97258  318.23234     3.02346e-01
