#        k       b1_x       b1_a            Pkmm
   0.03682    2.51640    2.51855 1.17648e+03+0.00000e+00j
   0.06136    2.46846    2.47313 7.26870e+02+0.00000e+00j
   0.08590    2.45545    2.46204 4.85621e+02+0.00000e+00j
   0.11045    2.49228    2.50237 3.18584e+02+0.00000e+00j
   0.13499    2.50717    2.51615 2.59735e+02+0.00000e+00j
   0.15953    2.52090    2.53675 1.86058e+02+0.00000e+00j
   0.18408    2.51332    2.53194 1.46473e+02+0.00000e+00j
   0.20862    2.54506    2.56472 1.19229e+02+0.00000e+00j
   0.23317    2.58176    2.60394 9.99285e+01+0.00000e+00j
   0.25771    2.53964    2.56274 8.02229e+01+0.00000e+00j
   0.28225    2.56521    2.59100 7.09804e+01+0.00000e+00j
   0.30680    2.60068    2.63009 5.88281e+01+0.00000e+00j
   0.33134    2.61386    2.64107 5.32082e+01+0.00000e+00j
   0.35588    2.62449    2.65466 4.39569e+01+0.00000e+00j
   0.38043    2.62068    2.65298 3.90500e+01+0.00000e+00j
   0.40497    2.66942    2.69759 3.54958e+01+0.00000e+00j
   0.42951    2.67100    2.70218 3.13054e+01+0.00000e+00j
   0.45406    2.68025    2.70874 2.74497e+01+0.00000e+00j
   0.47860    2.69622    2.72871 2.52963e+01+0.00000e+00j
   0.50315    2.70990    2.73863 2.30210e+01+0.00000e+00j
   0.52769    2.74614    2.77130 2.09790e+01+0.00000e+00j
   0.55223    2.74598    2.77260 1.91879e+01+0.00000e+00j
   0.57678    2.76994    2.79648 1.82155e+01+0.00000e+00j
   0.60132    2.75741    2.77917 1.60819e+01+0.00000e+00j
   0.62586    2.78716    2.81052 1.51910e+01+0.00000e+00j
   0.65041    2.81285    2.83227 1.38225e+01+0.00000e+00j
   0.67495    2.81919    2.83581 1.32025e+01+0.00000e+00j
   0.69950    2.83472    2.85079 1.22742e+01+0.00000e+00j
   0.72404    2.84888    2.85784 1.14236e+01+0.00000e+00j
   0.74858    2.86919    2.87803 1.06350e+01+0.00000e+00j
   0.77313    2.87426    2.88051 1.01280e+01+0.00000e+00j
   0.79767    2.89420    2.89570 9.43131e+00+0.00000e+00j
   0.82221    2.92247    2.92271 8.80753e+00+0.00000e+00j
   0.84676    2.90929    2.90472 8.22872e+00+0.00000e+00j
   0.87130    2.93622    2.92309 8.07882e+00+0.00000e+00j
   0.89584    2.95305    2.93451 7.31867e+00+0.00000e+00j
   0.92039    2.97102    2.94642 7.11037e+00+0.00000e+00j
   0.94493    2.98187    2.95457 6.67381e+00+0.00000e+00j
   0.96948    2.98955    2.95985 6.36724e+00+0.00000e+00j
   0.99402    3.01039    2.97276 6.16037e+00+0.00000e+00j
   1.01856    3.01824    2.97517 5.90561e+00+0.00000e+00j
   1.04311    3.04443    2.99790 5.61641e+00+0.00000e+00j
   1.06765    3.05236    2.99954 5.32279e+00+0.00000e+00j
   1.09219    3.06864    3.00349 5.02874e+00+0.00000e+00j
   1.11674    3.07921    3.01072 4.90837e+00+0.00000e+00j
   1.14128    3.09720    3.02092 4.70494e+00+0.00000e+00j
   1.16583    3.10123    3.01983 4.49199e+00+0.00000e+00j
   1.19037    3.11121    3.01940 4.28807e+00+0.00000e+00j
   1.21491    3.12894    3.03109 4.10891e+00+0.00000e+00j
   1.23946    3.13970    3.03272 3.97900e+00+0.00000e+00j
   1.26400    3.14934    3.03461 3.77470e+00+0.00000e+00j
   1.28854    3.16350    3.04045 3.64617e+00+0.00000e+00j
   1.31309    3.17747    3.05213 3.53700e+00+0.00000e+00j
   1.33763    3.20346    3.06859 3.41169e+00+0.00000e+00j
   1.36217    3.21032    3.06831 3.33434e+00+0.00000e+00j
   1.38672    3.21613    3.06015 3.17382e+00+0.00000e+00j
   1.41126    3.24598    3.08510 3.09886e+00+0.00000e+00j
   1.43581    3.23755    3.06809 2.98222e+00+0.00000e+00j
   1.46035    3.25665    3.07772 2.87251e+00+0.00000e+00j
   1.48489    3.26979    3.07985 2.81135e+00+0.00000e+00j
   1.50944    3.28272    3.08297 2.69251e+00+0.00000e+00j
   1.53398    3.30094    3.08878 2.61247e+00+0.00000e+00j
   1.55852    3.31551    3.09684 2.53588e+00+0.00000e+00j
   1.58307    3.33022    3.10001 2.44877e+00+0.00000e+00j
   1.60761    3.33504    3.09215 2.36263e+00+0.00000e+00j
   1.63216    3.33956    3.08762 2.32848e+00+0.00000e+00j
   1.65670    3.36075    3.09992 2.22214e+00+0.00000e+00j
   1.68124    3.36754    3.09122 2.18140e+00+0.00000e+00j
   1.70579    3.37841    3.09381 2.12399e+00+0.00000e+00j
   1.73033    3.39730    3.09924 2.05658e+00+0.00000e+00j
   1.75487    3.41578    3.10925 1.99290e+00+0.00000e+00j
   1.77942    3.42406    3.10293 1.94365e+00+0.00000e+00j
   1.80396    3.43702    3.10468 1.89443e+00+0.00000e+00j
   1.82851    3.44504    3.10718 1.87150e+00+0.00000e+00j
   1.85305    3.45863    3.10697 1.81104e+00+0.00000e+00j
   1.87759    3.47659    3.10932 1.75420e+00+0.00000e+00j
   1.90214    3.48894    3.11070 1.70914e+00+0.00000e+00j
   1.92668    3.49741    3.10143 1.66415e+00+0.00000e+00j
   1.95122    3.50252    3.09405 1.60988e+00+0.00000e+00j
   1.97577    3.51873    3.09836 1.57800e+00+0.00000e+00j
   2.00031    3.53369    3.10310 1.54749e+00+0.00000e+00j
   2.02485    3.53713    3.09100 1.51119e+00+0.00000e+00j
   2.04940    3.55200    3.09320 1.47642e+00+0.00000e+00j
   2.07394    3.56808    3.09630 1.44393e+00+0.00000e+00j
   2.09849    3.56420    3.07136 1.39772e+00+0.00000e+00j
   2.12303    3.59375    3.09117 1.36744e+00+0.00000e+00j
   2.14757    3.59409    3.07453 1.34060e+00+0.00000e+00j
   2.17212    3.60340    3.07233 1.31660e+00+0.00000e+00j
   2.19666    3.61871    3.06828 1.27895e+00+0.00000e+00j
   2.22120    3.62183    3.05355 1.24867e+00+0.00000e+00j
   2.24575    3.63636    3.05397 1.21797e+00+0.00000e+00j
   2.27029    3.64422    3.04594 1.19145e+00+0.00000e+00j
   2.29484    3.65618    3.04126 1.16594e+00+0.00000e+00j
   2.31938    3.67421    3.04456 1.14493e+00+0.00000e+00j
   2.34392    3.68202    3.03488 1.12126e+00+0.00000e+00j
   2.36847    3.68497    3.01945 1.09723e+00+0.00000e+00j
   2.39301    3.70703    3.01403 1.05688e+00+0.00000e+00j
   2.41755    3.70710    2.99822 1.04232e+00+0.00000e+00j
   2.44210    3.72447    3.00650 1.03007e+00+0.00000e+00j
   2.46664    3.73766    3.00004 1.00270e+00+0.00000e+00j
   2.49118    3.74760    2.98701 9.82357e-01+0.00000e+00j
   2.51573    3.75794    2.98132 9.63863e-01+0.00000e+00j
   2.54027    3.77291    2.97882 9.45345e-01+0.00000e+00j
   2.56482    3.78030    2.96976 9.29979e-01+0.00000e+00j
   2.58936    3.79073    2.94903 9.01434e-01+0.00000e+00j
   2.61390    3.80739    2.95240 8.87169e-01+0.00000e+00j
   2.63845    3.81135    2.93359 8.68928e-01+0.00000e+00j
   2.66299    3.82414    2.92986 8.58852e-01+0.00000e+00j
   2.68753    3.84131    2.92467 8.38625e-01+0.00000e+00j
   2.71208    3.83997    2.89903 8.24209e-01+0.00000e+00j
   2.73662    3.84951    2.88505 8.05989e-01+0.00000e+00j
   2.76117    3.86016    2.86885 7.87012e-01+0.00000e+00j
   2.78571    3.87633    2.86400 7.70658e-01+0.00000e+00j
   2.81025    3.88408    2.84163 7.55192e-01+0.00000e+00j
   2.83480    3.88585    2.82937 7.49095e-01+0.00000e+00j
   2.85934    3.89965    2.81677 7.31635e-01+0.00000e+00j
   2.88388    3.91507    2.80271 7.14455e-01+0.00000e+00j
   2.90843    3.92291    2.78699 7.04408e-01+0.00000e+00j
   2.93297    3.93586    2.76197 6.85119e-01+0.00000e+00j
   2.95751    3.93485    2.74482 6.78292e-01+0.00000e+00j
   2.98206    3.95303    2.72921 6.61628e-01+0.00000e+00j
   3.00660    3.96933    2.71814 6.47651e-01+0.00000e+00j
   3.03115    3.98194    2.71687 6.42160e-01+0.00000e+00j
   3.05569    3.99020    2.69348 6.28485e-01+0.00000e+00j
   3.08023    3.99717    2.67039 6.17852e-01+0.00000e+00j
   3.10478    3.99866    2.62892 6.04279e-01+0.00000e+00j
   3.12932    4.01270    2.62195 5.95387e-01+0.00000e+00j
   3.15386    4.02317    2.60171 5.85330e-01+0.00000e+00j
   3.17841    4.03204    2.57084 5.72613e-01+0.00000e+00j
   3.20295    4.04861    2.57013 5.65906e-01+0.00000e+00j
   3.22750    4.05717    2.54507 5.56024e-01+0.00000e+00j
   3.25204    4.06337    2.49524 5.42038e-01+0.00000e+00j
   3.27658    4.07249    2.47952 5.35049e-01+0.00000e+00j
   3.30113    4.07690    2.44371 5.25134e-01+0.00000e+00j
   3.32567    4.09674    2.43020 5.15176e-01+0.00000e+00j
   3.35021    4.10161    2.39175 5.06268e-01+0.00000e+00j
   3.37476    4.11518    2.36398 4.96375e-01+0.00000e+00j
   3.39930    4.12431    2.33149 4.87623e-01+0.00000e+00j
   3.42385    4.13216    2.30001 4.80641e-01+0.00000e+00j
   3.44839    4.13819    2.24725 4.69850e-01+0.00000e+00j
   3.47293    4.14807    2.22035 4.62790e-01+0.00000e+00j
   3.49748    4.15621    2.19440 4.57197e-01+0.00000e+00j
   3.52202    4.17070    2.15888 4.47892e-01+0.00000e+00j
   3.54656    4.18428    2.12148 4.39415e-01+0.00000e+00j
   3.57111    4.19649    2.09607 4.33019e-01+0.00000e+00j
   3.59565    4.20256    2.02044 4.23025e-01+0.00000e+00j
   3.62019    4.20372    1.96671 4.16596e-01+0.00000e+00j
   3.64474    4.21825    1.93791 4.10201e-01+0.00000e+00j
   3.66928    4.23361    1.89665 4.02649e-01+0.00000e+00j
   3.69383    4.23681    1.83222 3.95821e-01+0.00000e+00j
   3.71837    4.24077    1.76794 3.89962e-01+0.00000e+00j
   3.74291    4.25029    1.70878 3.83646e-01+0.00000e+00j
   3.76746    4.26055    1.66067 3.77064e-01+0.00000e+00j
   3.79200    4.26871    1.57953 3.69772e-01+0.00000e+00j
   3.81654    4.28673    1.52454 3.62823e-01+0.00000e+00j
   3.84109    4.29176    1.41350 3.55769e-01+0.00000e+00j
   3.86563    4.29717    1.35092 3.51628e-01+0.00000e+00j
   3.89018    4.30188    1.22589 3.44760e-01+0.00000e+00j
   3.91472    4.31575    1.16325 3.39794e-01+0.00000e+00j
   3.93926    4.32986    1.11176 3.35761e-01+0.00000e+00j
   3.96381    4.33703    0.89160 3.27035e-01+0.00000e+00j
   3.98835    4.34014    0.73661 3.22382e-01+0.00000e+00j
   4.01289    4.35675    0.63450 3.17982e-01+0.00000e+00j
   4.03744    4.36588    0.25364 3.11475e-01+0.00000e+00j
   4.06198    4.37595    0.48846 3.05941e-01+0.00000e+00j
   4.08652    4.37770    0.75963 3.00537e-01+0.00000e+00j
   4.11107    4.39367    0.84537 2.96596e-01+0.00000e+00j
   4.13561    4.40145    1.02181 2.91921e-01+0.00000e+00j
   4.16016    4.40251    1.19898 2.86504e-01+0.00000e+00j
   4.18470    4.41801    1.30748 2.81172e-01+0.00000e+00j
   4.20924    4.42433    1.40413 2.77570e-01+0.00000e+00j
   4.23379    4.43881    1.50348 2.72683e-01+0.00000e+00j
   4.25833    4.44451    1.61750 2.68203e-01+0.00000e+00j
   4.28287    4.45079    1.70619 2.64130e-01+0.00000e+00j
   4.30742    4.45810    1.82640 2.59088e-01+0.00000e+00j
   4.33196    4.47459    1.87321 2.55696e-01+0.00000e+00j
   4.35651    4.48468    1.99007 2.50421e-01+0.00000e+00j
   4.38105    4.49347    2.07862 2.46220e-01+0.00000e+00j
   4.40559    4.50467    2.14489 2.42594e-01+0.00000e+00j
   4.43014    4.51704    2.23335 2.38171e-01+0.00000e+00j
   4.45468    4.51191    2.32040 2.35433e-01+0.00000e+00j
   4.47922    4.52585    2.40070 2.31131e-01+0.00000e+00j
   4.50377    4.53159    2.49156 2.27100e-01+0.00000e+00j
   4.52831    4.54257    2.55564 2.23944e-01+0.00000e+00j
   4.55285    4.55499    2.64600 2.19276e-01+0.00000e+00j
   4.57740    4.55953    2.72807 2.16028e-01+0.00000e+00j
   4.60194    4.57141    2.79419 2.12724e-01+0.00000e+00j
   4.62649    4.57790    2.88666 2.08671e-01+0.00000e+00j
   4.65103    4.58848    2.92639 2.06694e-01+0.00000e+00j
   4.67557    4.59838    3.02043 2.02481e-01+0.00000e+00j
   4.70012    4.60476    3.09256 1.99412e-01+0.00000e+00j
   4.72466    4.61411    3.18111 1.95597e-01+0.00000e+00j
   4.74920    4.62457    3.24648 1.92473e-01+0.00000e+00j
   4.77375    4.63242    3.31851 1.89576e-01+0.00000e+00j
   4.79829    4.64411    3.38145 1.86712e-01+0.00000e+00j
   4.82284    4.64530    3.47375 1.83278e-01+0.00000e+00j
   4.84738    4.65689    3.53720 1.80558e-01+0.00000e+00j
   4.87192    4.67316    3.59474 1.77830e-01+0.00000e+00j
   4.89647    4.67378    3.69108 1.74543e-01+0.00000e+00j
   4.92101    4.68492    3.74559 1.72095e-01+0.00000e+00j
   4.94555    4.68710    3.83571 1.68926e-01+0.00000e+00j
   4.97010    4.69482    3.88916 1.67051e-01+0.00000e+00j
   4.99464    4.70847    3.94968 1.64525e-01+0.00000e+00j
   5.01919    4.71475    4.04184 1.61381e-01+0.00000e+00j
   5.04373    4.72537    4.10090 1.59023e-01+0.00000e+00j
   5.06827    4.73771    4.18000 1.56201e-01+0.00000e+00j
   5.09282    4.74092    4.23976 1.54352e-01+0.00000e+00j
   5.11736    4.74856    4.31040 1.51954e-01+0.00000e+00j
   5.14190    4.75652    4.40186 1.48926e-01+0.00000e+00j
   5.16645    4.77054    4.46769 1.46523e-01+0.00000e+00j
   5.19099    4.77896    4.53678 1.44296e-01+0.00000e+00j
   5.21553    4.78084    4.62027 1.41892e-01+0.00000e+00j
   5.24008    4.79452    4.67490 1.39865e-01+0.00000e+00j
   5.26462    4.80416    4.75293 1.37621e-01+0.00000e+00j
   5.28917    4.81627    4.81872 1.35453e-01+0.00000e+00j
   5.31371    4.81715    4.88946 1.33627e-01+0.00000e+00j
   5.33825    4.83240    4.95469 1.31433e-01+0.00000e+00j
   5.36280    4.84093    5.02065 1.29663e-01+0.00000e+00j
   5.38734    4.84139    5.11324 1.27245e-01+0.00000e+00j
   5.41188    4.85723    5.18856 1.25034e-01+0.00000e+00j
   5.43643    4.86710    5.23754 1.23638e-01+0.00000e+00j
   5.46097    4.86923    5.31700 1.21709e-01+0.00000e+00j
   5.48552    4.87473    5.39141 1.19877e-01+0.00000e+00j
   5.51006    4.89400    5.46734 1.17778e-01+0.00000e+00j
   5.53460    4.89729    5.53299 1.16222e-01+0.00000e+00j
   5.55915    4.90899    5.60039 1.14472e-01+0.00000e+00j
   5.58369    4.90936    5.68916 1.12557e-01+0.00000e+00j
   5.60823    4.92043    5.72956 1.11490e-01+0.00000e+00j
   5.63278    4.92747    5.81106 1.09699e-01+0.00000e+00j
   5.65732    4.93399    5.88508 1.08045e-01+0.00000e+00j
   5.68186    4.94536    5.96137 1.06300e-01+0.00000e+00j
   5.70641    4.95634    6.01775 1.04985e-01+0.00000e+00j
   5.73095    4.95219    6.10611 1.03396e-01+0.00000e+00j
   5.75550    4.96978    6.15297 1.02198e-01+0.00000e+00j
   5.78004    4.97361    6.22727 1.00721e-01+0.00000e+00j
   5.80458    4.98451    6.30053 9.92145e-02+0.00000e+00j
   5.82913    4.99526    6.37441 9.77427e-02+0.00000e+00j
   5.85367    4.98888    6.44342 9.64947e-02+0.00000e+00j
   5.87821    4.99978    6.50759 9.53367e-02+0.00000e+00j
   5.90276    5.01002    6.57351 9.40290e-02+0.00000e+00j
   5.92730    5.01605    6.64749 9.26453e-02+0.00000e+00j
   5.95185    5.02903    6.71589 9.12959e-02+0.00000e+00j
   5.97639    5.03596    6.77709 9.02543e-02+0.00000e+00j
   6.00093    5.03537    6.87106 8.87486e-02+0.00000e+00j
   6.02548    5.04543    6.94104 8.75532e-02+0.00000e+00j
   6.05002    5.04958    6.99050 8.67229e-02+0.00000e+00j
   6.07456    5.06006    7.05508 8.56492e-02+0.00000e+00j
   6.09911    5.06185    7.12869 8.45159e-02+0.00000e+00j
   6.12365    5.07135    7.19022 8.35116e-02+0.00000e+00j
   6.14819    5.07301    7.23574 8.28294e-02+0.00000e+00j
   6.17274    5.08022    7.32548 8.14735e-02+0.00000e+00j
   6.19728    5.08934    7.38854 8.04453e-02+0.00000e+00j
   6.22183    5.10020    7.45066 7.94847e-02+0.00000e+00j
   6.24637    5.09372    7.53272 7.84311e-02+0.00000e+00j
   6.27091    5.10660    7.57122 7.78051e-02+0.00000e+00j
