# Subtracting SN=    6.46847e+00.
#        k         Pk_0_HI
   0.03471     9.57677e+03
   0.04533     7.31187e+03
   0.05750     5.64290e+03
   0.07243     5.00835e+03
   0.08030     3.98600e+03
   0.09129     3.12261e+03
   0.10670     2.59678e+03
   0.11962     2.42169e+03
   0.12974     2.22591e+03
   0.14416     1.71446e+03
   0.15607     1.58752e+03
   0.16886     1.38682e+03
   0.18066     1.19825e+03
   0.19462     1.11965e+03
   0.20682     1.01437e+03
   0.21908     9.35294e+02
   0.23113     8.82739e+02
   0.24367     8.00613e+02
   0.25601     6.75583e+02
   0.26906     6.47268e+02
   0.28135     6.32330e+02
   0.29458     5.50804e+02
   0.30676     5.45449e+02
   0.31943     5.11681e+02
   0.33214     4.96098e+02
   0.34474     4.41167e+02
   0.35626     3.99853e+02
   0.36909     3.89329e+02
   0.38137     3.63482e+02
   0.39368     3.64680e+02
   0.40596     3.29432e+02
   0.41935     3.30602e+02
   0.43138     2.89884e+02
   0.44349     2.79542e+02
   0.45625     2.63758e+02
   0.46966     2.61281e+02
   0.48162     2.53636e+02
   0.49397     2.42891e+02
   0.50656     2.26094e+02
   0.51863     2.31655e+02
   0.53044     2.12271e+02
   0.54375     2.07683e+02
   0.55676     1.95280e+02
   0.56902     1.98208e+02
   0.58090     1.84144e+02
   0.59394     1.76103e+02
   0.60659     1.67782e+02
   0.61858     1.63538e+02
   0.63073     1.63264e+02
   0.64386     1.53593e+02
   0.65636     1.52570e+02
   0.66869     1.52364e+02
   0.68131     1.39399e+02
   0.69392     1.43561e+02
   0.70632     1.35650e+02
   0.71842     1.30331e+02
   0.73133     1.24232e+02
   0.74383     1.24189e+02
   0.75642     1.22203e+02
   0.76892     1.14166e+02
   0.78169     1.16715e+02
   0.79408     1.09630e+02
   0.80610     1.06075e+02
   0.81834     1.04880e+02
   0.83113     1.02623e+02
   0.84356     1.00303e+02
   0.85621     9.51503e+01
   0.86876     9.57820e+01
   0.88154     9.48543e+01
   0.89355     9.02511e+01
   0.90634     8.82121e+01
   0.91886     8.63968e+01
   0.93130     8.45734e+01
   0.94392     8.24869e+01
   0.95621     8.02141e+01
   0.96854     7.98626e+01
   0.98126     7.77464e+01
   0.99357     7.59092e+01
   1.00643     7.46497e+01
   1.01870     7.36592e+01
   1.03126     7.18015e+01
   1.04402     7.19606e+01
   1.05654     6.96409e+01
   1.06869     6.81990e+01
   1.08129     6.48939e+01
   1.09371     6.34564e+01
   1.10646     6.15182e+01
   1.11883     6.28375e+01
   1.13137     6.21368e+01
   1.14381     5.96205e+01
   1.15611     5.88035e+01
   1.16847     5.76390e+01
   1.18123     5.64367e+01
   1.19379     5.53366e+01
   1.20615     5.40080e+01
   1.21876     5.29325e+01
   1.23169     5.18279e+01
   1.24362     5.08946e+01
   1.25596     5.00475e+01
   1.26862     4.95087e+01
   1.28125     4.78847e+01
   1.29378     4.74473e+01
   1.30632     4.73052e+01
   1.31873     4.53441e+01
   1.33129     4.49448e+01
   1.34365     4.53496e+01
   1.35617     4.38558e+01
   1.36877     4.34927e+01
   1.38124     4.25598e+01
   1.39384     4.11957e+01
   1.40620     4.12407e+01
   1.41870     4.09303e+01
   1.43133     3.93551e+01
   1.44395     3.83595e+01
   1.45629     3.84499e+01
   1.46888     3.71112e+01
   1.48123     3.68653e+01
   1.49385     3.53044e+01
   1.50637     3.60898e+01
   1.51879     3.46835e+01
   1.53118     3.44758e+01
   1.54377     3.46964e+01
   1.55620     3.32865e+01
   1.56872     3.36350e+01
   1.58120     3.17291e+01
   1.59371     3.19867e+01
   1.60599     3.10714e+01
   1.61865     3.06909e+01
   1.63133     3.03286e+01
   1.64389     2.96956e+01
   1.65620     2.94121e+01
   1.66875     2.93360e+01
   1.68124     2.82829e+01
   1.69373     2.79904e+01
   1.70613     2.77622e+01
   1.71876     2.70418e+01
   1.73122     2.65186e+01
   1.74388     2.60102e+01
   1.75630     2.59395e+01
   1.76889     2.53108e+01
   1.78135     2.52517e+01
   1.79367     2.47724e+01
   1.80623     2.47556e+01
   1.81883     2.46139e+01
   1.83105     2.37426e+01
   1.84372     2.33592e+01
   1.85626     2.33413e+01
   1.86877     2.29805e+01
   1.88126     2.25615e+01
   1.89376     2.24519e+01
   1.90612     2.19006e+01
   1.91872     2.13574e+01
   1.93133     2.10211e+01
   1.94390     2.08116e+01
   1.95627     2.04385e+01
   1.96884     2.03273e+01
   1.98128     1.99680e+01
   1.99360     1.96729e+01
   2.00601     1.93585e+01
   2.01865     1.92760e+01
   2.03129     1.87674e+01
   2.04372     1.86329e+01
   2.05627     1.82683e+01
   2.06890     1.80935e+01
   2.08129     1.79677e+01
   2.09355     1.75381e+01
   2.10609     1.68824e+01
   2.11865     1.70876e+01
   2.13110     1.65038e+01
   2.14358     1.62750e+01
   2.15632     1.61435e+01
   2.16888     1.61141e+01
   2.18136     1.58428e+01
   2.19375     1.55066e+01
   2.20648     1.52624e+01
   2.21891     1.50241e+01
   2.23127     1.48372e+01
   2.24362     1.44213e+01
   2.25610     1.42178e+01
   2.26860     1.41492e+01
   2.28134     1.38236e+01
   2.29396     1.40520e+01
   2.30651     1.35809e+01
   2.31883     1.33042e+01
   2.33131     1.31858e+01
   2.34379     1.28610e+01
   2.35620     1.26632e+01
   2.36856     1.26221e+01
   2.38127     1.24536e+01
   2.39387     1.22831e+01
   2.40629     1.19444e+01
   2.41869     1.18352e+01
   2.43124     1.16105e+01
   2.44369     1.14895e+01
   2.45637     1.11951e+01
   2.46879     1.11632e+01
   2.48121     1.07847e+01
   2.49370     1.09113e+01
   2.50623     1.06500e+01
   2.51865     1.04478e+01
   2.53107     1.03546e+01
   2.54368     1.02796e+01
   2.55639     9.94515e+00
   2.56875     9.88155e+00
   2.58134     9.62837e+00
   2.59382     9.48051e+00
   2.60628     9.47590e+00
   2.61873     9.24118e+00
   2.63125     9.23972e+00
   2.64375     9.04263e+00
   2.65626     8.86874e+00
   2.66870     8.71951e+00
   2.68122     8.57900e+00
   2.69374     8.43371e+00
   2.70638     8.31422e+00
   2.71888     8.08447e+00
   2.73125     8.07164e+00
   2.74389     8.05035e+00
   2.75628     7.73888e+00
   2.76868     7.59385e+00
   2.78115     7.52083e+00
   2.79379     7.44236e+00
   2.80639     7.21209e+00
   2.81871     7.12884e+00
   2.83124     6.99181e+00
   2.84389     6.94799e+00
   2.85622     6.83038e+00
   2.86878     6.72819e+00
   2.88116     6.55546e+00
   2.89358     6.40211e+00
   2.90611     6.37261e+00
   2.91881     6.18729e+00
   2.93135     6.19693e+00
   2.94381     5.93578e+00
   2.95620     5.99384e+00
   2.96870     5.79087e+00
   2.98120     5.63118e+00
   2.99376     5.52806e+00
   3.00626     5.47450e+00
   3.01885     5.38671e+00
   3.03130     5.39322e+00
   3.04377     5.23061e+00
   3.05623     5.05541e+00
   3.06869     5.03673e+00
   3.08114     4.90805e+00
   3.09378     4.82613e+00
   3.10624     4.71184e+00
   3.11878     4.65169e+00
   3.13134     4.53209e+00
   3.14383     4.39077e+00
   3.15628     4.34803e+00
   3.16884     4.21305e+00
   3.18136     4.16273e+00
   3.19383     4.13385e+00
   3.20620     4.01897e+00
   3.21875     3.90737e+00
   3.23127     3.83790e+00
   3.24385     3.68959e+00
   3.25632     3.63173e+00
   3.26882     3.62343e+00
   3.28133     3.51315e+00
   3.29378     3.46023e+00
   3.30621     3.30429e+00
   3.31875     3.18738e+00
   3.33129     3.19468e+00
   3.34376     3.08385e+00
   3.35620     2.95543e+00
   3.36875     2.97369e+00
   3.38131     2.94313e+00
   3.39380     2.76566e+00
   3.40627     2.75481e+00
   3.41876     2.61184e+00
   3.43124     2.56792e+00
   3.44372     2.52934e+00
   3.45640     2.37840e+00
   3.46891     2.30590e+00
   3.48134     2.24376e+00
   3.49375     2.17209e+00
   3.50630     2.11764e+00
   3.51882     2.08957e+00
   3.53127     2.07370e+00
   3.54369     1.94951e+00
   3.55628     1.91695e+00
   3.56869     1.81914e+00
   3.58119     1.79051e+00
   3.59375     1.61340e+00
   3.60629     1.59554e+00
   3.61878     1.59063e+00
   3.63126     1.42863e+00
   3.64371     1.43031e+00
   3.65630     1.42553e+00
   3.66876     1.35192e+00
   3.68123     1.29007e+00
   3.69375     1.23069e+00
   3.70626     1.17195e+00
   3.71877     1.09136e+00
   3.73139     1.07057e+00
   3.74372     9.90229e-01
   3.75625     9.04507e-01
   3.76880     8.65885e-01
   3.78124     8.26831e-01
   3.79373     7.73103e-01
   3.80635     6.98467e-01
   3.81877     6.94301e-01
   3.83124     5.81512e-01
   3.84376     5.85069e-01
   3.85635     4.79210e-01
   3.86882     4.41166e-01
   3.88122     3.80533e-01
   3.89365     3.46152e-01
   3.90632     3.32025e-01
   3.91889     2.34272e-01
   3.93133     2.19619e-01
   3.94373     1.08600e-01
   3.95623     8.11924e-02
   3.96866     1.65630e-02
   3.98123    -2.26801e-03
   3.99373    -6.27088e-02
   4.00625    -1.01458e-01
   4.01870    -1.30114e-01
   4.03118    -2.05568e-01
   4.04374    -2.77821e-01
   4.05624    -3.32918e-01
   4.06881    -2.94662e-01
   4.08134    -3.97320e-01
   4.09380    -4.21653e-01
   4.10620    -4.40655e-01
   4.11874    -5.13641e-01
   4.13120    -5.50721e-01
   4.14377    -5.93009e-01
   4.15631    -6.42974e-01
   4.16881    -6.89779e-01
   4.18137    -7.41429e-01
   4.19383    -7.43923e-01
   4.20619    -8.52177e-01
   4.21870    -8.70888e-01
   4.23112    -8.84445e-01
   4.24368    -9.05980e-01
   4.25627    -9.56700e-01
   4.26880    -9.82653e-01
   4.28128    -1.00685e+00
   4.29387    -1.10521e+00
   4.30632    -1.13698e+00
   4.31885    -1.13961e+00
   4.33130    -1.18266e+00
   4.34381    -1.22706e+00
   4.35632    -1.24674e+00
   4.36880    -1.32900e+00
   4.38125    -1.32250e+00
   4.39378    -1.36721e+00
   4.40625    -1.43195e+00
   4.41877    -1.43160e+00
   4.43122    -1.47131e+00
   4.44377    -1.53015e+00
   4.45625    -1.55228e+00
   4.46877    -1.57322e+00
   4.48129    -1.61028e+00
   4.49376    -1.64196e+00
   4.50616    -1.69054e+00
   4.51874    -1.72589e+00
   4.53127    -1.76768e+00
   4.54376    -1.78247e+00
   4.55621    -1.80772e+00
   4.56875    -1.84221e+00
   4.58125    -1.85031e+00
   4.59379    -1.91721e+00
   4.60625    -1.93371e+00
   4.61876    -1.97260e+00
   4.63127    -1.99729e+00
   4.64379    -2.01503e+00
   4.65623    -2.06280e+00
   4.66878    -2.07499e+00
   4.68132    -2.12796e+00
   4.69382    -2.13061e+00
   4.70628    -2.16026e+00
   4.71875    -2.20574e+00
   4.73126    -2.22377e+00
   4.74373    -2.24174e+00
   4.75631    -2.31497e+00
   4.76881    -2.31093e+00
   4.78124    -2.33954e+00
   4.79372    -2.33861e+00
   4.80627    -2.38986e+00
   4.81874    -2.42659e+00
   4.83126    -2.46142e+00
   4.84373    -2.46955e+00
   4.85623    -2.50394e+00
   4.86871    -2.52558e+00
   4.88131    -2.55666e+00
   4.89379    -2.59027e+00
   4.90628    -2.61495e+00
   4.91878    -2.64165e+00
   4.93134    -2.66071e+00
   4.94382    -2.68238e+00
   4.95620    -2.68783e+00
   4.96868    -2.73732e+00
   4.98126    -2.75620e+00
   4.99376    -2.77872e+00
   5.00628    -2.81137e+00
   5.01875    -2.83155e+00
   5.03130    -2.84311e+00
   5.04371    -2.87006e+00
   5.05622    -2.89447e+00
   5.06881    -2.92880e+00
   5.08135    -2.93905e+00
   5.09373    -2.96151e+00
   5.10623    -2.97806e+00
   5.11881    -3.01058e+00
   5.13131    -3.02843e+00
   5.14374    -3.07910e+00
   5.15625    -3.08896e+00
   5.16877    -3.10203e+00
   5.18129    -3.12945e+00
   5.19371    -3.14577e+00
   5.20625    -3.16265e+00
   5.21875    -3.18418e+00
   5.23123    -3.20547e+00
   5.24379    -3.23360e+00
   5.25634    -3.26199e+00
   5.26874    -3.27605e+00
   5.28131    -3.29440e+00
   5.29381    -3.31421e+00
   5.30624    -3.33187e+00
   5.31872    -3.35906e+00
   5.33129    -3.35764e+00
   5.34379    -3.38324e+00
   5.35625    -3.40020e+00
   5.36870    -3.42404e+00
   5.38124    -3.43032e+00
   5.39374    -3.46091e+00
   5.40623    -3.47138e+00
   5.41876    -3.50084e+00
   5.43126    -3.51798e+00
   5.44380    -3.53441e+00
   5.45628    -3.53991e+00
   5.46874    -3.57517e+00
   5.48120    -3.58000e+00
   5.49374    -3.59598e+00
   5.50624    -3.62507e+00
   5.51876    -3.62146e+00
   5.53124    -3.64743e+00
   5.54372    -3.65768e+00
   5.55619    -3.66421e+00
   5.56876    -3.70824e+00
   5.58121    -3.70798e+00
   5.59376    -3.72928e+00
   5.60632    -3.74369e+00
   5.61877    -3.76169e+00
   5.63124    -3.78547e+00
   5.64374    -3.79033e+00
   5.65626    -3.81079e+00
   5.66881    -3.82218e+00
   5.68122    -3.83276e+00
   5.69378    -3.85251e+00
   5.70630    -3.86653e+00
   5.71878    -3.86827e+00
   5.73124    -3.90965e+00
   5.74378    -3.90791e+00
   5.75626    -3.92805e+00
   5.76874    -3.93350e+00
   5.78126    -3.95608e+00
   5.79374    -3.94126e+00
   5.80619    -3.98409e+00
   5.81877    -3.98126e+00
   5.83124    -4.01291e+00
   5.84375    -4.01902e+00
   5.85626    -4.03594e+00
   5.86877    -4.03816e+00
   5.88125    -4.05317e+00
   5.89380    -4.06501e+00
   5.90629    -4.07239e+00
   5.91878    -4.09959e+00
   5.93125    -4.10158e+00
   5.94374    -4.10896e+00
   5.95623    -4.13633e+00
   5.96873    -4.13221e+00
   5.98119    -4.16125e+00
   5.99368    -4.16390e+00
   6.00617    -4.18354e+00
   6.01869    -4.18728e+00
   6.03121    -4.19618e+00
   6.04379    -4.20641e+00
   6.05632    -4.22403e+00
   6.06875    -4.23520e+00
   6.08125    -4.24022e+00
   6.09380    -4.25072e+00
   6.10622    -4.27427e+00
   6.11866    -4.27191e+00
   6.13125    -4.28276e+00
   6.14376    -4.29231e+00
   6.15627    -4.30927e+00
   6.16872    -4.30864e+00
   6.18128    -4.32906e+00
   6.19379    -4.33450e+00
   6.20622    -4.34179e+00
   6.21867    -4.35452e+00
   6.23124    -4.36632e+00
   6.24376    -4.35898e+00
   6.25623    -4.38904e+00
   6.26873    -4.38825e+00
   6.28132    -4.42057e+00
