# Redshift space power spectrum in mu bins.
# Subtracting SN=    6.46214e+00.
#     k\mu         0.12500         0.37500         0.62500         0.87500
   0.03682     8.90456e+03             nan     9.52769e+03     1.36833e+04
   0.06136     4.41666e+03     5.34263e+03     6.48878e+03     7.29971e+03
   0.08590     3.16895e+03     3.47411e+03     3.84097e+03     4.30359e+03
   0.11045     2.37301e+03     2.33014e+03     2.81558e+03     3.05804e+03
   0.13499     1.96466e+03     1.65632e+03     2.01435e+03     2.81437e+03
   0.15953     1.21139e+03     1.48372e+03     1.64973e+03     1.98207e+03
   0.18408     1.06450e+03     1.03400e+03     1.31114e+03     1.48216e+03
   0.20862     8.91288e+02     9.36418e+02     1.16287e+03     1.25745e+03
   0.23317     7.50475e+02     8.22058e+02     9.10791e+02     1.18412e+03
   0.25771     5.93799e+02     6.26890e+02     7.75749e+02     8.10837e+02
   0.28225     5.47807e+02     5.54036e+02     6.51592e+02     7.59687e+02
   0.30680     4.50663e+02     5.18564e+02     5.49313e+02     7.46500e+02
   0.33134     4.03804e+02     4.66193e+02     5.18692e+02     6.54778e+02
   0.35588     3.49291e+02     3.94862e+02     4.08535e+02     5.31774e+02
   0.38043     3.09868e+02     3.35771e+02     3.79622e+02     4.73892e+02
   0.40497     3.00264e+02     3.26323e+02     3.70339e+02     4.45660e+02
   0.42951     2.59551e+02     2.96105e+02     3.09424e+02     4.12447e+02
   0.45406     2.35983e+02     2.49055e+02     2.89321e+02     3.42045e+02
   0.47860     2.09999e+02     2.29939e+02     2.84603e+02     3.40722e+02
   0.50315     1.98405e+02     2.18157e+02     2.48908e+02     3.14143e+02
   0.52769     1.89693e+02     1.94808e+02     2.36071e+02     2.97088e+02
   0.55223     1.62861e+02     1.95157e+02     2.26878e+02     2.54009e+02
   0.57678     1.67943e+02     1.74532e+02     2.03808e+02     2.56256e+02
   0.60132     1.43973e+02     1.60578e+02     1.87805e+02     2.31207e+02
   0.62586     1.38776e+02     1.51979e+02     1.72499e+02     2.24994e+02
   0.65041     1.29858e+02     1.40654e+02     1.66150e+02     2.10393e+02
   0.67495     1.18484e+02     1.32209e+02     1.60784e+02     2.08384e+02
   0.69950     1.14125e+02     1.32004e+02     1.51109e+02     1.97457e+02
   0.72404     1.03331e+02     1.20583e+02     1.37981e+02     1.78826e+02
   0.74858     1.01495e+02     1.05419e+02     1.33494e+02     1.78398e+02
   0.77313     9.81293e+01     1.08010e+02     1.24662e+02     1.66829e+02
   0.79767     9.29022e+01     1.04208e+02     1.13475e+02     1.57633e+02
   0.82221     8.82245e+01     9.59495e+01     1.18250e+02     1.47920e+02
   0.84676     7.71840e+01     9.28533e+01     1.07598e+02     1.39259e+02
   0.87130     7.96424e+01     8.76438e+01     1.02984e+02     1.38824e+02
   0.89584     7.20049e+01     8.05775e+01     1.01140e+02     1.28752e+02
   0.92039     6.95237e+01     7.68857e+01     9.49167e+01     1.33545e+02
   0.94493     6.87087e+01     7.55658e+01     8.88739e+01     1.17810e+02
   0.96948     6.57560e+01     7.20300e+01     8.63627e+01     1.15603e+02
   0.99402     6.33313e+01     6.86572e+01     8.19864e+01     1.15487e+02
   1.01856     6.22116e+01     6.71046e+01     8.14911e+01     1.08789e+02
   1.04311     5.83042e+01     6.60539e+01     7.70456e+01     1.04511e+02
   1.06765     5.60908e+01     6.22864e+01     7.16185e+01     1.02508e+02
   1.09219     5.39704e+01     5.75253e+01     7.13528e+01     9.50874e+01
   1.11674     5.42505e+01     5.88473e+01     6.52444e+01     9.43567e+01
   1.14128     5.24307e+01     5.56551e+01     6.52696e+01     8.99501e+01
   1.16583     4.79282e+01     5.23318e+01     6.33596e+01     8.50085e+01
   1.19037     4.72556e+01     5.02116e+01     6.22245e+01     8.32785e+01
   1.21491     4.28517e+01     4.90236e+01     5.99399e+01     8.35205e+01
   1.23946     4.29022e+01     4.92387e+01     5.47409e+01     7.92406e+01
   1.26400     4.11449e+01     4.52891e+01     5.51224e+01     7.54713e+01
   1.28854     4.05607e+01     4.31419e+01     5.35670e+01     7.24231e+01
   1.31309     3.96279e+01     4.26201e+01     5.00763e+01     7.08715e+01
   1.33763     3.91926e+01     4.21566e+01     4.99967e+01     6.64707e+01
   1.36217     3.69153e+01     4.15935e+01     4.84345e+01     6.60526e+01
   1.38672     3.60509e+01     3.89988e+01     4.52778e+01     6.47833e+01
   1.41126     3.55859e+01     3.89933e+01     4.52562e+01     6.36329e+01
   1.43581     3.33252e+01     3.56831e+01     4.33731e+01     6.12173e+01
   1.46035     3.17285e+01     3.57017e+01     4.14517e+01     5.90756e+01
   1.48489     3.14429e+01     3.49040e+01     4.11879e+01     5.56862e+01
   1.50944     3.07811e+01     3.34027e+01     3.92353e+01     5.45587e+01
   1.53398     3.02998e+01     3.25329e+01     3.94793e+01     5.39836e+01
   1.55852     2.88463e+01     3.18984e+01     3.73288e+01     5.21802e+01
   1.58307     2.82264e+01     2.99725e+01     3.67470e+01     5.05202e+01
   1.60761     2.68110e+01     3.00675e+01     3.47495e+01     4.77246e+01
   1.63216     2.68529e+01     2.86867e+01     3.38637e+01     4.83281e+01
   1.65670     2.57093e+01     2.73227e+01     3.24298e+01     4.71664e+01
   1.68124     2.50741e+01     2.68784e+01     3.21404e+01     4.55532e+01
   1.70579     2.44378e+01     2.58272e+01     3.08252e+01     4.39590e+01
   1.73033     2.37986e+01     2.51606e+01     3.08332e+01     4.25074e+01
   1.75487     2.29051e+01     2.43350e+01     2.97985e+01     4.12059e+01
   1.77942     2.29637e+01     2.41623e+01     2.86091e+01     4.05514e+01
   1.80396     2.18279e+01     2.36061e+01     2.83145e+01     3.93984e+01
   1.82851     2.14432e+01     2.28851e+01     2.75006e+01     3.94764e+01
   1.85305     2.09223e+01     2.22056e+01     2.73883e+01     3.71075e+01
   1.87759     2.02904e+01     2.18660e+01     2.67793e+01     3.61435e+01
   1.90214     2.00671e+01     2.08924e+01     2.54853e+01     3.60129e+01
   1.92668     1.91402e+01     2.02723e+01     2.44461e+01     3.42799e+01
   1.95122     1.86678e+01     2.01842e+01     2.40511e+01     3.32927e+01
   1.97577     1.81754e+01     1.92961e+01     2.35966e+01     3.32405e+01
   2.00031     1.78422e+01     1.86526e+01     2.27810e+01     3.22998e+01
   2.02485     1.72370e+01     1.88279e+01     2.22773e+01     3.05397e+01
   2.04940     1.70729e+01     1.77923e+01     2.07783e+01     3.08345e+01
   2.07394     1.65565e+01     1.73931e+01     2.10893e+01     2.94450e+01
   2.09849     1.58692e+01     1.68015e+01     2.02230e+01     2.82048e+01
   2.12303     1.56054e+01     1.64541e+01     1.99216e+01     2.74956e+01
   2.14757     1.51878e+01     1.59586e+01     1.91794e+01     2.67429e+01
   2.17212     1.49296e+01     1.57246e+01     1.86512e+01     2.67543e+01
   2.19666     1.45666e+01     1.51649e+01     1.81739e+01     2.58550e+01
   2.22120     1.41075e+01     1.47705e+01     1.78339e+01     2.49235e+01
   2.24575     1.37348e+01     1.43538e+01     1.69190e+01     2.40296e+01
   2.27029     1.31018e+01     1.41534e+01     1.70403e+01     2.38668e+01
   2.29484     1.31914e+01     1.37868e+01     1.61908e+01     2.33148e+01
   2.31938     1.25749e+01     1.32972e+01     1.58775e+01     2.22047e+01
   2.34392     1.22904e+01     1.29359e+01     1.53005e+01     2.19059e+01
   2.36847     1.21781e+01     1.25241e+01     1.50360e+01     2.12326e+01
   2.39301     1.18319e+01     1.23004e+01     1.45952e+01     2.03190e+01
   2.41755     1.14036e+01     1.19582e+01     1.40131e+01     1.98671e+01
   2.44210     1.10232e+01     1.16422e+01     1.36446e+01     1.92460e+01
   2.46664     1.07678e+01     1.15902e+01     1.35652e+01     1.87926e+01
   2.49118     1.05403e+01     1.10750e+01     1.32066e+01     1.83928e+01
   2.51573     1.02274e+01     1.07229e+01     1.25781e+01     1.82991e+01
   2.54027     1.04457e+01     1.06249e+01     1.21832e+01     1.74982e+01
   2.56482     9.85403e+00     1.03133e+01     1.22351e+01     1.68212e+01
   2.58936     9.64691e+00     9.73802e+00     1.16671e+01     1.66194e+01
   2.61390     9.13514e+00     9.83203e+00     1.14673e+01     1.61197e+01
   2.63845     8.96254e+00     9.43360e+00     1.11332e+01     1.58889e+01
   2.66299     8.61424e+00     9.28607e+00     1.07570e+01     1.54619e+01
   2.68753     8.54759e+00     8.89353e+00     1.04207e+01     1.46436e+01
   2.71208     8.39840e+00     8.75407e+00     1.01693e+01     1.42393e+01
   2.73662     8.23684e+00     8.39698e+00     9.71380e+00     1.38969e+01
   2.76117     7.79055e+00     8.23601e+00     9.64531e+00     1.36513e+01
   2.78571     7.66414e+00     7.91357e+00     9.10190e+00     1.29389e+01
   2.81025     7.43692e+00     7.69555e+00     9.03902e+00     1.25560e+01
   2.83480     7.32732e+00     7.42145e+00     8.75730e+00     1.24434e+01
   2.85934     7.15706e+00     7.10627e+00     8.56986e+00     1.20286e+01
   2.88388     6.91801e+00     7.03763e+00     8.15857e+00     1.15841e+01
   2.90843     6.77564e+00     6.75697e+00     8.04470e+00     1.14287e+01
   2.93297     6.45590e+00     6.62395e+00     7.85893e+00     1.10422e+01
   2.95751     6.33348e+00     6.46383e+00     7.59467e+00     1.06252e+01
   2.98206     6.06604e+00     6.11236e+00     7.17701e+00     1.05359e+01
   3.00660     5.79692e+00     6.23531e+00     7.04883e+00     1.00032e+01
   3.03115     5.91083e+00     5.95126e+00     6.84051e+00     9.79668e+00
   3.05569     5.68181e+00     5.66932e+00     6.55099e+00     9.30652e+00
   3.08023     5.45930e+00     5.44393e+00     6.29648e+00     9.16904e+00
   3.10478     5.35984e+00     5.18210e+00     6.13480e+00     8.76990e+00
   3.12932     4.94698e+00     5.11059e+00     5.89253e+00     8.58508e+00
   3.15386     4.88862e+00     4.91072e+00     5.76271e+00     8.20799e+00
   3.17841     4.85786e+00     4.75043e+00     5.45322e+00     7.85485e+00
   3.20295     4.74721e+00     4.59809e+00     5.29138e+00     7.76469e+00
   3.22750     4.44884e+00     4.56618e+00     5.13684e+00     7.45430e+00
   3.25204     4.29372e+00     4.25302e+00     4.94749e+00     7.19452e+00
   3.27658     4.25706e+00     4.20297e+00     4.83729e+00     6.87990e+00
   3.30113     3.91186e+00     3.99211e+00     4.65366e+00     6.77515e+00
   3.32567     3.92225e+00     3.71658e+00     4.35945e+00     6.47938e+00
   3.35021     3.74753e+00     3.55345e+00     4.18073e+00     6.35926e+00
   3.37476     3.60339e+00     3.48930e+00     4.14443e+00     6.09788e+00
   3.39930     3.47104e+00     3.30252e+00     3.91929e+00     5.82965e+00
   3.42385     3.35553e+00     3.21657e+00     3.60713e+00     5.57850e+00
   3.44839     3.23667e+00     3.07571e+00     3.53251e+00     5.46406e+00
   3.47293     3.05787e+00     2.81744e+00     3.29546e+00     5.17600e+00
   3.49748     2.84359e+00     2.79771e+00     3.19192e+00     4.98859e+00
   3.52202     2.87877e+00     2.70745e+00     3.05493e+00     4.85961e+00
   3.54656     2.65018e+00     2.53704e+00     2.93458e+00     4.62608e+00
   3.57111     2.58238e+00     2.44240e+00     2.70056e+00     4.43223e+00
   3.59565     2.34764e+00     2.24645e+00     2.60634e+00     4.12319e+00
   3.62019     2.39583e+00     2.09021e+00     2.38419e+00     4.03241e+00
   3.64474     2.24255e+00     2.02943e+00     2.31041e+00     3.93473e+00
   3.66928     2.05046e+00     1.89126e+00     2.11375e+00     3.75780e+00
   3.69383     2.07599e+00     1.72026e+00     1.99843e+00     3.43690e+00
   3.71837     1.85898e+00     1.62172e+00     1.82910e+00     3.27261e+00
   3.74291     1.82917e+00     1.48963e+00     1.75058e+00     3.22500e+00
   3.76746     1.64568e+00     1.36851e+00     1.58191e+00     3.03450e+00
   3.79200     1.61106e+00     1.24690e+00     1.58429e+00     2.82255e+00
   3.81654     1.43979e+00     1.20211e+00     1.37729e+00     2.65486e+00
   3.84109     1.33125e+00     1.04095e+00     1.23966e+00     2.57482e+00
   3.86563     1.24580e+00     9.06062e-01     1.17206e+00     2.31727e+00
   3.89018     1.07597e+00     8.11487e-01     9.64797e-01     2.11303e+00
   3.91472     1.08434e+00     7.50955e-01     9.43436e-01     2.00791e+00
   3.93926     9.69711e-01     6.16941e-01     7.45653e-01     1.87185e+00
   3.96381     8.03954e-01     5.61575e-01     6.59818e-01     1.74703e+00
   3.98835     7.59342e-01     3.99473e-01     5.65944e-01     1.65959e+00
   4.01289     6.83452e-01     3.62454e-01     3.77624e-01     1.55814e+00
   4.03744     5.68359e-01     2.68485e-01     3.03531e-01     1.39292e+00
   4.06198     4.86493e-01     1.44030e-01     3.04692e-01     1.23896e+00
   4.08652     3.28631e-01     8.20112e-02     1.16826e-01     1.11034e+00
   4.11107     2.88766e-01     7.62277e-03     2.93490e-02     9.56018e-01
   4.13561     2.73220e-01     7.84299e-02     2.52839e-02     8.80793e-01
   4.16016     1.45687e-01     2.33799e-01     1.57763e-01     7.11571e-01
   4.18470     6.53830e-02     2.45106e-01     2.70868e-01     6.16089e-01
   4.20924     9.73783e-02     3.18145e-01     3.77982e-01     4.62168e-01
   4.23379     1.35718e-01     4.44811e-01     4.21313e-01     3.23353e-01
   4.25833     1.61056e-01     4.74697e-01     5.20944e-01     2.70896e-01
   4.28287     2.45947e-01     5.38896e-01     6.11432e-01     1.67572e-01
   4.30742     3.88354e-01     6.95688e-01     6.92155e-01     1.85623e-02
   4.33196     4.37092e-01     7.67896e-01     8.48191e-01     8.53578e-02
   4.35651     5.00545e-01     8.00866e-01     9.33398e-01     1.47589e-01
   4.38105     6.30186e-01     9.07335e-01     1.00172e+00     2.92790e-01
   4.40559     6.78505e-01     9.84438e-01     1.09336e+00     3.49168e-01
   4.43014     7.33166e-01     1.08232e+00     1.17474e+00     4.52057e-01
   4.45468     7.97360e-01     1.12930e+00     1.22123e+00     5.56725e-01
   4.47922     8.56477e-01     1.20112e+00     1.29231e+00     6.46825e-01
   4.50377     9.72230e-01     1.28006e+00     1.39767e+00     7.68620e-01
   4.52831     1.00449e+00     1.34488e+00     1.46965e+00     8.52699e-01
   4.55285     1.08589e+00     1.40709e+00     1.51346e+00     9.05966e-01
   4.57740     1.11255e+00     1.46865e+00     1.61408e+00     1.03833e+00
   4.60194     1.18861e+00     1.54600e+00     1.66425e+00     1.11853e+00
   4.62649     1.25713e+00     1.59960e+00     1.76057e+00     1.16178e+00
   4.65103     1.34059e+00     1.69814e+00     1.79062e+00     1.30613e+00
   4.67557     1.34586e+00     1.73218e+00     1.86511e+00     1.35487e+00
   4.70012     1.44623e+00     1.80515e+00     1.93300e+00     1.47306e+00
   4.72466     1.51417e+00     1.88330e+00     2.03838e+00     1.52455e+00
   4.74920     1.55760e+00     1.95573e+00     2.10492e+00     1.55264e+00
   4.77375     1.62301e+00     2.04275e+00     2.14192e+00     1.65851e+00
   4.79829     1.68583e+00     2.04126e+00     2.22521e+00     1.75726e+00
   4.82284     1.74316e+00     2.12257e+00     2.29829e+00     1.83289e+00
   4.84738     1.78480e+00     2.16596e+00     2.34372e+00     1.89052e+00
   4.87192     1.88190e+00     2.22664e+00     2.41267e+00     1.94988e+00
   4.89647     1.93276e+00     2.29358e+00     2.47389e+00     2.04363e+00
   4.92101     1.96677e+00     2.34579e+00     2.51862e+00     2.09698e+00
   4.94555     2.04655e+00     2.38390e+00     2.57840e+00     2.17060e+00
   4.97010     2.10363e+00     2.45509e+00     2.62651e+00     2.20348e+00
   4.99464     2.13185e+00     2.49007e+00     2.70687e+00     2.29260e+00
   5.01919     2.17870e+00     2.52482e+00     2.77062e+00     2.37232e+00
   5.04373     2.25002e+00     2.59428e+00     2.79253e+00     2.43943e+00
   5.06827     2.28620e+00     2.64302e+00     2.84877e+00     2.51723e+00
   5.09282     2.34769e+00     2.71375e+00     2.92847e+00     2.50787e+00
   5.11736     2.39283e+00     2.76196e+00     2.96180e+00     2.61475e+00
   5.14190     2.45640e+00     2.82793e+00     3.02559e+00     2.67117e+00
   5.16645     2.49881e+00     2.87050e+00     3.08948e+00     2.72410e+00
   5.19099     2.54088e+00     2.90707e+00     3.11826e+00     2.77039e+00
   5.21553     2.56551e+00     2.95361e+00     3.18301e+00     2.77457e+00
   5.24008     2.62139e+00     3.00659e+00     3.18982e+00     2.85294e+00
   5.26462     2.65288e+00     3.05340e+00     3.27791e+00     2.92004e+00
   5.28917     2.70424e+00     3.06271e+00     3.33410e+00     2.97355e+00
   5.31371     2.74531e+00     3.12280e+00     3.38256e+00     3.00578e+00
   5.33825     2.76123e+00     3.16576e+00     3.39683e+00     3.06163e+00
   5.36280     2.81682e+00     3.21512e+00     3.46314e+00     3.10900e+00
   5.38734     2.84164e+00     3.25500e+00     3.49424e+00     3.14078e+00
   5.41188     2.88890e+00     3.30331e+00     3.54050e+00     3.18561e+00
   5.43643     2.93884e+00     3.32523e+00     3.56822e+00     3.22882e+00
   5.46097     2.95821e+00     3.37830e+00     3.60857e+00     3.28840e+00
   5.48552     3.01604e+00     3.39595e+00     3.64594e+00     3.32930e+00
   5.51006     3.06113e+00     3.42204e+00     3.68128e+00     3.36249e+00
   5.53460     3.06401e+00     3.47608e+00     3.72965e+00     3.40994e+00
   5.55915     3.08929e+00     3.50795e+00     3.77142e+00     3.44483e+00
   5.58369     3.15380e+00     3.54406e+00     3.80149e+00     3.47187e+00
   5.60823     3.20180e+00     3.59014e+00     3.84744e+00     3.51860e+00
   5.63278     3.19589e+00     3.61780e+00     3.88930e+00     3.54842e+00
   5.65732     3.23412e+00     3.64580e+00     3.91519e+00     3.58756e+00
   5.68186     3.27010e+00     3.69698e+00     3.94020e+00     3.62917e+00
   5.70641     3.29418e+00     3.72444e+00     3.98304e+00     3.67989e+00
   5.73095     3.34160e+00     3.76211e+00     4.02114e+00     3.71158e+00
   5.75550     3.35699e+00     3.78688e+00     4.05483e+00     3.72604e+00
   5.78004     3.38995e+00     3.81835e+00     4.09353e+00     3.76723e+00
   5.80458     3.41296e+00     3.84909e+00     4.12260e+00     3.78854e+00
   5.82913     3.44141e+00     3.86958e+00     4.15019e+00     3.82496e+00
   5.85367     3.46447e+00     3.91405e+00     4.19294e+00     3.85626e+00
   5.87821     3.48550e+00     3.94994e+00     4.20789e+00     3.86546e+00
   5.90276     3.51316e+00     3.95572e+00     4.25215e+00     3.90764e+00
   5.92730     3.52581e+00     3.99102e+00     4.27838e+00     3.93849e+00
   5.95185     3.55133e+00     4.01850e+00     4.31060e+00     3.95697e+00
   5.97639     3.58690e+00     4.04693e+00     4.34882e+00     3.98845e+00
   6.00093     3.60741e+00     4.07440e+00     4.37528e+00     4.01587e+00
   6.02548     3.64079e+00     4.09104e+00     4.40282e+00     4.04960e+00
   6.05002     3.65388e+00     4.13194e+00     4.43277e+00     4.07399e+00
   6.07456     3.67052e+00     4.14721e+00     4.45380e+00     4.09167e+00
   6.09911     3.70331e+00     4.17033e+00     4.47262e+00     4.11201e+00
   6.12365     3.72623e+00     4.19436e+00     4.51085e+00     4.13649e+00
   6.14819     3.72312e+00     4.20784e+00     4.53061e+00     4.16373e+00
   6.17274     3.75250e+00     4.23091e+00     4.56609e+00     4.19884e+00
   6.19728     3.77693e+00     4.27131e+00     4.58819e+00     4.18987e+00
   6.22183     3.78349e+00     4.28608e+00     4.62152e+00     4.21887e+00
   6.24637     3.80046e+00     4.31328e+00     4.63764e+00     4.24340e+00
   6.27091     3.81345e+00     4.33397e+00     4.65620e+00     4.25001e+00
