# Redshift space power spectrum in mu bins.
# Subtracting SN=    3.56192e+01.
#     k\mu         0.12500         0.37500         0.62500         0.87500
   0.03682     1.19867e+04             nan     1.35121e+04     2.07848e+04
   0.06136     5.90303e+03     7.23584e+03     9.58319e+03     1.07683e+04
   0.08590     4.10225e+03     4.64518e+03     5.38859e+03     6.17149e+03
   0.11045     3.15621e+03     3.20269e+03     3.94803e+03     4.42144e+03
   0.13499     2.66885e+03     2.21581e+03     2.79896e+03     4.23270e+03
   0.15953     1.59574e+03     2.05039e+03     2.29860e+03     2.87473e+03
   0.18408     1.42764e+03     1.38610e+03     1.83192e+03     2.14002e+03
   0.20862     1.18160e+03     1.26209e+03     1.67448e+03     1.81287e+03
   0.23317     1.01353e+03     1.14036e+03     1.28970e+03     1.76839e+03
   0.25771     7.94147e+02     8.75768e+02     1.13071e+03     1.22192e+03
   0.28225     7.64118e+02     7.53014e+02     9.35374e+02     1.11514e+03
   0.30680     6.04156e+02     7.12790e+02     7.91307e+02     1.10880e+03
   0.33134     5.56057e+02     6.57862e+02     7.35316e+02     1.03230e+03
   0.35588     4.84540e+02     5.51372e+02     5.83651e+02     8.00536e+02
   0.38043     4.12623e+02     4.57194e+02     5.50851e+02     7.22962e+02
   0.40497     4.10350e+02     4.54861e+02     5.32155e+02     7.00191e+02
   0.42951     3.58622e+02     4.17203e+02     4.48901e+02     6.19713e+02
   0.45406     3.20695e+02     3.47213e+02     4.05714e+02     5.12176e+02
   0.47860     2.79634e+02     3.15628e+02     4.19908e+02     5.54406e+02
   0.50315     2.69412e+02     3.03101e+02     3.58033e+02     4.88799e+02
   0.52769     2.60806e+02     2.60645e+02     3.43796e+02     4.53681e+02
   0.55223     2.20113e+02     2.70045e+02     3.34049e+02     3.89113e+02
   0.57678     2.32864e+02     2.41430e+02     2.90645e+02     3.72719e+02
   0.60132     1.94578e+02     2.25724e+02     2.72537e+02     3.52165e+02
   0.62586     1.89643e+02     2.10321e+02     2.53300e+02     3.40030e+02
   0.65041     1.76151e+02     1.93022e+02     2.32883e+02     3.23271e+02
   0.67495     1.52906e+02     1.81089e+02     2.28936e+02     3.08703e+02
   0.69950     1.49104e+02     1.82372e+02     2.21334e+02     2.99694e+02
   0.72404     1.40818e+02     1.61701e+02     1.96912e+02     2.63626e+02
   0.74858     1.34884e+02     1.42015e+02     1.90407e+02     2.63860e+02
   0.77313     1.31552e+02     1.44269e+02     1.79583e+02     2.46019e+02
   0.79767     1.24426e+02     1.42729e+02     1.55366e+02     2.40160e+02
   0.82221     1.16929e+02     1.26053e+02     1.65204e+02     2.18691e+02
   0.84676     1.00958e+02     1.24399e+02     1.50661e+02     2.04674e+02
   0.87130     1.02431e+02     1.18199e+02     1.42813e+02     2.01693e+02
   0.89584     9.32984e+01     1.09581e+02     1.39049e+02     1.92286e+02
   0.92039     8.84152e+01     1.01039e+02     1.28461e+02     1.94626e+02
   0.94493     8.46116e+01     1.00641e+02     1.25399e+02     1.80287e+02
   0.96948     8.42572e+01     9.40726e+01     1.16530e+02     1.69700e+02
   0.99402     8.14523e+01     8.94035e+01     1.13996e+02     1.59551e+02
   1.01856     7.89787e+01     8.87216e+01     1.13475e+02     1.54311e+02
   1.04311     7.53482e+01     8.48204e+01     1.03141e+02     1.52351e+02
   1.06765     7.01342e+01     8.27855e+01     9.84106e+01     1.47066e+02
   1.09219     6.77174e+01     7.36576e+01     9.40918e+01     1.28961e+02
   1.11674     6.76499e+01     7.42757e+01     8.73357e+01     1.27430e+02
   1.14128     6.47387e+01     7.02123e+01     8.40131e+01     1.24484e+02
   1.16583     6.14654e+01     6.41504e+01     8.34905e+01     1.21337e+02
   1.19037     5.62707e+01     6.02549e+01     8.08889e+01     1.18029e+02
   1.21491     4.98725e+01     5.79122e+01     7.69841e+01     1.12521e+02
   1.23946     5.15545e+01     5.79193e+01     6.87631e+01     1.06583e+02
   1.26400     4.74839e+01     5.54115e+01     6.91612e+01     1.02318e+02
   1.28854     4.65391e+01     5.27820e+01     6.88275e+01     9.62717e+01
   1.31309     4.48094e+01     5.03949e+01     6.16040e+01     9.38718e+01
   1.33763     4.64725e+01     4.96451e+01     6.25003e+01     8.95601e+01
   1.36217     4.34172e+01     4.79831e+01     5.77811e+01     8.52075e+01
   1.38672     4.14885e+01     4.49654e+01     5.47864e+01     8.21774e+01
   1.41126     4.00440e+01     4.43076e+01     5.40134e+01     8.02757e+01
   1.43581     3.72864e+01     3.99528e+01     5.32611e+01     7.86603e+01
   1.46035     3.49630e+01     4.14535e+01     4.70656e+01     7.25814e+01
   1.48489     3.39891e+01     3.83426e+01     4.79428e+01     6.69875e+01
   1.50944     3.35817e+01     3.69121e+01     4.47135e+01     6.73976e+01
   1.53398     3.30635e+01     3.46754e+01     4.45373e+01     6.21583e+01
   1.55852     3.17698e+01     3.26445e+01     4.09165e+01     6.41631e+01
   1.58307     2.94550e+01     3.15877e+01     3.88021e+01     5.72735e+01
   1.60761     2.80099e+01     3.11695e+01     3.85636e+01     5.67229e+01
   1.63216     2.56674e+01     2.99177e+01     3.62658e+01     5.39572e+01
   1.65670     2.52678e+01     2.76409e+01     3.40187e+01     5.36108e+01
   1.68124     2.39878e+01     2.58431e+01     3.33145e+01     5.05672e+01
   1.70579     2.41277e+01     2.52351e+01     3.16371e+01     4.89868e+01
   1.73033     2.17181e+01     2.41548e+01     3.08083e+01     4.73556e+01
   1.75487     2.22628e+01     2.19038e+01     2.76529e+01     4.37909e+01
   1.77942     2.03292e+01     2.17263e+01     2.77443e+01     4.19476e+01
   1.80396     1.93944e+01     2.05924e+01     2.73966e+01     4.02706e+01
   1.82851     1.93304e+01     2.05696e+01     2.47173e+01     3.80998e+01
   1.85305     1.81611e+01     1.91999e+01     2.36958e+01     3.75884e+01
   1.87759     1.87132e+01     1.81477e+01     2.29980e+01     3.76170e+01
   1.90214     1.72269e+01     1.81832e+01     2.16071e+01     3.51323e+01
   1.92668     1.60440e+01     1.63190e+01     2.12365e+01     3.34849e+01
   1.95122     1.45679e+01     1.54147e+01     1.91525e+01     3.15830e+01
   1.97577     1.40716e+01     1.46034e+01     1.96084e+01     3.06399e+01
   2.00031     1.40713e+01     1.34585e+01     1.69499e+01     2.85970e+01
   2.02485     1.29035e+01     1.33275e+01     1.72108e+01     2.73526e+01
   2.04940     1.23637e+01     1.19877e+01     1.57206e+01     2.59340e+01
   2.07394     1.23875e+01     1.10193e+01     1.60250e+01     2.54077e+01
   2.09849     1.02332e+01     1.05494e+01     1.43976e+01     2.32045e+01
   2.12303     9.90610e+00     1.05959e+01     1.35205e+01     2.19316e+01
   2.14757     9.66394e+00     9.68004e+00     1.27210e+01     2.05449e+01
   2.17212     8.69096e+00     9.15698e+00     1.15117e+01     2.08169e+01
   2.19666     8.91175e+00     7.85954e+00     1.22393e+01     1.98743e+01
   2.22120     7.44791e+00     7.91520e+00     9.99344e+00     1.74373e+01
   2.24575     6.72765e+00     6.43169e+00     1.01826e+01     1.69082e+01
   2.27029     6.20742e+00     6.15900e+00     8.64950e+00     1.62030e+01
   2.29484     6.03393e+00     6.13153e+00     8.53713e+00     1.51940e+01
   2.31938     5.63717e+00     5.61320e+00     6.61858e+00     1.48168e+01
   2.34392     5.02663e+00     4.91554e+00     6.89734e+00     1.31792e+01
   2.36847     4.61505e+00     4.02197e+00     6.23799e+00     1.29336e+01
   2.39301     3.46539e+00     3.40395e+00     5.38993e+00     1.16337e+01
   2.41755     3.39277e+00     2.95028e+00     4.71655e+00     1.01248e+01
   2.44210     3.47380e+00     2.72863e+00     4.40915e+00     1.02941e+01
   2.46664     2.31570e+00     2.61561e+00     3.83228e+00     9.27807e+00
   2.49118     1.55615e+00     2.12323e+00     3.42398e+00     8.22873e+00
   2.51573     1.27449e+00     1.15533e+00     2.58587e+00     7.82134e+00
   2.54027     1.42776e+00     1.46635e+00     2.02572e+00     7.60208e+00
   2.56482     9.14340e-01     5.80172e-02     1.81879e+00     6.47531e+00
   2.58936     4.95080e-01     2.51814e-01     1.30016e+00     5.54103e+00
   2.61390     9.62701e-02     1.05591e+00     5.96847e-01     5.55780e+00
   2.63845     2.47915e-01     1.24893e+00     2.40903e-01     4.78980e+00
   2.66299     1.25235e+00     1.48748e+00     1.56330e-01     4.53256e+00
   2.68753     1.17041e+00     1.33763e+00     2.20581e-01     3.21004e+00
   2.71208     1.49437e+00     2.30740e+00     1.04310e+00     2.79410e+00
   2.73662     1.97004e+00     2.03193e+00     1.61763e+00     1.80434e+00
   2.76117     2.64930e+00     2.79294e+00     1.56267e+00     1.68654e+00
   2.78571     2.81962e+00     3.14826e+00     2.31023e+00     1.25528e+00
   2.81025     3.38341e+00     3.33469e+00     2.45671e+00     1.32283e+00
   2.83480     3.57974e+00     3.76124e+00     3.24144e+00     6.08476e-02
   2.85934     3.81811e+00     4.23841e+00     3.23680e+00     1.63024e-01
   2.88388     4.35197e+00     4.83505e+00     3.75587e+00     6.42770e-01
   2.90843     4.46730e+00     4.84920e+00     4.44297e+00     1.28301e+00
   2.93297     5.12547e+00     5.20252e+00     4.57500e+00     1.58530e+00
   2.95751     5.13274e+00     5.78342e+00     4.71483e+00     2.26957e+00
   2.98206     5.83996e+00     6.04956e+00     4.58970e+00     2.46814e+00
   3.00660     5.85957e+00     6.34979e+00     5.67012e+00     2.96440e+00
   3.03115     5.99142e+00     6.75174e+00     5.85494e+00     3.67295e+00
   3.05569     6.43885e+00     6.61584e+00     6.17581e+00     3.26517e+00
   3.08023     6.72293e+00     7.34867e+00     6.68357e+00     3.65483e+00
   3.10478     6.73232e+00     7.55862e+00     6.91925e+00     4.21497e+00
   3.12932     7.21971e+00     7.69361e+00     7.24427e+00     5.17265e+00
   3.15386     7.64856e+00     8.30456e+00     7.25883e+00     5.48231e+00
   3.17841     7.93718e+00     8.70172e+00     7.74244e+00     5.91501e+00
   3.20295     8.10820e+00     8.86568e+00     8.40508e+00     5.88902e+00
   3.22750     8.43867e+00     8.76865e+00     8.27100e+00     6.08826e+00
   3.25204     8.73874e+00     9.36225e+00     8.72372e+00     6.69279e+00
   3.27658     9.00971e+00     9.55065e+00     9.06969e+00     7.07541e+00
   3.30113     9.32576e+00     9.73571e+00     9.16772e+00     7.24874e+00
   3.32567     9.61150e+00     1.00060e+01     9.80028e+00     7.57277e+00
   3.35021     9.92403e+00     1.04396e+01     9.71794e+00     7.76235e+00
   3.37476     1.02187e+01     1.06740e+01     1.01944e+01     8.19589e+00
   3.39930     1.02662e+01     1.09874e+01     1.05366e+01     8.42163e+00
   3.42385     1.04179e+01     1.11503e+01     1.03789e+01     8.93187e+00
   3.44839     1.09165e+01     1.15263e+01     1.08768e+01     9.25535e+00
   3.47293     1.09925e+01     1.14757e+01     1.11857e+01     9.79852e+00
   3.49748     1.12518e+01     1.20439e+01     1.14805e+01     9.84882e+00
   3.52202     1.16349e+01     1.20273e+01     1.18710e+01     9.91704e+00
   3.54656     1.18233e+01     1.21079e+01     1.18958e+01     1.03026e+01
   3.57111     1.16085e+01     1.24687e+01     1.19640e+01     1.05979e+01
   3.59565     1.22846e+01     1.28719e+01     1.23172e+01     1.11138e+01
   3.62019     1.25791e+01     1.28204e+01     1.24818e+01     1.10449e+01
   3.64474     1.27990e+01     1.31981e+01     1.28012e+01     1.15687e+01
   3.66928     1.27623e+01     1.33941e+01     1.33301e+01     1.19437e+01
   3.69383     1.29721e+01     1.33693e+01     1.29934e+01     1.21038e+01
   3.71837     1.33479e+01     1.36223e+01     1.34651e+01     1.20845e+01
   3.74291     1.34425e+01     1.41866e+01     1.39372e+01     1.26282e+01
   3.76746     1.36450e+01     1.43587e+01     1.38577e+01     1.26329e+01
   3.79200     1.39720e+01     1.43754e+01     1.41231e+01     1.29283e+01
   3.81654     1.41074e+01     1.44116e+01     1.43120e+01     1.31621e+01
   3.84109     1.43435e+01     1.48216e+01     1.46954e+01     1.34313e+01
   3.86563     1.46379e+01     1.49765e+01     1.48123e+01     1.38255e+01
   3.89018     1.47244e+01     1.52565e+01     1.49545e+01     1.38224e+01
   3.91472     1.50286e+01     1.51344e+01     1.51482e+01     1.41349e+01
   3.93926     1.52029e+01     1.54940e+01     1.53015e+01     1.44709e+01
   3.96381     1.54194e+01     1.55470e+01     1.55488e+01     1.43601e+01
   3.98835     1.55602e+01     1.59311e+01     1.57564e+01     1.47959e+01
   4.01289     1.56890e+01     1.62103e+01     1.59974e+01     1.49952e+01
   4.03744     1.56627e+01     1.63540e+01     1.62545e+01     1.52115e+01
   4.06198     1.59593e+01     1.65559e+01     1.63768e+01     1.54918e+01
   4.08652     1.62685e+01     1.66740e+01     1.65730e+01     1.57382e+01
   4.11107     1.63842e+01     1.69738e+01     1.66806e+01     1.57947e+01
   4.13561     1.66379e+01     1.71347e+01     1.69246e+01     1.60104e+01
   4.16016     1.68258e+01     1.73267e+01     1.70858e+01     1.63289e+01
   4.18470     1.70170e+01     1.73798e+01     1.72936e+01     1.61254e+01
   4.20924     1.71525e+01     1.76159e+01     1.74961e+01     1.63815e+01
   4.23379     1.74053e+01     1.78567e+01     1.74691e+01     1.68024e+01
   4.25833     1.75962e+01     1.79753e+01     1.78630e+01     1.68339e+01
   4.28287     1.75011e+01     1.80972e+01     1.80333e+01     1.70615e+01
   4.30742     1.78756e+01     1.83414e+01     1.82002e+01     1.73087e+01
   4.33196     1.79066e+01     1.84450e+01     1.83907e+01     1.74673e+01
   4.35651     1.81624e+01     1.85652e+01     1.86328e+01     1.76017e+01
   4.38105     1.82000e+01     1.85195e+01     1.87815e+01     1.79273e+01
   4.40559     1.84281e+01     1.87214e+01     1.88311e+01     1.81247e+01
   4.43014     1.85115e+01     1.90962e+01     1.91180e+01     1.82049e+01
   4.45468     1.88325e+01     1.92690e+01     1.90839e+01     1.82529e+01
   4.47922     1.90331e+01     1.92393e+01     1.94607e+01     1.84269e+01
   4.50377     1.89525e+01     1.94097e+01     1.95211e+01     1.86905e+01
   4.52831     1.93643e+01     1.95306e+01     1.96998e+01     1.87838e+01
   4.55285     1.94647e+01     1.96569e+01     1.98235e+01     1.89013e+01
   4.57740     1.94773e+01     1.99346e+01     1.98935e+01     1.92624e+01
   4.60194     1.95630e+01     2.00438e+01     2.00706e+01     1.92256e+01
   4.62649     1.97387e+01     2.01082e+01     2.02812e+01     1.96165e+01
   4.65103     1.98679e+01     2.00247e+01     2.03885e+01     1.95972e+01
   4.67557     2.00937e+01     2.03267e+01     2.04866e+01     1.96831e+01
   4.70012     2.02001e+01     2.06549e+01     2.08292e+01     1.98554e+01
   4.72466     2.03549e+01     2.06412e+01     2.08131e+01     2.00863e+01
   4.74920     2.04367e+01     2.06481e+01     2.09655e+01     2.00306e+01
   4.77375     2.05474e+01     2.09998e+01     2.11908e+01     2.03341e+01
   4.79829     2.07494e+01     2.11572e+01     2.12627e+01     2.03715e+01
   4.82284     2.08987e+01     2.12904e+01     2.13071e+01     2.05060e+01
   4.84738     2.09899e+01     2.14266e+01     2.15176e+01     2.07297e+01
   4.87192     2.10397e+01     2.14453e+01     2.15631e+01     2.08970e+01
   4.89647     2.10764e+01     2.16526e+01     2.17877e+01     2.09589e+01
   4.92101     2.12782e+01     2.17538e+01     2.19878e+01     2.11837e+01
   4.94555     2.15057e+01     2.19113e+01     2.19870e+01     2.13089e+01
   4.97010     2.15112e+01     2.20189e+01     2.22149e+01     2.14663e+01
   4.99464     2.16310e+01     2.20553e+01     2.23290e+01     2.14494e+01
   5.01919     2.17285e+01     2.22637e+01     2.24028e+01     2.16267e+01
   5.04373     2.19217e+01     2.23080e+01     2.24355e+01     2.18812e+01
   5.06827     2.19421e+01     2.24555e+01     2.27371e+01     2.18811e+01
   5.09282     2.21209e+01     2.26523e+01     2.28600e+01     2.20617e+01
   5.11736     2.23853e+01     2.27285e+01     2.29786e+01     2.21848e+01
   5.14190     2.23893e+01     2.28755e+01     2.30434e+01     2.22334e+01
   5.16645     2.24204e+01     2.28751e+01     2.31696e+01     2.24730e+01
   5.19099     2.26420e+01     2.30638e+01     2.33542e+01     2.25647e+01
   5.21553     2.26330e+01     2.31920e+01     2.34078e+01     2.25755e+01
   5.24008     2.28434e+01     2.32934e+01     2.36218e+01     2.27712e+01
   5.26462     2.28958e+01     2.35044e+01     2.37124e+01     2.28846e+01
   5.28917     2.30156e+01     2.35141e+01     2.38594e+01     2.30765e+01
   5.31371     2.31128e+01     2.37088e+01     2.39532e+01     2.30891e+01
   5.33825     2.32083e+01     2.38172e+01     2.40552e+01     2.31807e+01
   5.36280     2.32365e+01     2.38312e+01     2.42152e+01     2.33288e+01
   5.38734     2.33769e+01     2.38856e+01     2.42632e+01     2.33889e+01
   5.41188     2.34699e+01     2.40691e+01     2.44319e+01     2.34989e+01
   5.43643     2.35136e+01     2.41339e+01     2.45443e+01     2.35518e+01
   5.46097     2.36881e+01     2.42838e+01     2.46663e+01     2.37590e+01
   5.48552     2.37065e+01     2.43105e+01     2.47566e+01     2.37985e+01
   5.51006     2.37666e+01     2.45265e+01     2.48428e+01     2.39650e+01
   5.53460     2.39034e+01     2.46213e+01     2.49417e+01     2.39889e+01
   5.55915     2.40082e+01     2.46622e+01     2.50880e+01     2.41084e+01
   5.58369     2.41215e+01     2.47692e+01     2.51169e+01     2.42027e+01
   5.60823     2.41300e+01     2.48262e+01     2.51701e+01     2.43280e+01
   5.63278     2.42828e+01     2.49401e+01     2.53366e+01     2.44360e+01
   5.65732     2.43435e+01     2.49717e+01     2.54152e+01     2.44632e+01
   5.68186     2.44087e+01     2.50327e+01     2.56184e+01     2.45804e+01
   5.70641     2.45160e+01     2.51617e+01     2.56958e+01     2.45933e+01
   5.73095     2.45474e+01     2.52895e+01     2.58469e+01     2.47460e+01
   5.75550     2.45741e+01     2.53638e+01     2.59255e+01     2.48597e+01
   5.78004     2.46763e+01     2.54667e+01     2.59381e+01     2.49048e+01
   5.80458     2.47396e+01     2.55618e+01     2.60903e+01     2.50170e+01
   5.82913     2.48606e+01     2.56588e+01     2.61570e+01     2.50098e+01
   5.85367     2.49227e+01     2.56836e+01     2.62679e+01     2.51042e+01
   5.87821     2.50010e+01     2.57327e+01     2.63386e+01     2.52452e+01
   5.90276     2.50036e+01     2.58651e+01     2.64157e+01     2.53131e+01
   5.92730     2.50213e+01     2.59344e+01     2.66130e+01     2.53794e+01
   5.95185     2.51370e+01     2.60280e+01     2.66491e+01     2.55114e+01
   5.97639     2.52033e+01     2.60814e+01     2.67447e+01     2.55363e+01
   6.00093     2.52778e+01     2.62200e+01     2.68255e+01     2.56139e+01
   6.02548     2.53009e+01     2.62334e+01     2.69191e+01     2.57095e+01
   6.05002     2.53497e+01     2.63286e+01     2.70114e+01     2.57688e+01
   6.07456     2.54382e+01     2.63365e+01     2.70534e+01     2.58179e+01
   6.09911     2.54712e+01     2.64296e+01     2.72232e+01     2.59241e+01
   6.12365     2.56040e+01     2.65049e+01     2.72793e+01     2.58505e+01
   6.14819     2.55525e+01     2.65915e+01     2.73426e+01     2.59700e+01
   6.17274     2.56958e+01     2.66321e+01     2.73947e+01     2.59880e+01
   6.19728     2.56920e+01     2.67165e+01     2.75057e+01     2.61344e+01
   6.22183     2.57261e+01     2.67748e+01     2.75879e+01     2.61472e+01
   6.24637     2.57772e+01     2.68055e+01     2.76751e+01     2.62384e+01
   6.27091     2.58404e+01     2.68874e+01     2.78092e+01     2.63027e+01
