# Redshift space power spectrum in mu bins.
# Subtracting SN=    3.05511e+01.
#     k\mu         0.12500         0.37500         0.62500         0.87500
   0.03682     1.03378e+04             nan     1.24979e+04     2.23493e+04
   0.06136     5.21350e+03     6.48199e+03     8.98237e+03     1.05306e+04
   0.08590     3.55840e+03     4.11971e+03     5.04303e+03     6.04270e+03
   0.11045     2.68609e+03     2.93777e+03     3.63954e+03     4.31963e+03
   0.13499     2.28817e+03     1.96533e+03     2.59195e+03     4.17308e+03
   0.15953     1.36795e+03     1.78179e+03     2.04621e+03     2.77047e+03
   0.18408     1.24311e+03     1.20909e+03     1.66273e+03     1.99757e+03
   0.20862     9.78632e+02     1.11254e+03     1.54130e+03     1.70764e+03
   0.23317     8.52194e+02     9.80065e+02     1.12805e+03     1.65162e+03
   0.25771     6.77802e+02     7.75550e+02     1.03353e+03     1.20348e+03
   0.28225     6.62325e+02     6.44399e+02     8.37508e+02     1.03497e+03
   0.30680     5.08585e+02     5.93075e+02     7.05389e+02     1.03208e+03
   0.33134     4.68009e+02     5.67611e+02     6.44805e+02     9.70652e+02
   0.35588     4.12023e+02     4.72383e+02     5.19349e+02     7.46902e+02
   0.38043     3.40108e+02     3.81781e+02     4.88921e+02     6.69459e+02
   0.40497     3.38129e+02     3.86274e+02     4.64880e+02     6.65690e+02
   0.42951     2.98034e+02     3.50027e+02     3.91337e+02     5.57355e+02
   0.45406     2.63763e+02     2.92997e+02     3.53129e+02     4.73402e+02
   0.47860     2.26635e+02     2.59924e+02     3.59911e+02     5.12571e+02
   0.50315     2.20246e+02     2.51584e+02     3.02989e+02     4.50798e+02
   0.52769     2.13410e+02     2.14665e+02     2.97864e+02     4.07490e+02
   0.55223     1.79515e+02     2.18013e+02     2.89542e+02     3.49896e+02
   0.57678     1.88708e+02     1.94357e+02     2.40492e+02     3.23445e+02
   0.60132     1.60607e+02     1.91383e+02     2.29990e+02     3.16347e+02
   0.62586     1.54493e+02     1.71694e+02     2.19071e+02     2.97806e+02
   0.65041     1.41890e+02     1.59214e+02     1.93567e+02     2.75852e+02
   0.67495     1.19613e+02     1.46293e+02     1.89705e+02     2.64007e+02
   0.69950     1.18863e+02     1.45714e+02     1.86958e+02     2.55500e+02
   0.72404     1.15475e+02     1.29206e+02     1.62406e+02     2.26032e+02
   0.74858     1.07725e+02     1.15717e+02     1.52818e+02     2.19032e+02
   0.77313     1.04607e+02     1.13616e+02     1.48861e+02     2.03596e+02
   0.79767     9.92058e+01     1.11520e+02     1.26232e+02     1.98456e+02
   0.82221     9.18221e+01     9.92521e+01     1.28330e+02     1.81342e+02
   0.84676     7.96401e+01     9.76595e+01     1.18923e+02     1.66794e+02
   0.87130     7.85276e+01     9.13866e+01     1.12782e+02     1.56650e+02
   0.89584     7.39866e+01     8.71874e+01     1.08398e+02     1.51229e+02
   0.92039     7.03317e+01     8.08699e+01     1.01173e+02     1.52016e+02
   0.94493     6.52027e+01     7.78328e+01     9.75180e+01     1.47946e+02
   0.96948     6.47727e+01     7.15799e+01     9.03037e+01     1.34871e+02
   0.99402     6.36135e+01     6.98937e+01     9.03785e+01     1.21856e+02
   1.01856     5.91758e+01     6.85673e+01     8.66154e+01     1.19524e+02
   1.04311     5.80159e+01     6.52556e+01     7.73601e+01     1.16566e+02
   1.06765     5.41243e+01     6.16242e+01     7.82092e+01     1.11960e+02
   1.09219     5.14075e+01     5.74748e+01     7.06940e+01     1.01046e+02
   1.11674     5.11298e+01     5.55055e+01     6.70608e+01     9.67936e+01
   1.14128     4.81258e+01     5.28275e+01     6.26332e+01     9.31073e+01
   1.16583     4.78635e+01     4.77658e+01     6.16273e+01     8.97033e+01
   1.19037     4.12810e+01     4.59862e+01     5.92168e+01     8.61971e+01
   1.21491     3.84962e+01     4.27707e+01     5.49744e+01     8.15482e+01
   1.23946     3.95148e+01     4.08347e+01     5.08743e+01     7.36018e+01
   1.26400     3.58430e+01     4.03307e+01     5.01247e+01     7.39470e+01
   1.28854     3.40683e+01     3.94409e+01     4.95295e+01     7.09513e+01
   1.31309     3.24030e+01     3.56077e+01     4.48772e+01     6.48954e+01
   1.33763     3.35909e+01     3.41736e+01     4.38461e+01     6.36597e+01
   1.36217     3.24852e+01     3.40728e+01     4.05616e+01     6.02847e+01
   1.38672     3.02000e+01     3.13356e+01     3.88902e+01     5.71039e+01
   1.41126     2.83432e+01     3.03682e+01     3.88848e+01     5.38139e+01
   1.43581     2.74059e+01     2.89890e+01     3.66241e+01     5.14024e+01
   1.46035     2.50441e+01     2.75683e+01     3.28886e+01     4.83593e+01
   1.48489     2.47137e+01     2.65618e+01     3.26348e+01     4.56978e+01
   1.50944     2.37414e+01     2.50013e+01     3.05968e+01     4.20761e+01
   1.53398     2.27679e+01     2.34021e+01     3.00132e+01     4.10396e+01
   1.55852     2.25057e+01     2.18742e+01     2.73468e+01     4.19611e+01
   1.58307     2.07004e+01     2.17464e+01     2.59373e+01     3.79143e+01
   1.60761     2.00415e+01     2.03579e+01     2.48647e+01     3.55242e+01
   1.63216     1.78495e+01     2.01434e+01     2.36820e+01     3.61360e+01
   1.65670     1.70811e+01     1.80118e+01     2.19140e+01     3.36462e+01
   1.68124     1.67928e+01     1.67387e+01     2.27767e+01     3.19408e+01
   1.70579     1.65367e+01     1.69089e+01     2.04061e+01     3.02050e+01
   1.73033     1.40626e+01     1.65851e+01     1.99081e+01     2.84274e+01
   1.75487     1.49413e+01     1.39644e+01     1.74282e+01     2.80289e+01
   1.77942     1.37871e+01     1.32622e+01     1.68279e+01     2.46473e+01
   1.80396     1.21303e+01     1.30468e+01     1.77260e+01     2.34011e+01
   1.82851     1.22417e+01     1.22001e+01     1.41306e+01     2.23575e+01
   1.85305     1.12422e+01     1.17792e+01     1.35973e+01     2.22392e+01
   1.87759     1.19421e+01     1.10008e+01     1.43530e+01     2.13996e+01
   1.90214     1.08883e+01     1.06852e+01     1.24600e+01     1.96196e+01
   1.92668     9.65507e+00     9.70614e+00     1.19161e+01     1.92506e+01
   1.95122     8.56422e+00     8.94848e+00     1.09120e+01     1.77761e+01
   1.97577     8.73240e+00     8.65129e+00     1.04876e+01     1.71123e+01
   2.00031     8.23806e+00     7.52324e+00     9.59022e+00     1.51988e+01
   2.02485     7.67496e+00     7.61851e+00     9.84327e+00     1.46408e+01
   2.04940     6.52717e+00     5.62431e+00     8.28837e+00     1.40502e+01
   2.07394     6.61561e+00     5.85680e+00     8.14065e+00     1.30337e+01
   2.09849     5.50688e+00     4.57802e+00     7.26373e+00     1.24176e+01
   2.12303     5.12027e+00     4.69374e+00     6.79350e+00     1.12416e+01
   2.14757     5.19636e+00     4.41468e+00     6.39164e+00     1.06983e+01
   2.17212     4.37783e+00     4.06774e+00     4.84185e+00     1.02986e+01
   2.19666     4.44312e+00     3.32077e+00     5.21521e+00     9.08242e+00
   2.22120     3.46742e+00     2.91838e+00     4.55688e+00     8.87306e+00
   2.24575     2.93055e+00     2.32296e+00     4.57517e+00     7.67268e+00
   2.27029     2.40121e+00     1.70269e+00     3.58052e+00     7.42344e+00
   2.29484     2.23609e+00     1.83852e+00     3.16758e+00     6.25200e+00
   2.31938     1.64945e+00     1.52810e+00     2.65909e+00     6.30528e+00
   2.34392     1.45493e+00     1.08499e+00     1.81653e+00     5.47175e+00
   2.36847     1.00194e+00     3.63274e-01     1.96230e+00     5.09444e+00
   2.39301     3.13816e-01     4.88987e-02     9.02206e-01     4.27741e+00
   2.41755     4.79743e-01     3.71852e-02     8.74840e-01     3.75746e+00
   2.44210     4.64358e-01     1.00403e+00     1.82252e-02     3.28612e+00
   2.46664     7.30598e-01     7.49436e-01     2.47487e-01     2.94863e+00
   2.49118     9.18251e-01     1.16176e+00     2.11574e-01     2.54288e+00
   2.51573     1.50568e+00     1.65606e+00     7.41261e-01     2.35125e+00
   2.54027     1.07292e+00     1.69882e+00     1.27336e+00     1.62408e+00
   2.56482     1.53517e+00     1.74775e+00     1.48271e+00     1.26245e+00
   2.58936     2.02114e+00     2.44644e+00     1.55471e+00     1.22439e+00
   2.61390     2.26718e+00     3.03547e+00     2.24335e+00     4.39107e-02
   2.63845     2.42266e+00     3.28737e+00     2.20523e+00     6.22434e-02
   2.66299     2.66595e+00     3.84966e+00     2.85693e+00     1.63150e-01
   2.68753     3.05391e+00     3.75205e+00     3.34106e+00     4.44532e-01
   2.71208     3.06765e+00     4.04433e+00     3.36525e+00     1.23179e+00
   2.73662     3.90090e+00     4.16344e+00     3.72299e+00     1.65994e+00
   2.76117     3.87446e+00     4.65983e+00     4.17641e+00     2.00007e+00
   2.78571     4.35124e+00     4.90724e+00     4.26168e+00     2.28141e+00
   2.81025     4.67033e+00     4.99533e+00     4.43646e+00     2.87675e+00
   2.83480     4.75622e+00     5.36428e+00     5.14174e+00     3.59711e+00
   2.85934     5.37289e+00     5.61785e+00     5.19781e+00     3.17280e+00
   2.88388     5.48977e+00     6.09556e+00     5.59174e+00     3.88879e+00
   2.90843     5.98222e+00     6.00496e+00     5.61196e+00     4.08031e+00
   2.93297     6.08368e+00     6.42247e+00     6.26216e+00     4.62724e+00
   2.95751     6.01578e+00     6.39750e+00     6.24102e+00     4.60804e+00
   2.98206     6.58219e+00     6.91209e+00     6.29735e+00     4.85876e+00
   3.00660     6.55738e+00     6.95199e+00     6.62376e+00     5.25689e+00
   3.03115     6.68690e+00     7.39796e+00     6.99891e+00     5.36527e+00
   3.05569     7.02732e+00     7.38757e+00     7.06294e+00     5.73723e+00
   3.08023     7.02720e+00     7.49824e+00     7.30978e+00     5.98915e+00
   3.10478     7.45366e+00     7.76370e+00     7.55366e+00     6.13023e+00
   3.12932     7.48329e+00     8.09882e+00     7.55024e+00     6.51161e+00
   3.15386     7.88502e+00     8.48306e+00     7.96684e+00     6.70308e+00
   3.17841     8.01071e+00     8.61388e+00     8.26674e+00     6.91309e+00
   3.20295     8.41778e+00     8.98168e+00     8.69370e+00     7.30659e+00
   3.22750     8.47885e+00     8.90986e+00     8.55990e+00     7.48806e+00
   3.25204     8.77470e+00     9.26765e+00     8.90656e+00     7.62945e+00
   3.27658     8.84155e+00     9.53361e+00     9.18293e+00     8.28351e+00
   3.30113     9.18366e+00     9.62550e+00     9.34173e+00     8.30705e+00
   3.32567     9.30146e+00     1.00998e+01     9.69323e+00     8.49658e+00
   3.35021     9.52592e+00     1.02539e+01     9.76823e+00     8.63045e+00
   3.37476     9.70966e+00     1.02641e+01     9.85230e+00     9.04617e+00
   3.39930     9.78041e+00     1.03072e+01     1.01376e+01     9.13933e+00
   3.42385     1.01534e+01     1.05351e+01     1.03538e+01     9.13961e+00
   3.44839     1.01538e+01     1.08810e+01     1.03231e+01     9.27662e+00
   3.47293     1.05147e+01     1.08015e+01     1.06088e+01     9.71690e+00
   3.49748     1.05491e+01     1.12206e+01     1.08031e+01     9.96601e+00
   3.52202     1.08013e+01     1.13361e+01     1.09682e+01     1.01320e+01
   3.54656     1.12091e+01     1.13781e+01     1.12165e+01     1.03554e+01
   3.57111     1.09370e+01     1.17030e+01     1.12838e+01     1.05711e+01
   3.59565     1.11869e+01     1.15979e+01     1.14973e+01     1.06756e+01
   3.62019     1.16321e+01     1.19254e+01     1.16182e+01     1.09693e+01
   3.64474     1.18197e+01     1.22081e+01     1.18439e+01     1.10493e+01
   3.66928     1.18063e+01     1.22073e+01     1.20480e+01     1.12854e+01
   3.69383     1.21015e+01     1.23783e+01     1.21887e+01     1.15921e+01
   3.71837     1.22956e+01     1.27745e+01     1.23349e+01     1.16648e+01
   3.74291     1.23488e+01     1.28774e+01     1.26195e+01     1.20602e+01
   3.76746     1.25764e+01     1.29372e+01     1.26822e+01     1.20072e+01
   3.79200     1.25603e+01     1.30510e+01     1.29301e+01     1.23490e+01
   3.81654     1.29269e+01     1.32876e+01     1.30621e+01     1.24362e+01
   3.84109     1.29438e+01     1.33671e+01     1.31574e+01     1.24737e+01
   3.86563     1.30943e+01     1.33241e+01     1.32442e+01     1.26573e+01
   3.89018     1.32237e+01     1.37797e+01     1.35407e+01     1.29365e+01
   3.91472     1.35255e+01     1.36330e+01     1.37535e+01     1.30735e+01
   3.93926     1.37030e+01     1.38777e+01     1.38582e+01     1.32241e+01
   3.96381     1.39296e+01     1.40863e+01     1.40372e+01     1.33618e+01
   3.98835     1.38506e+01     1.42049e+01     1.41663e+01     1.35627e+01
   4.01289     1.39593e+01     1.42855e+01     1.42208e+01     1.36836e+01
   4.03744     1.41428e+01     1.44894e+01     1.44448e+01     1.37695e+01
   4.06198     1.43111e+01     1.45468e+01     1.45250e+01     1.39919e+01
   4.08652     1.44406e+01     1.46339e+01     1.46853e+01     1.41183e+01
   4.11107     1.46021e+01     1.49639e+01     1.47780e+01     1.42512e+01
   4.13561     1.47559e+01     1.49932e+01     1.51523e+01     1.44990e+01
   4.16016     1.48145e+01     1.52813e+01     1.52927e+01     1.45547e+01
   4.18470     1.50178e+01     1.52551e+01     1.52213e+01     1.47440e+01
   4.20924     1.50852e+01     1.55432e+01     1.54034e+01     1.49356e+01
   4.23379     1.52232e+01     1.56241e+01     1.55360e+01     1.50640e+01
   4.25833     1.53907e+01     1.56711e+01     1.56262e+01     1.52097e+01
   4.28287     1.53959e+01     1.57805e+01     1.57324e+01     1.53701e+01
   4.30742     1.56731e+01     1.59405e+01     1.59711e+01     1.55173e+01
   4.33196     1.57756e+01     1.60835e+01     1.62146e+01     1.56692e+01
   4.35651     1.59651e+01     1.60918e+01     1.61130e+01     1.57102e+01
   4.38105     1.61576e+01     1.63280e+01     1.63046e+01     1.58540e+01
   4.40559     1.60995e+01     1.63577e+01     1.65284e+01     1.59437e+01
   4.43014     1.63453e+01     1.65831e+01     1.67731e+01     1.61567e+01
   4.45468     1.64489e+01     1.67350e+01     1.68103e+01     1.61153e+01
   4.47922     1.65689e+01     1.69083e+01     1.69415e+01     1.63503e+01
   4.50377     1.65866e+01     1.68315e+01     1.70711e+01     1.64308e+01
   4.52831     1.67722e+01     1.71406e+01     1.71107e+01     1.65179e+01
   4.55285     1.69761e+01     1.71789e+01     1.73097e+01     1.67587e+01
   4.57740     1.70666e+01     1.74292e+01     1.74085e+01     1.68303e+01
   4.60194     1.70481e+01     1.74066e+01     1.75492e+01     1.70464e+01
   4.62649     1.73032e+01     1.74651e+01     1.77478e+01     1.70167e+01
   4.65103     1.73294e+01     1.76844e+01     1.77951e+01     1.71825e+01
   4.67557     1.74236e+01     1.77293e+01     1.78808e+01     1.73803e+01
   4.70012     1.76681e+01     1.78404e+01     1.79537e+01     1.74468e+01
   4.72466     1.77658e+01     1.79594e+01     1.81035e+01     1.74678e+01
   4.74920     1.79069e+01     1.81334e+01     1.81315e+01     1.77817e+01
   4.77375     1.79798e+01     1.81746e+01     1.84000e+01     1.77939e+01
   4.79829     1.80981e+01     1.83176e+01     1.84012e+01     1.79075e+01
   4.82284     1.82047e+01     1.83944e+01     1.85814e+01     1.79811e+01
   4.84738     1.83647e+01     1.85583e+01     1.86546e+01     1.80134e+01
   4.87192     1.83709e+01     1.87364e+01     1.87491e+01     1.82839e+01
   4.89647     1.84998e+01     1.88177e+01     1.89115e+01     1.83286e+01
   4.92101     1.85507e+01     1.89476e+01     1.90315e+01     1.84726e+01
   4.94555     1.87255e+01     1.89172e+01     1.90179e+01     1.84884e+01
   4.97010     1.87988e+01     1.90963e+01     1.92143e+01     1.86271e+01
   4.99464     1.89199e+01     1.91800e+01     1.92703e+01     1.87394e+01
   5.01919     1.89765e+01     1.92194e+01     1.95060e+01     1.87731e+01
   5.04373     1.90815e+01     1.93826e+01     1.94393e+01     1.88914e+01
   5.06827     1.92969e+01     1.94337e+01     1.96232e+01     1.90689e+01
   5.09282     1.92065e+01     1.95169e+01     1.97246e+01     1.91622e+01
   5.11736     1.93743e+01     1.96728e+01     1.98644e+01     1.92955e+01
   5.14190     1.95244e+01     1.97483e+01     1.99773e+01     1.93304e+01
   5.16645     1.95934e+01     1.97869e+01     2.00310e+01     1.95021e+01
   5.19099     1.96722e+01     2.00102e+01     2.01821e+01     1.95579e+01
   5.21553     1.97157e+01     1.99993e+01     2.02886e+01     1.95873e+01
   5.24008     1.98470e+01     2.01746e+01     2.04170e+01     1.97373e+01
   5.26462     1.98901e+01     2.02602e+01     2.04798e+01     1.98276e+01
   5.28917     2.00042e+01     2.03263e+01     2.05057e+01     1.98311e+01
   5.31371     2.00551e+01     2.04327e+01     2.06874e+01     2.00003e+01
   5.33825     2.01478e+01     2.06386e+01     2.08197e+01     2.00241e+01
   5.36280     2.02066e+01     2.05593e+01     2.09215e+01     2.01717e+01
   5.38734     2.03602e+01     2.06953e+01     2.09809e+01     2.01919e+01
   5.41188     2.03680e+01     2.09051e+01     2.10936e+01     2.03390e+01
   5.43643     2.05315e+01     2.08955e+01     2.11796e+01     2.03439e+01
   5.46097     2.05083e+01     2.08958e+01     2.13147e+01     2.05175e+01
   5.48552     2.05944e+01     2.10761e+01     2.13581e+01     2.06087e+01
   5.51006     2.06591e+01     2.11681e+01     2.14234e+01     2.06933e+01
   5.53460     2.06700e+01     2.12803e+01     2.15362e+01     2.07202e+01
   5.55915     2.08318e+01     2.13129e+01     2.16478e+01     2.08521e+01
   5.58369     2.08483e+01     2.13766e+01     2.17939e+01     2.08309e+01
   5.60823     2.09984e+01     2.15044e+01     2.18380e+01     2.09529e+01
   5.63278     2.10350e+01     2.14665e+01     2.19526e+01     2.10739e+01
   5.65732     2.10809e+01     2.16248e+01     2.19874e+01     2.10809e+01
   5.68186     2.11983e+01     2.17237e+01     2.21162e+01     2.12221e+01
   5.70641     2.12035e+01     2.17880e+01     2.21490e+01     2.12599e+01
   5.73095     2.13008e+01     2.18454e+01     2.22597e+01     2.12980e+01
   5.75550     2.14265e+01     2.18863e+01     2.23241e+01     2.14098e+01
   5.78004     2.14048e+01     2.20020e+01     2.24216e+01     2.15186e+01
   5.80458     2.15105e+01     2.21086e+01     2.25035e+01     2.15414e+01
   5.82913     2.15498e+01     2.21373e+01     2.26302e+01     2.16020e+01
   5.85367     2.16438e+01     2.21840e+01     2.27177e+01     2.16188e+01
   5.87821     2.16319e+01     2.22858e+01     2.28052e+01     2.17192e+01
   5.90276     2.17113e+01     2.23948e+01     2.28906e+01     2.17782e+01
   5.92730     2.17606e+01     2.24420e+01     2.29539e+01     2.18037e+01
   5.95185     2.18338e+01     2.24436e+01     2.30064e+01     2.18971e+01
   5.97639     2.18098e+01     2.25903e+01     2.30731e+01     2.18910e+01
   6.00093     2.19189e+01     2.26515e+01     2.32253e+01     2.20098e+01
   6.02548     2.19042e+01     2.26773e+01     2.32763e+01     2.20375e+01
   6.05002     2.20752e+01     2.27354e+01     2.33590e+01     2.21514e+01
   6.07456     2.20376e+01     2.28062e+01     2.34386e+01     2.21258e+01
   6.09911     2.21530e+01     2.28041e+01     2.34685e+01     2.21725e+01
   6.12365     2.21488e+01     2.29381e+01     2.35619e+01     2.22550e+01
   6.14819     2.21830e+01     2.29638e+01     2.36256e+01     2.23208e+01
   6.17274     2.21918e+01     2.30457e+01     2.36912e+01     2.23906e+01
   6.19728     2.22927e+01     2.30934e+01     2.37736e+01     2.24097e+01
   6.22183     2.23109e+01     2.32121e+01     2.38675e+01     2.24635e+01
   6.24637     2.24130e+01     2.32397e+01     2.38947e+01     2.24721e+01
   6.27091     2.23718e+01     2.32523e+01     2.39613e+01     2.25754e+01
