# Subtracting SN=    2.37418e+01.
#        k         Pk_0_HI
   0.03471     1.24542e+04
   0.04533     9.52318e+03
   0.05750     7.26240e+03
   0.07243     6.51879e+03
   0.08030     5.11262e+03
   0.09129     3.98220e+03
   0.10670     3.33581e+03
   0.11962     3.13573e+03
   0.12974     2.90990e+03
   0.14416     2.19941e+03
   0.15607     2.05822e+03
   0.16886     1.79643e+03
   0.18066     1.55366e+03
   0.19462     1.43975e+03
   0.20682     1.31441e+03
   0.21908     1.21961e+03
   0.23113     1.16132e+03
   0.24367     1.04690e+03
   0.25601     8.89960e+02
   0.26906     8.48766e+02
   0.28135     8.33139e+02
   0.29458     7.19539e+02
   0.30676     7.15010e+02
   0.31943     6.74076e+02
   0.33214     6.59856e+02
   0.34474     5.85896e+02
   0.35626     5.27061e+02
   0.36909     5.12030e+02
   0.38137     4.81417e+02
   0.39368     4.80089e+02
   0.40596     4.41267e+02
   0.41935     4.37646e+02
   0.43138     3.83908e+02
   0.44349     3.71213e+02
   0.45625     3.46894e+02
   0.46966     3.50278e+02
   0.48162     3.38566e+02
   0.49397     3.23206e+02
   0.50656     3.02836e+02
   0.51863     3.06194e+02
   0.53044     2.81885e+02
   0.54375     2.78123e+02
   0.55676     2.59791e+02
   0.56902     2.57661e+02
   0.58090     2.43616e+02
   0.59394     2.37112e+02
   0.60659     2.21979e+02
   0.61858     2.17769e+02
   0.63073     2.17376e+02
   0.64386     2.03063e+02
   0.65636     2.01792e+02
   0.66869     1.98242e+02
   0.68131     1.84953e+02
   0.69392     1.89974e+02
   0.70632     1.80137e+02
   0.71842     1.69356e+02
   0.73133     1.65149e+02
   0.74383     1.63033e+02
   0.75642     1.59180e+02
   0.76892     1.49905e+02
   0.78169     1.53120e+02
   0.79408     1.44450e+02
   0.80610     1.39782e+02
   0.81834     1.36314e+02
   0.83113     1.34880e+02
   0.84356     1.29708e+02
   0.85621     1.24300e+02
   0.86876     1.25289e+02
   0.88154     1.21464e+02
   0.89355     1.19161e+02
   0.90634     1.14248e+02
   0.91886     1.12579e+02
   0.93130     1.09080e+02
   0.94392     1.07114e+02
   0.95621     1.04559e+02
   0.96854     1.02206e+02
   0.98126     1.01219e+02
   0.99357     9.67369e+01
   1.00643     9.50729e+01
   1.01870     9.54410e+01
   1.03126     9.30962e+01
   1.04402     9.20430e+01
   1.05654     8.92595e+01
   1.06869     8.83797e+01
   1.08129     8.05587e+01
   1.09371     7.96884e+01
   1.10646     7.77206e+01
   1.11883     7.95333e+01
   1.13137     7.75125e+01
   1.14381     7.45949e+01
   1.15611     7.42725e+01
   1.16847     7.25052e+01
   1.18123     7.11840e+01
   1.19379     6.85997e+01
   1.20615     6.67296e+01
   1.21876     6.50467e+01
   1.23169     6.37198e+01
   1.24362     6.24229e+01
   1.25596     6.17027e+01
   1.26862     6.05612e+01
   1.28125     5.83395e+01
   1.29378     5.85991e+01
   1.30632     5.70077e+01
   1.31873     5.49999e+01
   1.33129     5.48434e+01
   1.34365     5.50637e+01
   1.35617     5.29273e+01
   1.36877     5.19610e+01
   1.38124     5.11696e+01
   1.39384     4.85314e+01
   1.40620     4.91539e+01
   1.41870     4.84549e+01
   1.43133     4.68928e+01
   1.44395     4.53634e+01
   1.45629     4.49165e+01
   1.46888     4.32927e+01
   1.48123     4.28459e+01
   1.49385     4.08800e+01
   1.50637     4.28345e+01
   1.51879     3.99590e+01
   1.53118     3.89724e+01
   1.54377     3.93412e+01
   1.55620     3.87487e+01
   1.56872     3.78503e+01
   1.58120     3.55682e+01
   1.59371     3.61281e+01
   1.60599     3.50420e+01
   1.61865     3.47731e+01
   1.63133     3.36712e+01
   1.64389     3.25248e+01
   1.65620     3.24509e+01
   1.66875     3.18435e+01
   1.68124     3.06833e+01
   1.69373     3.03045e+01
   1.70613     3.03054e+01
   1.71876     2.95120e+01
   1.73122     2.88400e+01
   1.74388     2.74445e+01
   1.75630     2.71435e+01
   1.76889     2.67359e+01
   1.78135     2.59311e+01
   1.79367     2.56850e+01
   1.80623     2.58243e+01
   1.81883     2.49331e+01
   1.83105     2.45503e+01
   1.84372     2.33024e+01
   1.85626     2.36432e+01
   1.86877     2.31069e+01
   1.88126     2.31033e+01
   1.89376     2.28652e+01
   1.90612     2.17544e+01
   1.91872     2.14402e+01
   1.93133     2.07657e+01
   1.94390     1.99499e+01
   1.95627     1.96210e+01
   1.96884     1.95676e+01
   1.98128     1.90011e+01
   1.99360     1.82796e+01
   2.00601     1.78826e+01
   2.01865     1.74688e+01
   2.03129     1.76621e+01
   2.04372     1.69584e+01
   2.05627     1.64427e+01
   2.06890     1.63736e+01
   2.08129     1.61750e+01
   2.09355     1.52006e+01
   2.10609     1.47398e+01
   2.11865     1.48795e+01
   2.13110     1.40918e+01
   2.14358     1.40868e+01
   2.15632     1.35031e+01
   2.16888     1.32802e+01
   2.18136     1.31382e+01
   2.19375     1.29089e+01
   2.20648     1.26718e+01
   2.21891     1.17904e+01
   2.23127     1.15714e+01
   2.24362     1.11206e+01
   2.25610     1.09771e+01
   2.26860     1.03681e+01
   2.28134     1.05946e+01
   2.29396     1.04469e+01
   2.30651     9.74874e+00
   2.31883     9.68420e+00
   2.33131     9.18297e+00
   2.34379     8.97899e+00
   2.35620     8.81241e+00
   2.36856     8.65676e+00
   2.38127     8.15316e+00
   2.39387     7.68350e+00
   2.40629     7.52193e+00
   2.41869     7.07128e+00
   2.43124     7.30891e+00
   2.44369     7.05322e+00
   2.45637     6.66690e+00
   2.46879     6.85670e+00
   2.48121     5.74226e+00
   2.49370     6.15811e+00
   2.50623     5.55166e+00
   2.51865     5.53297e+00
   2.53107     5.36512e+00
   2.54368     5.48013e+00
   2.55639     4.87463e+00
   2.56875     4.59623e+00
   2.58134     4.50623e+00
   2.59382     4.14879e+00
   2.60628     4.15181e+00
   2.61873     3.67718e+00
   2.63125     3.55766e+00
   2.64375     3.60398e+00
   2.65626     3.35905e+00
   2.66870     2.90583e+00
   2.68122     2.86957e+00
   2.69374     2.81947e+00
   2.70638     2.44545e+00
   2.71888     2.17770e+00
   2.73125     2.13398e+00
   2.74389     1.90473e+00
   2.75628     1.76598e+00
   2.76868     1.37297e+00
   2.78115     1.49957e+00
   2.79379     1.25770e+00
   2.80639     1.02459e+00
   2.81871     1.08263e+00
   2.83124     6.55985e-01
   2.84389     5.75018e-01
   2.85622     4.64238e-01
   2.86878     3.37741e-01
   2.88116     3.34404e-02
   2.89358    -1.97368e-01
   2.90611    -1.70843e-01
   2.91881    -5.04456e-01
   2.93135    -6.32352e-01
   2.94381    -8.12596e-01
   2.95620    -9.38218e-01
   2.96870    -1.08221e+00
   2.98120    -1.19759e+00
   2.99376    -1.30574e+00
   3.00626    -1.68165e+00
   3.01885    -1.58169e+00
   3.03130    -1.89666e+00
   3.04377    -1.89463e+00
   3.05623    -1.84779e+00
   3.06869    -2.12925e+00
   3.08114    -2.30772e+00
   3.09378    -2.41687e+00
   3.10624    -2.55588e+00
   3.11878    -2.65832e+00
   3.13134    -2.84568e+00
   3.14383    -3.03253e+00
   3.15628    -3.15793e+00
   3.16884    -3.33160e+00
   3.18136    -3.36635e+00
   3.19383    -3.57434e+00
   3.20620    -3.73060e+00
   3.21875    -3.69668e+00
   3.23127    -3.81340e+00
   3.24385    -4.08444e+00
   3.25632    -4.11708e+00
   3.26882    -4.27607e+00
   3.28133    -4.41930e+00
   3.29378    -4.43687e+00
   3.30621    -4.61402e+00
   3.31875    -4.74904e+00
   3.33129    -4.83292e+00
   3.34376    -4.93266e+00
   3.35620    -5.08013e+00
   3.36875    -5.22134e+00
   3.38131    -5.33460e+00
   3.39380    -5.50252e+00
   3.40627    -5.36973e+00
   3.41876    -5.58163e+00
   3.43124    -5.71802e+00
   3.44372    -5.81872e+00
   3.45640    -5.98276e+00
   3.46891    -6.14162e+00
   3.48134    -6.09677e+00
   3.49375    -6.34534e+00
   3.50630    -6.25280e+00
   3.51882    -6.48971e+00
   3.53127    -6.55519e+00
   3.54369    -6.52161e+00
   3.55628    -6.66159e+00
   3.56869    -6.65255e+00
   3.58119    -6.95771e+00
   3.59375    -7.10796e+00
   3.60629    -7.17773e+00
   3.61878    -7.18719e+00
   3.63126    -7.44011e+00
   3.64371    -7.46326e+00
   3.65630    -7.50459e+00
   3.66876    -7.62782e+00
   3.68123    -7.63602e+00
   3.69375    -7.72283e+00
   3.70626    -7.68343e+00
   3.71877    -7.89435e+00
   3.73139    -8.06305e+00
   3.74372    -8.15622e+00
   3.75625    -8.17602e+00
   3.76880    -8.25724e+00
   3.78124    -8.44433e+00
   3.79373    -8.38581e+00
   3.80635    -8.52506e+00
   3.81877    -8.54792e+00
   3.83124    -8.76553e+00
   3.84376    -8.81646e+00
   3.85635    -8.95138e+00
   3.86882    -9.04536e+00
   3.88122    -9.03687e+00
   3.89365    -9.13571e+00
   3.90632    -9.21743e+00
   3.91889    -9.25029e+00
   3.93133    -9.35525e+00
   3.94373    -9.46208e+00
   3.95623    -9.45998e+00
   3.96866    -9.58837e+00
   3.98123    -9.68584e+00
   3.99373    -9.73307e+00
   4.00625    -9.83074e+00
   4.01870    -9.93337e+00
   4.03118    -9.92698e+00
   4.04374    -1.01051e+01
   4.05624    -1.01704e+01
   4.06881    -1.02336e+01
   4.08134    -1.03121e+01
   4.09380    -1.03619e+01
   4.10620    -1.04440e+01
   4.11874    -1.05242e+01
   4.13120    -1.06129e+01
   4.14377    -1.06486e+01
   4.15631    -1.07558e+01
   4.16881    -1.07567e+01
   4.18137    -1.07940e+01
   4.19383    -1.09050e+01
   4.20619    -1.09512e+01
   4.21870    -1.10790e+01
   4.23112    -1.11169e+01
   4.24368    -1.12322e+01
   4.25627    -1.12998e+01
   4.26880    -1.13273e+01
   4.28128    -1.13534e+01
   4.29387    -1.15064e+01
   4.30632    -1.15573e+01
   4.31885    -1.15951e+01
   4.33130    -1.16344e+01
   4.34381    -1.17024e+01
   4.35632    -1.17839e+01
   4.36880    -1.17993e+01
   4.38125    -1.18681e+01
   4.39378    -1.19866e+01
   4.40625    -1.19858e+01
   4.41877    -1.21302e+01
   4.43122    -1.20992e+01
   4.44377    -1.22138e+01
   4.45625    -1.22508e+01
   4.46877    -1.23484e+01
   4.48129    -1.24344e+01
   4.49376    -1.23991e+01
   4.50616    -1.24323e+01
   4.51874    -1.25218e+01
   4.53127    -1.26682e+01
   4.54376    -1.26587e+01
   4.55621    -1.27292e+01
   4.56875    -1.27785e+01
   4.58125    -1.28338e+01
   4.59379    -1.28807e+01
   4.60625    -1.29163e+01
   4.61876    -1.29655e+01
   4.63127    -1.30555e+01
   4.64379    -1.30339e+01
   4.65623    -1.31187e+01
   4.66878    -1.32038e+01
   4.68132    -1.32069e+01
   4.69382    -1.33191e+01
   4.70628    -1.34109e+01
   4.71875    -1.34326e+01
   4.73126    -1.34796e+01
   4.74373    -1.34877e+01
   4.75631    -1.35233e+01
   4.76881    -1.36258e+01
   4.78124    -1.37334e+01
   4.79372    -1.37416e+01
   4.80627    -1.37761e+01
   4.81874    -1.38266e+01
   4.83126    -1.38713e+01
   4.84373    -1.38978e+01
   4.85623    -1.39519e+01
   4.86871    -1.39513e+01
   4.88131    -1.40282e+01
   4.89379    -1.40899e+01
   4.90628    -1.41129e+01
   4.91878    -1.42394e+01
   4.93134    -1.42783e+01
   4.94382    -1.42778e+01
   4.95620    -1.43859e+01
   4.96868    -1.43996e+01
   4.98126    -1.43998e+01
   4.99376    -1.44805e+01
   5.00628    -1.45436e+01
   5.01875    -1.46003e+01
   5.03130    -1.46043e+01
   5.04371    -1.46693e+01
   5.05622    -1.47696e+01
   5.06881    -1.47391e+01
   5.08135    -1.48067e+01
   5.09373    -1.48520e+01
   5.10623    -1.49222e+01
   5.11881    -1.49809e+01
   5.13131    -1.50117e+01
   5.14374    -1.50382e+01
   5.15625    -1.50989e+01
   5.16877    -1.51050e+01
   5.18129    -1.51623e+01
   5.19371    -1.52476e+01
   5.20625    -1.51989e+01
   5.21875    -1.52691e+01
   5.23123    -1.53498e+01
   5.24379    -1.53829e+01
   5.25634    -1.54143e+01
   5.26874    -1.54530e+01
   5.28131    -1.55421e+01
   5.29381    -1.55603e+01
   5.30624    -1.55719e+01
   5.31872    -1.56366e+01
   5.33129    -1.56295e+01
   5.34379    -1.56920e+01
   5.35625    -1.57250e+01
   5.36870    -1.57437e+01
   5.38124    -1.57549e+01
   5.39374    -1.58110e+01
   5.40623    -1.58660e+01
   5.41876    -1.58847e+01
   5.43126    -1.59182e+01
   5.44380    -1.59636e+01
   5.45628    -1.59829e+01
   5.46874    -1.60806e+01
   5.48120    -1.60877e+01
   5.49374    -1.61018e+01
   5.50624    -1.61712e+01
   5.51876    -1.61825e+01
   5.53124    -1.62203e+01
   5.54372    -1.62550e+01
   5.55619    -1.62989e+01
   5.56876    -1.63525e+01
   5.58121    -1.63434e+01
   5.59376    -1.63795e+01
   5.60632    -1.64181e+01
   5.61877    -1.64372e+01
   5.63124    -1.65114e+01
   5.64374    -1.65437e+01
   5.65626    -1.65545e+01
   5.66881    -1.65857e+01
   5.68122    -1.66281e+01
   5.69378    -1.66601e+01
   5.70630    -1.67168e+01
   5.71878    -1.67221e+01
   5.73124    -1.67487e+01
   5.74378    -1.67915e+01
   5.75626    -1.68191e+01
   5.76874    -1.68232e+01
   5.78126    -1.68464e+01
   5.79374    -1.68726e+01
   5.80619    -1.69281e+01
   5.81877    -1.69595e+01
   5.83124    -1.69707e+01
   5.84375    -1.70017e+01
   5.85626    -1.70498e+01
   5.86877    -1.70377e+01
   5.88125    -1.70961e+01
   5.89380    -1.71263e+01
   5.90629    -1.71268e+01
   5.91878    -1.71858e+01
   5.93125    -1.72023e+01
   5.94374    -1.72405e+01
   5.95623    -1.72645e+01
   5.96873    -1.72916e+01
   5.98119    -1.73148e+01
   5.99368    -1.73232e+01
   6.00617    -1.73886e+01
   6.01869    -1.73700e+01
   6.03121    -1.74326e+01
   6.04379    -1.74419e+01
   6.05632    -1.74701e+01
   6.06875    -1.74701e+01
   6.08125    -1.75195e+01
   6.09380    -1.75387e+01
   6.10622    -1.75631e+01
   6.11866    -1.76077e+01
   6.13125    -1.75890e+01
   6.14376    -1.76322e+01
   6.15627    -1.76669e+01
   6.16872    -1.76529e+01
   6.18128    -1.77057e+01
   6.19379    -1.77047e+01
   6.20622    -1.77464e+01
   6.21867    -1.77504e+01
   6.23124    -1.77966e+01
   6.24376    -1.77817e+01
   6.25623    -1.78432e+01
   6.26873    -1.78507e+01
   6.28132    -1.78804e+01
