# Redshift space power spectrum in mu bins.
# Subtracting SN=    2.53466e+01.
#     k\mu         0.12500         0.37500         0.62500         0.87500
   0.03682     1.26731e+04             nan     1.31994e+04     1.65693e+04
   0.06136     6.13322e+03     7.47862e+03     9.08560e+03     9.72696e+03
   0.08590     4.46494e+03     4.84235e+03     5.22330e+03     5.70219e+03
   0.11045     3.41645e+03     3.24061e+03     3.91761e+03     4.05945e+03
   0.13499     2.84905e+03     2.28385e+03     2.78161e+03     3.80570e+03
   0.15953     1.73596e+03     2.15876e+03     2.35563e+03     2.72023e+03
   0.18408     1.53564e+03     1.46524e+03     1.87087e+03     2.05141e+03
   0.20862     1.32338e+03     1.34819e+03     1.63933e+03     1.74182e+03
   0.23317     1.11917e+03     1.21407e+03     1.33296e+03     1.68719e+03
   0.25771     8.72265e+02     9.08925e+02     1.11696e+03     1.11887e+03
   0.28225     8.12225e+02     8.22409e+02     9.46550e+02     1.07620e+03
   0.30680     6.76621e+02     7.93296e+02     8.07201e+02     1.07210e+03
   0.33134     6.07046e+02     6.97492e+02     7.70722e+02     9.49820e+02
   0.35588     5.27941e+02     6.06488e+02     5.99963e+02     7.59729e+02
   0.38043     4.82829e+02     5.08510e+02     5.58562e+02     6.80588e+02
   0.40497     4.64121e+02     4.97462e+02     5.61674e+02     6.55296e+02
   0.42951     3.99845e+02     4.54990e+02     4.68181e+02     6.13156e+02
   0.45406     3.67540e+02     3.88683e+02     4.36672e+02     5.04105e+02
   0.47860     3.28891e+02     3.60489e+02     4.41077e+02     4.98477e+02
   0.50315     3.11795e+02     3.38805e+02     3.80796e+02     4.66591e+02
   0.52769     3.00188e+02     3.08414e+02     3.63664e+02     4.48962e+02
   0.55223     2.54598e+02     3.11458e+02     3.45889e+02     3.82830e+02
   0.57678     2.66680e+02     2.77346e+02     3.17398e+02     3.88851e+02
   0.60132     2.28196e+02     2.54019e+02     2.92912e+02     3.57452e+02
   0.62586     2.22116e+02     2.39789e+02     2.71162e+02     3.48440e+02
   0.65041     2.08676e+02     2.24180e+02     2.66679e+02     3.23832e+02
   0.67495     1.92538e+02     2.13890e+02     2.55407e+02     3.19954e+02
   0.69950     1.82802e+02     2.14062e+02     2.41436e+02     3.03129e+02
   0.72404     1.64111e+02     1.95930e+02     2.19306e+02     2.77437e+02
   0.74858     1.63355e+02     1.69909e+02     2.13962e+02     2.80269e+02
   0.77313     1.59813e+02     1.75706e+02     2.00275e+02     2.62965e+02
   0.79767     1.51987e+02     1.70252e+02     1.81129e+02     2.48259e+02
   0.82221     1.45970e+02     1.57134e+02     1.92048e+02     2.35277e+02
   0.84676     1.25773e+02     1.50870e+02     1.72949e+02     2.21349e+02
   0.87130     1.30688e+02     1.43934e+02     1.65686e+02     2.20099e+02
   0.89584     1.17367e+02     1.31059e+02     1.65448e+02     2.03843e+02
   0.92039     1.12345e+02     1.25397e+02     1.54536e+02     2.14773e+02
   0.94493     1.13263e+02     1.23523e+02     1.43105e+02     1.89907e+02
   0.96948     1.09486e+02     1.17972e+02     1.41318e+02     1.86227e+02
   0.99402     1.04795e+02     1.11947e+02     1.33839e+02     1.86164e+02
   1.01856     1.03575e+02     1.10665e+02     1.32817e+02     1.76175e+02
   1.04311     9.62718e+01     1.09455e+02     1.26617e+02     1.69031e+02
   1.06765     9.23514e+01     1.03588e+02     1.15809e+02     1.66241e+02
   1.09219     8.89985e+01     9.42646e+01     1.16632e+02     1.54960e+02
   1.11674     8.96652e+01     9.77363e+01     1.06313e+02     1.52840e+02
   1.14128     8.77618e+01     9.26192e+01     1.06421e+02     1.46695e+02
   1.16583     7.98597e+01     8.64729e+01     1.04043e+02     1.38243e+02
   1.19037     7.82902e+01     8.34880e+01     1.02532e+02     1.34982e+02
   1.21491     7.06414e+01     8.02146e+01     9.87626e+01     1.36846e+02
   1.23946     7.05045e+01     8.21696e+01     8.96308e+01     1.30119e+02
   1.26400     6.79473e+01     7.45943e+01     9.07814e+01     1.23503e+02
   1.28854     6.69203e+01     7.15023e+01     8.81942e+01     1.18826e+02
   1.31309     6.48295e+01     7.00203e+01     8.13517e+01     1.16074e+02
   1.33763     6.48200e+01     6.98534e+01     8.21368e+01     1.08741e+02
   1.36217     6.12661e+01     6.83068e+01     7.95644e+01     1.08344e+02
   1.38672     5.91524e+01     6.38519e+01     7.39811e+01     1.06465e+02
   1.41126     5.85268e+01     6.40357e+01     7.45845e+01     1.05331e+02
   1.43581     5.48284e+01     5.75575e+01     7.10889e+01     1.00668e+02
   1.46035     5.14729e+01     5.85588e+01     6.78950e+01     9.74077e+01
   1.48489     5.09000e+01     5.69658e+01     6.74369e+01     9.14330e+01
   1.50944     4.98217e+01     5.44097e+01     6.40949e+01     8.99851e+01
   1.53398     4.94835e+01     5.29785e+01     6.41453e+01     8.89360e+01
   1.55852     4.65502e+01     5.19631e+01     6.09593e+01     8.59974e+01
   1.58307     4.52682e+01     4.81481e+01     6.02902e+01     8.32733e+01
   1.60761     4.27710e+01     4.83762e+01     5.65937e+01     7.82840e+01
   1.63216     4.28124e+01     4.62835e+01     5.52750e+01     7.96351e+01
   1.65670     4.12070e+01     4.36636e+01     5.29089e+01     7.76458e+01
   1.68124     3.96288e+01     4.26928e+01     5.18007e+01     7.49256e+01
   1.70579     3.90019e+01     4.06003e+01     4.94496e+01     7.30854e+01
   1.73033     3.76001e+01     3.95926e+01     4.97805e+01     6.92634e+01
   1.75487     3.61403e+01     3.81684e+01     4.80294e+01     6.80463e+01
   1.77942     3.62530e+01     3.79049e+01     4.57645e+01     6.66637e+01
   1.80396     3.38198e+01     3.70127e+01     4.55957e+01     6.49425e+01
   1.82851     3.33064e+01     3.54756e+01     4.41357e+01     6.52525e+01
   1.85305     3.22416e+01     3.42656e+01     4.38730e+01     6.06979e+01
   1.87759     3.11192e+01     3.42499e+01     4.32948e+01     5.92467e+01
   1.90214     3.10385e+01     3.18614e+01     4.06333e+01     5.93464e+01
   1.92668     2.91076e+01     3.12045e+01     3.86931e+01     5.59683e+01
   1.95122     2.80396e+01     3.11022e+01     3.83099e+01     5.42702e+01
   1.97577     2.74609e+01     2.94468e+01     3.73815e+01     5.44734e+01
   2.00031     2.66088e+01     2.79431e+01     3.61776e+01     5.25459e+01
   2.02485     2.53548e+01     2.86266e+01     3.46098e+01     4.95691e+01
   2.04940     2.52394e+01     2.65130e+01     3.22564e+01     5.01998e+01
   2.07394     2.42451e+01     2.57360e+01     3.29086e+01     4.76411e+01
   2.09849     2.28029e+01     2.45407e+01     3.09757e+01     4.51951e+01
   2.12303     2.26117e+01     2.43617e+01     3.07780e+01     4.42395e+01
   2.14757     2.18130e+01     2.31450e+01     2.90709e+01     4.29178e+01
   2.17212     2.11850e+01     2.27351e+01     2.81234e+01     4.30650e+01
   2.19666     2.04766e+01     2.14563e+01     2.72769e+01     4.13699e+01
   2.22120     1.97145e+01     2.09527e+01     2.66108e+01     3.92972e+01
   2.24575     1.88486e+01     2.02073e+01     2.49147e+01     3.81271e+01
   2.27029     1.77750e+01     1.99482e+01     2.51956e+01     3.78406e+01
   2.29484     1.81662e+01     1.89663e+01     2.38818e+01     3.69330e+01
   2.31938     1.65663e+01     1.80701e+01     2.32140e+01     3.50148e+01
   2.34392     1.61860e+01     1.75148e+01     2.20108e+01     3.42893e+01
   2.36847     1.59357e+01     1.65869e+01     2.15109e+01     3.31547e+01
   2.39301     1.54631e+01     1.62647e+01     2.05718e+01     3.13066e+01
   2.41755     1.44647e+01     1.56739e+01     1.94989e+01     3.04790e+01
   2.44210     1.37720e+01     1.49178e+01     1.88548e+01     2.93049e+01
   2.46664     1.31687e+01     1.49234e+01     1.88336e+01     2.86940e+01
   2.49118     1.27966e+01     1.39709e+01     1.80048e+01     2.78626e+01
   2.51573     1.20946e+01     1.31725e+01     1.68249e+01     2.78146e+01
   2.54027     1.27485e+01     1.31130e+01     1.60856e+01     2.63620e+01
   2.56482     1.14435e+01     1.24020e+01     1.62479e+01     2.52674e+01
   2.58936     1.11614e+01     1.12980e+01     1.51456e+01     2.47654e+01
   2.61390     9.90859e+00     1.14714e+01     1.48127e+01     2.41311e+01
   2.63845     9.58373e+00     1.07545e+01     1.40837e+01     2.35883e+01
   2.66299     8.97041e+00     1.05404e+01     1.34087e+01     2.26090e+01
   2.68753     8.87958e+00     9.66624e+00     1.28240e+01     2.10216e+01
   2.71208     8.57318e+00     9.43853e+00     1.22661e+01     2.03329e+01
   2.73662     8.20151e+00     8.63369e+00     1.12180e+01     1.96720e+01
   2.76117     7.29393e+00     8.31746e+00     1.12491e+01     1.90592e+01
   2.78571     6.96589e+00     7.84251e+00     1.02173e+01     1.78833e+01
   2.81025     6.66514e+00     7.45418e+00     1.01625e+01     1.71289e+01
   2.83480     6.40704e+00     6.77456e+00     9.65666e+00     1.68913e+01
   2.85934     6.09247e+00     5.99210e+00     9.14237e+00     1.61643e+01
   2.88388     5.56226e+00     6.02419e+00     8.36896e+00     1.51540e+01
   2.90843     5.27918e+00     5.43352e+00     8.26312e+00     1.50724e+01
   2.93297     4.61659e+00     5.14880e+00     7.81696e+00     1.43412e+01
   2.95751     4.33201e+00     4.95849e+00     7.19595e+00     1.34590e+01
   2.98206     3.88020e+00     4.21434e+00     6.43662e+00     1.32275e+01
   3.00660     3.30771e+00     4.54073e+00     6.15724e+00     1.22025e+01
   3.03115     3.59629e+00     3.90613e+00     5.76496e+00     1.18834e+01
   3.05569     3.08388e+00     3.29083e+00     5.17838e+00     1.07220e+01
   3.08023     2.52690e+00     2.76410e+00     4.77223e+00     1.05141e+01
   3.10478     2.37807e+00     2.32768e+00     4.43825e+00     9.77976e+00
   3.12932     1.48370e+00     2.19009e+00     3.76116e+00     9.38452e+00
   3.15386     1.36463e+00     1.68313e+00     3.62820e+00     8.69760e+00
   3.17841     1.36619e+00     1.36288e+00     3.02248e+00     7.92252e+00
   3.20295     1.11786e+00     1.02815e+00     2.65332e+00     7.91073e+00
   3.22750     5.14255e-01     1.02947e+00     2.42948e+00     7.21468e+00
   3.25204     2.37800e-01     2.88980e-01     1.94776e+00     6.80227e+00
   3.27658     1.08459e-01     2.01354e-01     1.78844e+00     6.07410e+00
   3.30113     6.54856e-01     1.51969e-01     1.45852e+00     5.79166e+00
   3.32567     6.94718e-01     8.27293e-01     8.09563e-01     5.38107e+00
   3.35021     1.03623e+00     1.09253e+00     3.05210e-01     5.03398e+00
   3.37476     1.30871e+00     1.28595e+00     4.41451e-01     4.50935e+00
   3.39930     1.56626e+00     1.61710e+00     1.12108e-01     4.13897e+00
   3.42385     1.74805e+00     1.86900e+00     7.61704e-01     3.48444e+00
   3.44839     2.05435e+00     2.13202e+00     8.79305e-01     3.33217e+00
   3.47293     2.46320e+00     2.67439e+00     1.41549e+00     2.62841e+00
   3.49748     2.91598e+00     2.68061e+00     1.59998e+00     2.33800e+00
   3.52202     2.81724e+00     2.81814e+00     1.85439e+00     2.13863e+00
   3.54656     3.25032e+00     3.21332e+00     2.06564e+00     1.52414e+00
   3.57111     3.49998e+00     3.45050e+00     2.63494e+00     1.17082e+00
   3.59565     4.04239e+00     3.83423e+00     2.78859e+00     6.24049e-01
   3.62019     3.84574e+00     4.24442e+00     3.25120e+00     3.96098e-01
   3.64474     4.22192e+00     4.36855e+00     3.48475e+00     2.78068e-01
   3.66928     4.61443e+00     4.65439e+00     3.85587e+00     1.46207e-01
   3.69383     4.58860e+00     4.95537e+00     4.09294e+00     8.28295e-01
   3.71837     5.08829e+00     5.25731e+00     4.50102e+00     1.24016e+00
   3.74291     5.08672e+00     5.52167e+00     4.55219e+00     1.26396e+00
   3.76746     5.56984e+00     5.77432e+00     5.00944e+00     1.73411e+00
   3.79200     5.54206e+00     6.05443e+00     4.97502e+00     2.14055e+00
   3.81654     5.98330e+00     6.08818e+00     5.41891e+00     2.49220e+00
   3.84109     6.16211e+00     6.53460e+00     5.68655e+00     2.56524e+00
   3.86563     6.33786e+00     6.85315e+00     5.85083e+00     3.19389e+00
   3.89018     6.82397e+00     7.07409e+00     6.32348e+00     3.68148e+00
   3.91472     6.76890e+00     7.11956e+00     6.38590e+00     3.82423e+00
   3.93926     6.93673e+00     7.46059e+00     6.82884e+00     4.14899e+00
   3.96381     7.37863e+00     7.58410e+00     7.00408e+00     4.39097e+00
   3.98835     7.48639e+00     7.88410e+00     7.21011e+00     4.58266e+00
   4.01289     7.64166e+00     7.97055e+00     7.67396e+00     4.68479e+00
   4.03744     7.86306e+00     8.16084e+00     7.71759e+00     5.06602e+00
   4.06198     8.11142e+00     8.43797e+00     7.75724e+00     5.55183e+00
   4.08652     8.39850e+00     8.57086e+00     8.19573e+00     5.77374e+00
   4.11107     8.56401e+00     8.71430e+00     8.32325e+00     6.07914e+00
   4.13561     8.49143e+00     8.89607e+00     8.42106e+00     6.30273e+00
   4.16016     8.81863e+00     9.31399e+00     8.71078e+00     6.63974e+00
   4.18470     8.97901e+00     9.31115e+00     9.01503e+00     6.78681e+00
   4.20924     9.36736e+00     9.46173e+00     9.22284e+00     7.13756e+00
   4.23379     9.48235e+00     9.73306e+00     9.38808e+00     7.49480e+00
   4.25833     9.52631e+00     9.78447e+00     9.55445e+00     7.56075e+00
   4.28287     9.71244e+00     9.94521e+00     9.76986e+00     7.78656e+00
   4.30742     1.00301e+01     1.03501e+01     9.97115e+00     8.13206e+00
   4.33196     1.01577e+01     1.04968e+01     1.03408e+01     8.34926e+00
   4.35651     1.02694e+01     1.06022e+01     1.05348e+01     8.46163e+00
   4.38105     1.06085e+01     1.08099e+01     1.06622e+01     8.84523e+00
   4.40559     1.06728e+01     1.10256e+01     1.08764e+01     8.90557e+00
   4.43014     1.08019e+01     1.12165e+01     1.10835e+01     9.15316e+00
   4.45468     1.09689e+01     1.12988e+01     1.11778e+01     9.38635e+00
   4.47922     1.10785e+01     1.14965e+01     1.13236e+01     9.60210e+00
   4.50377     1.13681e+01     1.16447e+01     1.15598e+01     9.87240e+00
   4.52831     1.14153e+01     1.18059e+01     1.17830e+01     1.00703e+01
   4.55285     1.15804e+01     1.19317e+01     1.18585e+01     1.01454e+01
   4.57740     1.16794e+01     1.20729e+01     1.21122e+01     1.04011e+01
   4.60194     1.18407e+01     1.22698e+01     1.21968e+01     1.06787e+01
   4.62649     1.19841e+01     1.23752e+01     1.24025e+01     1.07555e+01
   4.65103     1.21770e+01     1.26516e+01     1.24692e+01     1.11465e+01
   4.67557     1.21978e+01     1.26905e+01     1.26905e+01     1.11419e+01
   4.70012     1.24506e+01     1.28613e+01     1.28411e+01     1.14408e+01
   4.72466     1.25949e+01     1.30543e+01     1.30560e+01     1.15734e+01
   4.74920     1.27062e+01     1.32464e+01     1.32163e+01     1.16272e+01
   4.77375     1.28625e+01     1.34360e+01     1.32940e+01     1.18944e+01
   4.79829     1.30289e+01     1.34207e+01     1.35218e+01     1.21028e+01
   4.82284     1.31488e+01     1.36110e+01     1.36516e+01     1.22945e+01
   4.84738     1.32390e+01     1.36952e+01     1.37748e+01     1.24265e+01
   4.87192     1.34771e+01     1.38304e+01     1.39495e+01     1.25341e+01
   4.89647     1.35676e+01     1.39994e+01     1.41121e+01     1.27668e+01
   4.92101     1.36774e+01     1.41287e+01     1.41901e+01     1.28991e+01
   4.94555     1.38493e+01     1.42167e+01     1.43508e+01     1.30652e+01
   4.97010     1.39884e+01     1.44007e+01     1.44389e+01     1.31306e+01
   4.99464     1.40655e+01     1.44766e+01     1.46702e+01     1.34103e+01
   5.01919     1.41541e+01     1.45409e+01     1.48121e+01     1.35643e+01
   5.04373     1.43323e+01     1.47277e+01     1.48659e+01     1.36854e+01
   5.06827     1.44126e+01     1.48456e+01     1.50159e+01     1.38930e+01
   5.09282     1.45524e+01     1.50325e+01     1.52307e+01     1.38453e+01
   5.11736     1.46684e+01     1.51324e+01     1.52542e+01     1.41536e+01
   5.14190     1.48209e+01     1.53000e+01     1.54443e+01     1.42941e+01
   5.16645     1.49079e+01     1.53918e+01     1.55835e+01     1.43858e+01
   5.19099     1.50225e+01     1.55081e+01     1.56649e+01     1.44903e+01
   5.21553     1.50928e+01     1.56010e+01     1.58110e+01     1.44839e+01
   5.24008     1.52178e+01     1.57030e+01     1.58281e+01     1.46785e+01
   5.26462     1.52738e+01     1.58518e+01     1.60787e+01     1.48464e+01
   5.28917     1.54239e+01     1.58525e+01     1.61942e+01     1.49800e+01
   5.31371     1.54908e+01     1.59902e+01     1.63304e+01     1.50497e+01
   5.33825     1.55457e+01     1.61053e+01     1.63437e+01     1.51904e+01
   5.36280     1.56704e+01     1.62117e+01     1.65117e+01     1.53469e+01
   5.38734     1.57451e+01     1.63368e+01     1.65930e+01     1.53763e+01
   5.41188     1.58404e+01     1.64228e+01     1.67073e+01     1.54816e+01
   5.43643     1.59705e+01     1.65100e+01     1.67901e+01     1.56373e+01
   5.46097     1.60204e+01     1.66544e+01     1.68886e+01     1.57747e+01
   5.48552     1.61485e+01     1.66645e+01     1.69682e+01     1.58488e+01
   5.51006     1.62571e+01     1.67210e+01     1.70771e+01     1.59605e+01
   5.53460     1.62536e+01     1.68868e+01     1.72062e+01     1.60741e+01
   5.55915     1.63328e+01     1.69564e+01     1.72892e+01     1.61462e+01
   5.58369     1.64946e+01     1.70247e+01     1.73987e+01     1.61913e+01
   5.60823     1.65999e+01     1.71427e+01     1.74852e+01     1.63183e+01
   5.63278     1.66053e+01     1.72205e+01     1.75983e+01     1.64181e+01
   5.65732     1.66806e+01     1.73030e+01     1.76560e+01     1.64944e+01
   5.68186     1.67607e+01     1.74171e+01     1.77198e+01     1.65712e+01
   5.70641     1.68159e+01     1.74828e+01     1.78456e+01     1.67388e+01
   5.73095     1.69364e+01     1.75640e+01     1.79304e+01     1.68176e+01
   5.75550     1.69853e+01     1.76486e+01     1.80246e+01     1.68525e+01
   5.78004     1.70473e+01     1.77300e+01     1.81264e+01     1.69583e+01
   5.80458     1.70971e+01     1.77817e+01     1.81942e+01     1.70023e+01
   5.82913     1.71830e+01     1.78462e+01     1.82900e+01     1.70963e+01
   5.85367     1.72355e+01     1.79725e+01     1.83780e+01     1.71917e+01
   5.87821     1.72969e+01     1.80531e+01     1.84368e+01     1.72117e+01
   5.90276     1.73434e+01     1.80609e+01     1.85671e+01     1.72934e+01
   5.92730     1.73860e+01     1.81676e+01     1.86103e+01     1.73845e+01
   5.95185     1.74271e+01     1.82313e+01     1.86989e+01     1.74274e+01
   5.97639     1.75378e+01     1.82944e+01     1.87812e+01     1.75191e+01
   6.00093     1.75851e+01     1.83637e+01     1.88609e+01     1.75982e+01
   6.02548     1.76593e+01     1.84047e+01     1.89553e+01     1.76695e+01
   6.05002     1.77061e+01     1.85015e+01     1.90320e+01     1.77435e+01
   6.07456     1.77493e+01     1.85610e+01     1.90786e+01     1.77754e+01
   6.09911     1.78283e+01     1.86096e+01     1.91355e+01     1.78314e+01
   6.12365     1.78912e+01     1.86612e+01     1.92436e+01     1.79067e+01
   6.14819     1.78637e+01     1.86906e+01     1.92753e+01     1.79746e+01
   6.17274     1.79508e+01     1.87699e+01     1.94010e+01     1.80874e+01
   6.19728     1.80130e+01     1.88693e+01     1.94417e+01     1.80795e+01
   6.22183     1.80222e+01     1.89076e+01     1.95348e+01     1.81398e+01
   6.24637     1.80616e+01     1.89865e+01     1.95741e+01     1.81949e+01
   6.27091     1.80840e+01     1.90293e+01     1.96336e+01     1.82083e+01
