# Redshift space power spectrum in mu bins.
# Subtracting SN=    2.34847e+01.
#     k\mu         0.12500         0.37500         0.62500         0.87500
   0.00920     1.12534e+04             nan     1.58480e+04     1.12363e+04
   0.01534     1.31780e+04     1.55149e+04     1.80864e+04     1.93304e+04
   0.02148     1.38940e+04     1.44241e+04     1.61452e+04     1.82790e+04
   0.02761     1.34200e+04     1.32684e+04     1.53832e+04     1.64100e+04
   0.03375     1.13295e+04     1.04664e+04     1.23087e+04     1.50202e+04
   0.03988     9.15831e+03     9.91486e+03     1.09629e+04     1.26456e+04
   0.04602     8.09974e+03     8.15765e+03     9.35302e+03     1.05947e+04
   0.05216     7.41161e+03     7.89334e+03     8.57814e+03     9.81286e+03
   0.05829     6.83625e+03     7.27677e+03     7.84673e+03     9.43611e+03
   0.06443     6.14172e+03     6.53839e+03     7.42572e+03     8.27578e+03
   0.07056     5.72841e+03     6.11980e+03     6.76582e+03     7.90589e+03
   0.07670     5.37120e+03     5.73931e+03     6.24297e+03     7.42364e+03
   0.08283     4.67947e+03     5.01686e+03     5.64435e+03     6.45515e+03
   0.08897     4.15873e+03     4.57153e+03     4.86551e+03     5.73649e+03
   0.09511     3.76866e+03     3.88908e+03     4.25993e+03     4.95077e+03
   0.10124     3.44535e+03     3.59449e+03     4.04722e+03     4.55979e+03
   0.10738     3.02810e+03     3.28472e+03     3.54180e+03     4.15043e+03
   0.11351     2.94449e+03     3.03480e+03     3.42621e+03     3.95753e+03
   0.11965     2.75031e+03     2.91975e+03     3.29961e+03     3.71247e+03
   0.12579     2.66868e+03     2.88884e+03     3.13370e+03     3.69525e+03
   0.13192     2.59667e+03     2.76848e+03     3.06860e+03     3.57933e+03
   0.13806     2.34507e+03     2.57489e+03     2.86103e+03     3.23715e+03
   0.14419     2.26348e+03     2.30862e+03     2.67612e+03     3.11195e+03
   0.15033     2.04365e+03     2.21432e+03     2.38818e+03     2.81055e+03
   0.15647     1.86313e+03     1.98709e+03     2.21325e+03     2.58744e+03
   0.16260     1.77972e+03     1.84754e+03     2.05634e+03     2.38239e+03
   0.16874     1.65495e+03     1.73208e+03     1.98130e+03     2.33401e+03
   0.17487     1.60087e+03     1.64292e+03     1.86264e+03     2.20848e+03
   0.18101     1.45742e+03     1.62818e+03     1.71163e+03     2.07864e+03
   0.18715     1.45669e+03     1.54364e+03     1.68642e+03     2.04703e+03
   0.19328     1.41604e+03     1.50216e+03     1.68023e+03     1.96305e+03
   0.19942     1.35196e+03     1.41251e+03     1.57713e+03     1.89506e+03
   0.20555     1.26713e+03     1.36369e+03     1.49540e+03     1.79908e+03
   0.21169     1.17382e+03     1.28681e+03     1.48750e+03     1.67317e+03
   0.21783     1.15097e+03     1.20655e+03     1.34131e+03     1.60823e+03
   0.22396     1.07218e+03     1.11648e+03     1.28973e+03     1.49422e+03
   0.23010     1.01462e+03     1.09822e+03     1.24704e+03     1.51057e+03
   0.23623     1.00120e+03     1.03251e+03     1.17931e+03     1.42328e+03
   0.24237     9.47455e+02     1.01193e+03     1.12005e+03     1.32038e+03
   0.24850     9.27048e+02     9.90727e+02     1.10374e+03     1.34836e+03
   0.25464     8.91163e+02     9.60969e+02     1.07237e+03     1.28604e+03
   0.26078     8.56202e+02     9.37172e+02     1.03556e+03     1.24968e+03
   0.26691     8.29897e+02     8.59912e+02     9.89626e+02     1.17246e+03
   0.27305     8.10237e+02     8.60742e+02     9.69234e+02     1.11310e+03
   0.27918     7.78093e+02     8.27505e+02     9.09997e+02     1.10727e+03
   0.28532     7.34563e+02     7.92303e+02     9.11058e+02     1.05858e+03
   0.29146     7.15139e+02     7.54386e+02     8.64629e+02     1.03708e+03
   0.29759     6.82707e+02     7.37532e+02     8.24276e+02     9.95102e+02
   0.30373     6.74623e+02     7.04764e+02     8.01415e+02     9.77663e+02
   0.30986     6.51460e+02     6.93153e+02     7.96475e+02     9.40258e+02
   0.31600     6.29881e+02     6.71819e+02     7.47008e+02     9.01777e+02
   0.32214     6.16450e+02     6.50181e+02     7.32588e+02     9.03476e+02
   0.32827     5.83362e+02     6.28039e+02     7.14075e+02     8.56498e+02
   0.33441     5.69292e+02     6.06118e+02     6.99587e+02     8.41537e+02
   0.34054     5.59195e+02     5.90984e+02     6.66002e+02     7.90673e+02
   0.34668     5.39918e+02     5.87624e+02     6.56833e+02     8.12209e+02
   0.35282     5.23005e+02     5.59808e+02     6.21158e+02     7.69691e+02
   0.35895     5.12593e+02     5.47824e+02     6.11979e+02     7.56157e+02
   0.36509     4.95226e+02     5.28743e+02     5.95064e+02     7.14235e+02
   0.37122     4.81466e+02     5.31487e+02     5.97951e+02     7.12348e+02
   0.37736     4.78599e+02     5.11537e+02     5.66651e+02     7.09325e+02
   0.38350     4.47992e+02     4.93149e+02     5.68461e+02     6.74668e+02
   0.38963     4.47798e+02     4.86041e+02     5.36277e+02     6.55110e+02
   0.39577     4.41848e+02     4.73404e+02     5.23911e+02     6.55050e+02
   0.40190     4.23655e+02     4.56919e+02     5.32632e+02     6.37284e+02
   0.40804     4.16110e+02     4.48830e+02     5.01178e+02     6.39204e+02
   0.41417     3.99889e+02     4.29803e+02     4.91684e+02     6.01991e+02
   0.42031     4.00222e+02     4.22437e+02     4.84385e+02     5.95854e+02
   0.42645     3.86615e+02     4.05369e+02     4.77326e+02     5.76493e+02
   0.43258     3.70520e+02     3.95809e+02     4.49087e+02     5.60588e+02
   0.43872     3.63085e+02     3.91328e+02     4.50930e+02     5.51960e+02
   0.44485     3.68245e+02     3.74199e+02     4.38663e+02     5.35903e+02
   0.45099     3.42292e+02     3.78943e+02     4.31662e+02     5.30044e+02
   0.45713     3.43540e+02     3.60125e+02     4.19249e+02     5.30847e+02
   0.46326     3.37364e+02     3.59332e+02     4.09909e+02     5.09441e+02
   0.46940     3.33439e+02     3.54726e+02     4.02034e+02     5.04487e+02
   0.47553     3.19826e+02     3.42852e+02     3.97826e+02     4.92538e+02
   0.48167     3.09335e+02     3.38055e+02     3.91680e+02     4.83458e+02
   0.48781     3.04086e+02     3.29930e+02     3.72747e+02     4.78817e+02
   0.49394     3.00796e+02     3.19716e+02     3.77901e+02     4.63540e+02
   0.50008     2.92265e+02     3.15538e+02     3.58808e+02     4.58080e+02
   0.50621     2.89290e+02     3.07923e+02     3.52905e+02     4.53577e+02
   0.51235     2.83810e+02     2.97385e+02     3.41296e+02     4.32572e+02
   0.51849     2.76458e+02     2.97022e+02     3.42008e+02     4.26187e+02
   0.52462     2.70328e+02     2.91932e+02     3.34050e+02     4.22062e+02
   0.53076     2.65796e+02     2.83696e+02     3.33854e+02     4.16697e+02
   0.53689     2.60788e+02     2.78860e+02     3.25107e+02     4.04635e+02
   0.54303     2.55233e+02     2.73448e+02     3.21792e+02     4.01636e+02
   0.54917     2.55137e+02     2.70696e+02     3.13068e+02     3.95470e+02
   0.55530     2.45968e+02     2.66207e+02     3.09098e+02     3.89026e+02
   0.56144     2.43255e+02     2.63139e+02     3.00949e+02     3.80411e+02
   0.56757     2.32461e+02     2.54140e+02     2.93521e+02     3.73850e+02
   0.57371     2.34098e+02     2.51797e+02     2.88035e+02     3.70901e+02
   0.57984     2.28541e+02     2.43699e+02     2.84203e+02     3.58250e+02
   0.58598     2.24947e+02     2.41250e+02     2.84310e+02     3.53929e+02
   0.59212     2.20828e+02     2.40791e+02     2.76659e+02     3.46760e+02
   0.59825     2.16383e+02     2.35098e+02     2.74479e+02     3.43662e+02
   0.60439     2.17018e+02     2.30657e+02     2.70373e+02     3.40948e+02
   0.61052     2.07601e+02     2.22628e+02     2.66293e+02     3.34530e+02
   0.61666     2.07585e+02     2.23241e+02     2.57609e+02     3.33235e+02
   0.62280     2.01271e+02     2.19752e+02     2.54802e+02     3.23301e+02
   0.62893     1.98937e+02     2.16617e+02     2.48917e+02     3.18173e+02
   0.63507     1.96331e+02     2.12691e+02     2.48018e+02     3.17301e+02
   0.64120     1.96213e+02     2.07913e+02     2.43130e+02     3.10368e+02
   0.64734     1.90870e+02     2.05159e+02     2.38379e+02     3.09584e+02
   0.65348     1.87102e+02     2.00850e+02     2.36070e+02     3.02822e+02
   0.65961     1.81992e+02     1.95454e+02     2.29739e+02     2.98228e+02
   0.66575     1.80618e+02     1.93448e+02     2.30776e+02     2.91916e+02
   0.67188     1.78300e+02     1.88786e+02     2.27078e+02     2.90849e+02
   0.67802     1.73902e+02     1.89867e+02     2.21588e+02     2.84400e+02
   0.68416     1.71560e+02     1.85776e+02     2.19127e+02     2.80865e+02
   0.69029     1.70499e+02     1.84822e+02     2.18121e+02     2.74244e+02
   0.69643     1.64293e+02     1.79566e+02     2.10357e+02     2.71822e+02
   0.70256     1.62179e+02     1.78214e+02     2.09288e+02     2.68625e+02
   0.70870     1.64530e+02     1.74276e+02     2.04770e+02     2.63590e+02
   0.71484     1.57939e+02     1.71033e+02     2.03333e+02     2.59826e+02
   0.72097     1.56339e+02     1.69567e+02     2.00314e+02     2.59400e+02
   0.72711     1.53951e+02     1.67092e+02     1.98862e+02     2.60526e+02
   0.73324     1.51378e+02     1.65558e+02     1.92655e+02     2.49885e+02
   0.73938     1.50454e+02     1.63382e+02     1.92187e+02     2.45051e+02
   0.74551     1.47937e+02     1.60347e+02     1.90723e+02     2.44051e+02
   0.75165     1.46821e+02     1.58678e+02     1.86872e+02     2.41143e+02
   0.75779     1.42124e+02     1.54955e+02     1.85464e+02     2.36431e+02
   0.76392     1.41624e+02     1.52730e+02     1.80107e+02     2.34120e+02
   0.77006     1.38138e+02     1.50745e+02     1.79608e+02     2.31341e+02
   0.77619     1.37505e+02     1.48197e+02     1.75428e+02     2.28940e+02
   0.78233     1.36259e+02     1.46602e+02     1.73674e+02     2.29990e+02
   0.78847     1.33544e+02     1.46944e+02     1.69970e+02     2.23604e+02
   0.79460     1.31796e+02     1.43654e+02     1.69141e+02     2.20643e+02
   0.80074     1.28733e+02     1.39331e+02     1.67919e+02     2.19899e+02
   0.80687     1.28534e+02     1.38786e+02     1.63642e+02     2.15034e+02
   0.81301     1.26762e+02     1.37724e+02     1.61805e+02     2.12635e+02
   0.81915     1.25307e+02     1.36319e+02     1.60931e+02     2.07756e+02
   0.82528     1.23070e+02     1.32807e+02     1.57329e+02     2.09684e+02
   0.83142     1.19712e+02     1.31068e+02     1.55929e+02     2.04105e+02
   0.83755     1.18678e+02     1.29572e+02     1.52879e+02     2.03181e+02
   0.84369     1.16862e+02     1.27313e+02     1.51477e+02     1.99110e+02
   0.84983     1.16490e+02     1.26912e+02     1.49684e+02     1.96835e+02
   0.85596     1.14968e+02     1.23659e+02     1.47596e+02     1.97253e+02
   0.86210     1.15308e+02     1.23508e+02     1.46542e+02     1.91446e+02
   0.86823     1.10939e+02     1.21386e+02     1.45810e+02     1.91638e+02
   0.87437     1.11365e+02     1.18433e+02     1.44249e+02     1.87367e+02
   0.88050     1.10350e+02     1.19529e+02     1.40048e+02     1.83899e+02
   0.88664     1.07078e+02     1.16931e+02     1.38290e+02     1.84051e+02
   0.89278     1.05765e+02     1.14205e+02     1.37887e+02     1.82049e+02
   0.89891     1.05442e+02     1.12152e+02     1.35715e+02     1.78415e+02
   0.90505     1.03372e+02     1.11887e+02     1.33840e+02     1.75718e+02
   0.91118     1.00753e+02     1.12108e+02     1.31329e+02     1.77220e+02
   0.91732     9.97970e+01     1.08831e+02     1.29844e+02     1.74421e+02
   0.92346     9.91119e+01     1.07960e+02     1.26342e+02     1.69466e+02
   0.92959     9.68662e+01     1.06171e+02     1.27490e+02     1.70324e+02
   0.93573     9.67217e+01     1.04961e+02     1.24704e+02     1.68134e+02
   0.94186     9.47719e+01     1.03818e+02     1.24163e+02     1.66354e+02
   0.94800     9.41673e+01     1.02065e+02     1.20611e+02     1.65002e+02
   0.95414     9.35774e+01     1.00631e+02     1.21095e+02     1.61564e+02
   0.96027     9.18375e+01     1.00524e+02     1.18398e+02     1.59707e+02
   0.96641     9.13533e+01     9.88231e+01     1.17984e+02     1.58606e+02
   0.97254     8.90654e+01     9.88920e+01     1.16434e+02     1.57148e+02
   0.97868     8.81353e+01     9.57410e+01     1.15277e+02     1.54626e+02
   0.98482     8.72326e+01     9.49374e+01     1.13177e+02     1.53168e+02
   0.99095     8.75861e+01     9.38094e+01     1.11735e+02     1.51269e+02
   0.99709     8.52202e+01     9.28758e+01     1.11118e+02     1.48912e+02
   1.00322     8.36275e+01     9.19474e+01     1.10735e+02     1.46999e+02
   1.00936     8.32427e+01     9.06145e+01     1.09338e+02     1.46832e+02
   1.01550     8.15389e+01     8.92232e+01     1.07032e+02     1.43455e+02
   1.02163     8.02932e+01     8.86902e+01     1.03823e+02     1.42532e+02
   1.02777     8.00619e+01     8.68540e+01     1.04766e+02     1.41630e+02
   1.03390     7.87670e+01     8.62604e+01     1.04577e+02     1.39674e+02
   1.04004     7.76705e+01     8.50800e+01     1.03430e+02     1.40609e+02
   1.04617     7.67101e+01     8.48042e+01     1.00886e+02     1.36978e+02
   1.05231     7.59320e+01     8.28792e+01     1.00241e+02     1.35878e+02
   1.05845     7.48262e+01     8.16825e+01     9.91612e+01     1.34341e+02
   1.06458     7.43275e+01     8.08895e+01     9.68039e+01     1.32376e+02
   1.07072     7.28163e+01     7.96525e+01     9.59978e+01     1.30505e+02
   1.07685     7.24707e+01     7.92434e+01     9.41921e+01     1.29594e+02
   1.08299     7.16840e+01     7.77863e+01     9.38416e+01     1.28224e+02
   1.08913     7.06934e+01     7.73724e+01     9.23320e+01     1.27829e+02
   1.09526     6.97389e+01     7.63585e+01     9.25204e+01     1.25756e+02
   1.10140     6.91807e+01     7.52156e+01     9.09662e+01     1.23881e+02
   1.10753     6.84664e+01     7.41264e+01     8.96372e+01     1.23316e+02
   1.11367     6.72184e+01     7.35299e+01     8.94069e+01     1.20762e+02
   1.11981     6.68575e+01     7.28320e+01     8.80521e+01     1.20195e+02
   1.12594     6.50559e+01     7.11837e+01     8.73822e+01     1.18349e+02
   1.13208     6.50877e+01     7.04503e+01     8.54392e+01     1.18281e+02
   1.13821     6.34576e+01     7.00877e+01     8.45305e+01     1.16457e+02
   1.14435     6.32846e+01     6.90475e+01     8.39108e+01     1.14498e+02
   1.15049     6.19965e+01     6.80052e+01     8.20758e+01     1.13951e+02
   1.15662     6.17802e+01     6.79154e+01     8.18411e+01     1.12403e+02
   1.16276     6.12015e+01     6.59201e+01     8.11132e+01     1.11813e+02
   1.16889     6.02885e+01     6.64756e+01     8.07092e+01     1.10321e+02
   1.17503     5.92091e+01     6.51764e+01     7.94627e+01     1.09891e+02
   1.18117     5.85830e+01     6.45276e+01     7.81752e+01     1.07716e+02
   1.18730     5.71186e+01     6.35218e+01     7.69472e+01     1.06758e+02
   1.19344     5.71904e+01     6.30410e+01     7.67845e+01     1.06125e+02
   1.19957     5.65448e+01     6.20768e+01     7.57176e+01     1.04380e+02
   1.20571     5.61272e+01     6.12083e+01     7.54082e+01     1.04282e+02
   1.21184     5.49849e+01     6.03025e+01     7.29515e+01     1.01695e+02
   1.21798     5.45077e+01     5.96583e+01     7.36029e+01     1.01146e+02
   1.22412     5.37362e+01     5.88661e+01     7.20689e+01     1.01148e+02
   1.23025     5.34527e+01     5.85127e+01     7.07679e+01     9.90586e+01
   1.23639     5.22769e+01     5.78212e+01     6.97935e+01     9.81835e+01
   1.24252     5.18433e+01     5.68790e+01     6.98349e+01     9.83897e+01
   1.24866     5.08468e+01     5.61562e+01     6.88516e+01     9.70467e+01
   1.25480     5.07039e+01     5.57340e+01     6.75825e+01     9.62055e+01
   1.26093     4.97693e+01     5.45965e+01     6.71880e+01     9.41654e+01
   1.26707     4.90285e+01     5.43221e+01     6.61405e+01     9.24278e+01
   1.27320     4.88916e+01     5.38063e+01     6.58017e+01     9.23953e+01
   1.27934     4.77914e+01     5.27464e+01     6.46203e+01     9.16789e+01
   1.28548     4.76809e+01     5.25619e+01     6.41028e+01     9.09450e+01
   1.29161     4.71466e+01     5.16626e+01     6.35993e+01     8.93062e+01
   1.29775     4.61309e+01     5.08849e+01     6.27428e+01     8.82790e+01
   1.30388     4.65475e+01     5.02860e+01     6.22166e+01     8.74967e+01
   1.31002     4.53556e+01     4.95339e+01     6.19195e+01     8.64960e+01
   1.31616     4.44626e+01     4.91849e+01     6.04347e+01     8.47582e+01
   1.32229     4.41284e+01     4.85574e+01     6.00625e+01     8.43871e+01
   1.32843     4.35149e+01     4.83989e+01     5.90291e+01     8.36947e+01
   1.33456     4.29625e+01     4.77144e+01     5.84839e+01     8.20253e+01
   1.34070     4.26222e+01     4.65550e+01     5.86994e+01     8.19468e+01
   1.34684     4.21573e+01     4.63798e+01     5.71274e+01     8.04868e+01
   1.35297     4.18212e+01     4.57330e+01     5.68193e+01     7.94400e+01
   1.35911     4.05644e+01     4.53390e+01     5.61007e+01     7.96605e+01
   1.36524     3.99612e+01     4.46299e+01     5.54741e+01     7.85908e+01
   1.37138     4.00172e+01     4.45918e+01     5.47417e+01     7.74533e+01
   1.37751     3.91977e+01     4.36662e+01     5.39358e+01     7.72267e+01
   1.38365     3.88381e+01     4.31441e+01     5.28200e+01     7.56182e+01
   1.38979     3.85656e+01     4.29543e+01     5.28558e+01     7.54250e+01
   1.39592     3.77697e+01     4.22249e+01     5.14548e+01     7.47062e+01
   1.40206     3.72108e+01     4.15835e+01     5.17085e+01     7.39126e+01
   1.40819     3.67584e+01     4.06473e+01     5.06816e+01     7.32283e+01
   1.41433     3.66053e+01     4.07032e+01     5.03965e+01     7.15555e+01
   1.42047     3.61152e+01     3.93708e+01     4.95400e+01     7.09292e+01
   1.42660     3.53036e+01     3.99459e+01     4.91103e+01     7.00608e+01
   1.43274     3.49640e+01     3.88181e+01     4.83025e+01     6.97966e+01
   1.43887     3.50052e+01     3.85844e+01     4.75886e+01     6.88437e+01
   1.44501     3.42902e+01     3.78933e+01     4.71804e+01     6.83440e+01
   1.45115     3.35215e+01     3.74800e+01     4.67680e+01     6.80332e+01
   1.45728     3.33139e+01     3.68039e+01     4.62275e+01     6.66812e+01
   1.46342     3.29055e+01     3.62568e+01     4.63074e+01     6.61186e+01
   1.46955     3.24944e+01     3.58739e+01     4.55036e+01     6.50997e+01
   1.47569     3.24117e+01     3.55551e+01     4.46233e+01     6.54292e+01
   1.48183     3.15976e+01     3.51418e+01     4.38665e+01     6.37020e+01
   1.48796     3.15144e+01     3.49107e+01     4.31798e+01     6.30161e+01
   1.49410     3.06072e+01     3.40051e+01     4.25034e+01     6.23396e+01
   1.50023     3.08762e+01     3.36870e+01     4.26699e+01     6.17597e+01
   1.50637     2.98125e+01     3.31340e+01     4.18564e+01     6.14550e+01
   1.51251     2.94069e+01     3.28839e+01     4.16063e+01     6.03604e+01
   1.51864     2.91502e+01     3.22828e+01     4.08693e+01     5.98605e+01
   1.52478     2.87228e+01     3.20170e+01     4.02817e+01     5.93658e+01
   1.53091     2.84836e+01     3.16672e+01     3.97713e+01     5.87969e+01
   1.53705     2.78975e+01     3.11581e+01     3.94186e+01     5.79920e+01
   1.54318     2.80784e+01     3.08583e+01     3.87837e+01     5.69063e+01
   1.54932     2.72060e+01     3.04548e+01     3.84599e+01     5.68271e+01
   1.55546     2.68807e+01     2.97609e+01     3.75992e+01     5.57052e+01
   1.56159     2.65454e+01     2.92445e+01     3.74232e+01     5.52784e+01
   1.56773     2.60404e+01     2.87594e+01     3.64306e+01     5.50221e+01
   1.57386     2.55079e+01     2.88283e+01     3.63199e+01     5.39088e+01
   1.58000     2.53277e+01     2.86425e+01     3.64333e+01     5.36230e+01
   1.58614     2.50232e+01     2.79626e+01     3.53763e+01     5.26564e+01
   1.59227     2.46297e+01     2.73423e+01     3.51116e+01     5.20363e+01
   1.59841     2.41433e+01     2.70206e+01     3.43768e+01     5.18945e+01
   1.60454     2.35725e+01     2.65273e+01     3.40408e+01     5.12234e+01
   1.61068     2.33954e+01     2.63549e+01     3.40336e+01     5.04424e+01
   1.61682     2.30946e+01     2.56400e+01     3.32068e+01     4.99141e+01
   1.62295     2.26686e+01     2.55056e+01     3.28379e+01     4.88403e+01
   1.62909     2.26860e+01     2.51444e+01     3.23519e+01     4.88674e+01
   1.63522     2.21679e+01     2.47464e+01     3.19966e+01     4.79250e+01
   1.64136     2.17013e+01     2.42148e+01     3.13206e+01     4.75646e+01
   1.64750     2.14308e+01     2.40463e+01     3.11822e+01     4.68945e+01
   1.65363     2.11072e+01     2.39500e+01     3.05936e+01     4.60835e+01
   1.65977     2.10557e+01     2.32294e+01     3.01689e+01     4.58700e+01
   1.66590     2.02560e+01     2.30162e+01     2.96917e+01     4.52367e+01
   1.67204     2.02168e+01     2.26533e+01     2.92553e+01     4.51090e+01
   1.67817     1.99887e+01     2.23688e+01     2.89792e+01     4.43649e+01
   1.68431     1.95208e+01     2.20790e+01     2.83352e+01     4.36874e+01
   1.69045     1.92316e+01     2.17534e+01     2.79173e+01     4.29518e+01
   1.69658     1.89264e+01     2.12245e+01     2.79075e+01     4.27048e+01
   1.70272     1.84115e+01     2.10472e+01     2.73934e+01     4.17070e+01
   1.70885     1.84450e+01     2.06938e+01     2.69648e+01     4.17292e+01
   1.71499     1.81812e+01     2.02993e+01     2.67562e+01     4.13048e+01
   1.72113     1.76586e+01     1.99291e+01     2.62681e+01     4.07636e+01
   1.72726     1.73162e+01     1.95242e+01     2.57054e+01     3.98850e+01
   1.73340     1.73310e+01     1.94229e+01     2.54973e+01     3.94398e+01
   1.73953     1.68056e+01     1.88180e+01     2.50420e+01     3.90736e+01
   1.74567     1.64906e+01     1.87872e+01     2.44761e+01     3.85808e+01
   1.75181     1.62231e+01     1.83868e+01     2.43901e+01     3.79035e+01
   1.75794     1.59049e+01     1.80572e+01     2.38316e+01     3.76557e+01
   1.76408     1.56051e+01     1.76630e+01     2.37727e+01     3.72158e+01
   1.77021     1.52813e+01     1.74253e+01     2.30443e+01     3.67163e+01
   1.77635     1.52098e+01     1.70640e+01     2.28775e+01     3.62362e+01
   1.78249     1.48839e+01     1.69570e+01     2.25926e+01     3.60101e+01
   1.78862     1.44722e+01     1.66132e+01     2.21616e+01     3.56053e+01
   1.79476     1.43224e+01     1.62033e+01     2.17720e+01     3.49667e+01
   1.80089     1.40469e+01     1.60118e+01     2.16219e+01     3.44691e+01
   1.80703     1.37076e+01     1.56334e+01     2.11401e+01     3.37846e+01
   1.81317     1.32966e+01     1.52071e+01     2.08033e+01     3.31775e+01
   1.81930     1.34460e+01     1.52178e+01     2.04067e+01     3.30494e+01
   1.82544     1.28207e+01     1.47824e+01     2.02042e+01     3.24606e+01
   1.83157     1.24573e+01     1.47021e+01     1.95871e+01     3.19052e+01
   1.83771     1.23847e+01     1.41424e+01     1.93974e+01     3.17342e+01
   1.84384     1.20645e+01     1.39549e+01     1.88940e+01     3.12682e+01
   1.84998     1.18616e+01     1.38333e+01     1.88070e+01     3.08281e+01
   1.85612     1.16043e+01     1.33563e+01     1.85563e+01     3.04916e+01
   1.86225     1.15054e+01     1.32557e+01     1.79953e+01     2.99130e+01
   1.86839     1.10704e+01     1.30877e+01     1.77318e+01     2.94668e+01
   1.87452     1.08798e+01     1.27390e+01     1.74209e+01     2.91239e+01
   1.88066     1.05113e+01     1.23980e+01     1.70957e+01     2.87951e+01
   1.88680     1.03039e+01     1.20908e+01     1.68883e+01     2.83764e+01
   1.89293     1.01083e+01     1.17992e+01     1.64673e+01     2.77097e+01
   1.89907     9.80360e+00     1.17819e+01     1.64365e+01     2.74710e+01
   1.90520     9.70708e+00     1.13614e+01     1.58513e+01     2.69398e+01
   1.91134     9.39472e+00     1.10744e+01     1.55561e+01     2.66163e+01
   1.91748     9.25537e+00     1.07899e+01     1.54462e+01     2.62635e+01
   1.92361     9.01989e+00     1.07218e+01     1.51090e+01     2.59064e+01
   1.92975     8.74586e+00     1.02770e+01     1.48915e+01     2.58467e+01
   1.93588     8.48764e+00     1.00879e+01     1.45086e+01     2.51023e+01
   1.94202     8.29932e+00     9.88246e+00     1.43740e+01     2.48702e+01
   1.94816     8.14613e+00     9.71042e+00     1.38828e+01     2.44127e+01
   1.95429     7.85972e+00     9.33241e+00     1.36540e+01     2.42119e+01
   1.96043     7.50631e+00     9.11061e+00     1.31859e+01     2.36009e+01
   1.96656     7.42146e+00     8.88800e+00     1.30889e+01     2.33834e+01
   1.97270     7.19826e+00     8.61945e+00     1.28156e+01     2.30190e+01
   1.97884     7.11181e+00     8.36025e+00     1.23961e+01     2.27035e+01
   1.98497     6.73109e+00     8.21239e+00     1.21986e+01     2.21638e+01
   1.99111     6.68393e+00     7.94503e+00     1.18738e+01     2.18547e+01
   1.99724     6.39348e+00     7.69841e+00     1.16315e+01     2.15705e+01
   2.00338     6.21446e+00     7.61171e+00     1.16662e+01     2.12337e+01
   2.00951     5.85103e+00     7.36304e+00     1.12623e+01     2.08303e+01
   2.01565     5.76209e+00     6.92735e+00     1.09086e+01     2.04922e+01
   2.02179     5.46678e+00     6.84017e+00     1.06511e+01     2.02465e+01
   2.02792     5.22393e+00     6.65386e+00     1.03854e+01     1.95695e+01
   2.03406     5.01827e+00     6.46749e+00     1.00067e+01     1.93996e+01
   2.04019     4.79314e+00     6.05881e+00     9.91505e+00     1.90501e+01
   2.04633     4.65896e+00     5.96519e+00     9.56321e+00     1.87582e+01
   2.05247     4.49796e+00     5.67735e+00     9.56017e+00     1.85070e+01
   2.05860     4.37662e+00     5.53581e+00     9.11248e+00     1.81993e+01
   2.06474     4.19412e+00     5.36055e+00     8.88628e+00     1.78699e+01
   2.07087     3.92814e+00     5.16602e+00     8.61616e+00     1.75663e+01
   2.07701     3.83661e+00     4.84403e+00     8.37633e+00     1.72391e+01
   2.08315     3.50171e+00     4.73061e+00     8.18810e+00     1.68865e+01
   2.08928     3.37229e+00     4.39276e+00     7.98378e+00     1.64254e+01
   2.09542     3.21619e+00     4.36134e+00     7.54030e+00     1.60321e+01
   2.10155     2.88476e+00     4.13490e+00     7.39165e+00     1.59288e+01
   2.10769     2.89586e+00     3.94117e+00     7.20206e+00     1.58129e+01
   2.11383     2.67610e+00     3.75082e+00     7.10848e+00     1.53484e+01
   2.11996     2.37674e+00     3.41324e+00     6.65942e+00     1.49743e+01
   2.12610     2.23867e+00     3.32314e+00     6.50277e+00     1.47607e+01
   2.13223     2.13370e+00     3.15754e+00     6.36914e+00     1.44696e+01
   2.13837     1.87470e+00     2.95282e+00     6.00800e+00     1.41835e+01
   2.14451     1.71177e+00     2.69309e+00     5.90106e+00     1.37308e+01
   2.15064     1.56343e+00     2.54452e+00     5.61628e+00     1.34583e+01
   2.15678     1.37980e+00     2.32273e+00     5.39712e+00     1.32553e+01
   2.16291     1.21325e+00     2.26704e+00     5.22410e+00     1.30095e+01
   2.16905     1.05489e+00     1.97850e+00     4.87613e+00     1.26080e+01
   2.17518     9.93289e-01     1.83453e+00     4.66331e+00     1.24839e+01
   2.18132     6.16488e-01     1.64440e+00     4.51029e+00     1.21719e+01
   2.18746     5.13819e-01     1.48316e+00     4.31303e+00     1.17993e+01
   2.19359     4.09759e-01     1.25658e+00     4.12174e+00     1.14546e+01
   2.19973     1.78854e-01     1.03519e+00     3.81426e+00     1.12265e+01
   2.20586     3.84983e-02     9.33406e-01     3.59513e+00     1.11167e+01
   2.21200     5.71244e-02     7.76875e-01     3.48642e+00     1.08554e+01
   2.21814     2.22542e-01     5.49605e-01     3.33350e+00     1.05120e+01
   2.22427     4.09269e-01     4.66593e-01     3.01222e+00     1.02322e+01
   2.23041     5.50230e-01     2.44164e-01     2.83536e+00     9.94991e+00
   2.23654     6.60562e-01     3.67388e-02     2.75887e+00     9.69489e+00
   2.24268     9.06277e-01     1.97881e-01     2.47205e+00     9.52270e+00
   2.24882     1.02445e+00     1.87527e-01     2.29722e+00     9.13030e+00
   2.25495     1.17008e+00     4.27189e-01     2.06475e+00     8.95953e+00
   2.26109     1.36015e+00     6.08576e-01     1.91174e+00     8.64706e+00
   2.26722     1.48745e+00     7.35892e-01     1.68305e+00     8.51653e+00
   2.27336     1.70290e+00     8.63823e-01     1.46341e+00     8.18138e+00
   2.27950     1.88661e+00     1.03797e+00     1.29559e+00     8.00389e+00
   2.28563     1.85979e+00     1.21877e+00     1.13773e+00     7.67941e+00
   2.29177     2.02450e+00     1.45711e+00     8.66265e-01     7.57320e+00
   2.29790     2.25486e+00     1.46275e+00     6.62105e-01     7.24340e+00
   2.30404     2.43810e+00     1.79723e+00     5.21468e-01     7.15018e+00
   2.31018     2.48955e+00     1.90062e+00     3.53699e-01     6.64668e+00
   2.31631     2.65591e+00     2.01953e+00     1.99616e-01     6.49808e+00
   2.32245     2.76459e+00     2.15684e+00     8.31844e-02     6.33065e+00
   2.32858     2.95081e+00     2.25875e+00     1.43449e-01     6.11278e+00
   2.33472     3.11396e+00     2.46422e+00     4.42661e-01     5.79462e+00
   2.34085     3.25137e+00     2.67974e+00     5.72215e-01     5.57969e+00
   2.34699     3.34526e+00     2.83106e+00     6.80145e-01     5.34900e+00
   2.35313     3.41394e+00     2.90000e+00     8.75059e-01     5.14253e+00
   2.35926     3.63037e+00     3.10341e+00     1.12122e+00     4.92810e+00
   2.36540     3.69837e+00     3.17816e+00     1.27277e+00     4.70466e+00
   2.37153     3.76216e+00     3.41389e+00     1.36658e+00     4.50393e+00
   2.37767     4.05549e+00     3.49115e+00     1.62234e+00     4.39807e+00
   2.38381     4.08168e+00     3.62316e+00     1.71890e+00     4.12000e+00
   2.38994     4.24669e+00     3.84193e+00     1.94024e+00     3.87453e+00
   2.39608     4.35607e+00     4.01557e+00     2.00164e+00     3.75433e+00
   2.40221     4.52211e+00     4.07825e+00     2.24113e+00     3.51633e+00
   2.40835     4.66004e+00     4.18751e+00     2.40627e+00     3.34904e+00
   2.41449     4.87370e+00     4.41147e+00     2.59238e+00     3.12439e+00
   2.42062     4.89276e+00     4.43337e+00     2.62606e+00     2.88432e+00
   2.42676     5.03495e+00     4.69134e+00     2.88313e+00     2.78251e+00
   2.43289     5.08552e+00     4.77940e+00     3.04229e+00     2.51298e+00
   2.43903     5.23642e+00     4.86802e+00     3.17835e+00     2.37220e+00
   2.44517     5.31528e+00     5.03416e+00     3.39044e+00     2.14170e+00
   2.45130     5.44674e+00     5.16670e+00     3.58758e+00     1.84741e+00
   2.45744     5.63290e+00     5.23922e+00     3.66372e+00     1.75316e+00
   2.46357     5.71559e+00     5.36794e+00     3.89448e+00     1.57759e+00
   2.46971     5.85176e+00     5.51445e+00     3.93878e+00     1.33725e+00
   2.47584     6.02086e+00     5.69317e+00     4.12923e+00     1.17899e+00
   2.48198     6.05389e+00     5.78159e+00     4.24170e+00     9.96480e-01
   2.48812     6.17151e+00     5.95493e+00     4.38497e+00     7.79836e-01
   2.49425     6.25685e+00     6.03873e+00     4.45398e+00     6.07166e-01
   2.50039     6.37693e+00     6.22362e+00     4.70824e+00     4.30710e-01
   2.50652     6.49438e+00     6.25289e+00     4.83810e+00     2.50156e-01
   2.51266     6.63189e+00     6.40158e+00     4.97726e+00     3.64542e-02
   2.51880     6.67907e+00     6.47332e+00     5.13076e+00     1.04827e-01
   2.52493     6.80911e+00     6.57963e+00     5.26560e+00     2.85031e-01
   2.53107     6.96356e+00     6.76210e+00     5.37664e+00     5.19423e-01
   2.53720     7.06542e+00     6.82838e+00     5.56835e+00     5.14967e-01
   2.54334     7.15207e+00     6.97483e+00     5.60193e+00     8.56682e-01
   2.54948     7.25340e+00     7.11286e+00     5.72924e+00     9.38195e-01
   2.55561     7.32125e+00     7.15020e+00     5.91411e+00     1.08279e+00
   2.56175     7.52450e+00     7.30511e+00     6.04656e+00     1.19258e+00
   2.56788     7.58430e+00     7.43118e+00     6.13218e+00     1.44482e+00
   2.57402     7.64166e+00     7.58824e+00     6.35044e+00     1.56193e+00
   2.58016     7.80363e+00     7.65846e+00     6.44953e+00     1.75605e+00
   2.58629     7.82124e+00     7.74946e+00     6.58518e+00     1.92417e+00
   2.59243     7.94555e+00     7.91485e+00     6.74291e+00     2.06850e+00
   2.59856     8.02396e+00     7.98713e+00     6.87237e+00     2.20874e+00
   2.60470     8.15947e+00     8.06424e+00     6.96977e+00     2.42124e+00
   2.61084     8.23641e+00     8.16963e+00     7.06791e+00     2.48597e+00
   2.61697     8.30475e+00     8.28167e+00     7.27498e+00     2.71255e+00
   2.62311     8.41506e+00     8.39497e+00     7.37201e+00     2.87069e+00
   2.62924     8.45808e+00     8.48621e+00     7.46020e+00     3.01710e+00
   2.63538     8.57452e+00     8.59491e+00     7.57009e+00     3.19890e+00
   2.64151     8.73278e+00     8.69351e+00     7.73266e+00     3.28484e+00
   2.64765     8.73074e+00     8.79707e+00     7.88612e+00     3.41341e+00
   2.65379     8.86216e+00     8.89042e+00     7.96271e+00     3.52010e+00
   2.65992     8.96336e+00     8.99643e+00     8.10548e+00     3.73888e+00
   2.66606     9.04925e+00     9.03484e+00     8.18906e+00     3.79992e+00
   2.67219     9.15336e+00     9.17050e+00     8.28424e+00     4.01664e+00
   2.67833     9.26251e+00     9.28982e+00     8.40296e+00     4.14144e+00
   2.68447     9.32650e+00     9.43418e+00     8.51985e+00     4.24626e+00
   2.69060     9.38925e+00     9.47951e+00     8.64153e+00     4.46619e+00
   2.69674     9.44141e+00     9.54531e+00     8.77021e+00     4.47669e+00
   2.70287     9.56393e+00     9.65112e+00     8.83772e+00     4.74310e+00
   2.70901     9.64073e+00     9.78099e+00     8.99924e+00     4.84835e+00
   2.71515     9.71759e+00     9.86305e+00     9.10337e+00     4.91172e+00
   2.72128     9.84307e+00     9.88203e+00     9.23192e+00     5.14157e+00
   2.72742     9.83733e+00     1.00370e+01     9.31891e+00     5.21109e+00
   2.73355     9.92873e+00     1.01306e+01     9.41396e+00     5.27274e+00
   2.73969     9.97801e+00     1.02046e+01     9.49980e+00     5.46792e+00
   2.74583     1.01221e+01     1.03022e+01     9.61436e+00     5.58692e+00
   2.75196     1.02034e+01     1.04208e+01     9.74045e+00     5.69457e+00
   2.75810     1.02212e+01     1.05104e+01     9.87460e+00     5.77269e+00
   2.76423     1.03562e+01     1.05857e+01     9.93771e+00     5.94361e+00
   2.77037     1.03846e+01     1.06394e+01     1.00941e+01     6.04819e+00
   2.77651     1.04471e+01     1.07377e+01     1.01758e+01     6.10616e+00
   2.78264     1.05520e+01     1.08303e+01     1.02403e+01     6.25350e+00
   2.78878     1.06717e+01     1.08927e+01     1.03109e+01     6.40548e+00
   2.79491     1.07047e+01     1.09736e+01     1.04985e+01     6.45818e+00
   2.80105     1.07497e+01     1.10506e+01     1.05610e+01     6.63920e+00
   2.80718     1.08047e+01     1.11209e+01     1.06610e+01     6.71001e+00
   2.81332     1.09146e+01     1.12670e+01     1.07614e+01     6.84605e+00
   2.81946     1.09278e+01     1.12856e+01     1.08320e+01     6.93196e+00
   2.82559     1.10248e+01     1.13670e+01     1.09051e+01     7.06005e+00
   2.83173     1.10888e+01     1.14558e+01     1.10267e+01     7.17620e+00
   2.83786     1.11642e+01     1.15521e+01     1.11177e+01     7.24604e+00
   2.84400     1.12196e+01     1.16452e+01     1.12247e+01     7.36837e+00
   2.85014     1.12917e+01     1.16922e+01     1.13169e+01     7.42444e+00
   2.85627     1.13282e+01     1.18106e+01     1.14118e+01     7.56822e+00
   2.86241     1.14263e+01     1.18377e+01     1.14832e+01     7.68598e+00
   2.86854     1.14438e+01     1.18974e+01     1.15898e+01     7.75780e+00
   2.87468     1.15016e+01     1.19935e+01     1.16845e+01     7.88185e+00
   2.88082     1.15816e+01     1.20347e+01     1.17928e+01     7.94685e+00
   2.88695     1.16213e+01     1.21303e+01     1.18614e+01     8.02659e+00
   2.89309     1.16910e+01     1.21727e+01     1.19533e+01     8.16887e+00
   2.89922     1.18076e+01     1.22780e+01     1.20474e+01     8.26020e+00
   2.90536     1.18218e+01     1.23438e+01     1.21339e+01     8.33885e+00
   2.91150     1.18851e+01     1.24061e+01     1.22117e+01     8.43618e+00
   2.91763     1.19326e+01     1.24918e+01     1.22807e+01     8.57353e+00
   2.92377     1.19596e+01     1.25737e+01     1.23678e+01     8.63465e+00
   2.92990     1.20316e+01     1.26311e+01     1.24442e+01     8.74883e+00
   2.93604     1.20765e+01     1.26844e+01     1.25602e+01     8.78099e+00
   2.94218     1.21515e+01     1.27544e+01     1.26272e+01     8.88635e+00
   2.94831     1.22242e+01     1.28218e+01     1.27057e+01     8.92033e+00
   2.95445     1.22602e+01     1.28331e+01     1.27780e+01     9.03780e+00
   2.96058     1.23079e+01     1.29132e+01     1.28678e+01     9.18624e+00
   2.96672     1.23754e+01     1.29959e+01     1.29512e+01     9.24113e+00
   2.97285     1.24419e+01     1.30882e+01     1.30202e+01     9.31180e+00
   2.97899     1.24686e+01     1.31240e+01     1.30978e+01     9.36749e+00
   2.98513     1.24967e+01     1.32064e+01     1.31890e+01     9.44017e+00
   2.99126     1.25606e+01     1.32692e+01     1.32449e+01     9.51550e+00
   2.99740     1.26321e+01     1.32979e+01     1.33170e+01     9.62075e+00
   3.00353     1.26570e+01     1.33891e+01     1.33921e+01     9.71809e+00
   3.00967     1.27037e+01     1.34493e+01     1.34761e+01     9.75982e+00
   3.01581     1.27397e+01     1.34668e+01     1.35322e+01     9.85478e+00
   3.02194     1.27836e+01     1.35427e+01     1.36245e+01     9.90826e+00
   3.02808     1.28649e+01     1.36155e+01     1.37176e+01     9.99459e+00
   3.03421     1.28987e+01     1.36847e+01     1.37424e+01     1.00783e+01
   3.04035     1.29509e+01     1.37191e+01     1.38265e+01     1.01587e+01
   3.04649     1.29439e+01     1.38046e+01     1.39214e+01     1.02231e+01
   3.05262     1.30109e+01     1.38275e+01     1.40070e+01     1.02850e+01
   3.05876     1.30484e+01     1.39174e+01     1.40498e+01     1.04053e+01
   3.06489     1.30579e+01     1.39375e+01     1.41417e+01     1.04098e+01
   3.07103     1.31384e+01     1.39837e+01     1.41863e+01     1.04650e+01
   3.07717     1.31667e+01     1.40407e+01     1.42711e+01     1.05756e+01
   3.08330     1.32197e+01     1.40908e+01     1.43375e+01     1.06109e+01
   3.08944     1.32351e+01     1.41617e+01     1.44082e+01     1.06862e+01
   3.09557     1.32956e+01     1.42177e+01     1.44719e+01     1.07453e+01
   3.10171     1.33349e+01     1.42738e+01     1.45348e+01     1.07993e+01
   3.10785     1.33664e+01     1.42965e+01     1.46088e+01     1.08606e+01
   3.11398     1.33894e+01     1.43442e+01     1.46696e+01     1.09335e+01
   3.12012     1.34490e+01     1.43958e+01     1.47607e+01     1.09741e+01
   3.12625     1.34699e+01     1.44398e+01     1.47801e+01     1.10319e+01
   3.13239     1.35085e+01     1.44957e+01     1.48654e+01     1.10497e+01
   3.13852     1.35290e+01     1.45622e+01     1.48832e+01     1.11615e+01
