# Redshift space power spectrum in mu bins.
# Subtracting SN=    4.27760e+01.
#     k\mu         0.12500         0.37500         0.62500         0.87500
   0.00920     9.80733e+03             nan     1.64901e+04     1.90002e+04
   0.01534     1.23281e+04     1.49565e+04     2.01492e+04     2.39539e+04
   0.02148     1.22447e+04     1.33981e+04     1.68477e+04     2.21596e+04
   0.02761     1.16101e+04     1.28939e+04     1.66579e+04     2.07079e+04
   0.03375     9.91506e+03     1.01467e+04     1.27781e+04     1.82772e+04
   0.03988     8.04740e+03     9.18136e+03     1.13516e+04     1.49970e+04
   0.04602     7.16412e+03     7.69961e+03     9.70346e+03     1.25955e+04
   0.05216     6.42953e+03     7.36245e+03     9.19109e+03     1.16340e+04
   0.05829     5.97348e+03     6.74302e+03     8.12770e+03     1.10851e+04
   0.06443     5.51102e+03     6.14171e+03     7.72262e+03     9.67758e+03
   0.07056     5.23371e+03     5.65702e+03     7.00043e+03     9.16965e+03
   0.07670     4.70251e+03     5.29912e+03     6.41265e+03     8.79842e+03
   0.08283     4.20514e+03     4.70126e+03     5.71715e+03     7.56230e+03
   0.08897     3.65264e+03     4.11923e+03     5.01427e+03     6.67439e+03
   0.09511     3.17630e+03     3.54918e+03     4.42751e+03     5.89133e+03
   0.10124     3.00385e+03     3.35450e+03     4.07835e+03     5.18132e+03
   0.10738     2.70464e+03     3.02606e+03     3.55819e+03     4.82801e+03
   0.11351     2.51361e+03     2.77516e+03     3.47710e+03     4.45747e+03
   0.11965     2.35528e+03     2.61341e+03     3.26301e+03     4.23604e+03
   0.12579     2.30014e+03     2.64092e+03     3.15089e+03     4.22056e+03
   0.13192     2.21152e+03     2.44481e+03     3.03416e+03     4.06772e+03
   0.13806     2.01087e+03     2.27988e+03     2.92663e+03     3.60839e+03
   0.14419     1.91957e+03     2.08116e+03     2.61649e+03     3.54531e+03
   0.15033     1.73482e+03     2.01394e+03     2.39005e+03     3.08515e+03
   0.15647     1.58147e+03     1.81394e+03     2.17853e+03     2.92643e+03
   0.16260     1.48655e+03     1.66616e+03     2.02924e+03     2.66590e+03
   0.16874     1.37195e+03     1.55141e+03     1.98159e+03     2.70903e+03
   0.17487     1.32674e+03     1.49531e+03     1.83757e+03     2.51834e+03
   0.18101     1.25507e+03     1.44687e+03     1.67353e+03     2.37859e+03
   0.18715     1.23559e+03     1.34533e+03     1.68053e+03     2.30877e+03
   0.19328     1.19144e+03     1.34901e+03     1.63856e+03     2.17612e+03
   0.19942     1.13305e+03     1.25405e+03     1.52198e+03     2.07349e+03
   0.20555     1.04725e+03     1.19303e+03     1.43848e+03     1.96426e+03
   0.21169     9.64120e+02     1.14892e+03     1.42965e+03     1.83223e+03
   0.21783     9.48361e+02     1.04984e+03     1.30225e+03     1.78808e+03
   0.22396     8.86038e+02     9.69237e+02     1.25526e+03     1.67084e+03
   0.23010     8.45122e+02     9.57241e+02     1.21518e+03     1.69313e+03
   0.23623     8.19027e+02     9.17628e+02     1.14377e+03     1.56937e+03
   0.24237     7.71290e+02     8.73162e+02     1.06700e+03     1.43846e+03
   0.24850     7.52058e+02     8.71178e+02     1.06480e+03     1.49712e+03
   0.25464     7.38857e+02     8.21010e+02     1.03642e+03     1.43239e+03
   0.26078     6.92204e+02     7.98940e+02     9.86545e+02     1.35829e+03
   0.26691     6.75401e+02     7.45268e+02     9.40044e+02     1.26919e+03
   0.27305     6.55749e+02     7.22405e+02     9.42137e+02     1.20986e+03
   0.27918     6.36887e+02     7.17380e+02     8.53612e+02     1.21809e+03
   0.28532     5.96409e+02     6.81064e+02     8.79053e+02     1.15317e+03
   0.29146     5.69968e+02     6.31470e+02     8.07218e+02     1.11076e+03
   0.29759     5.51888e+02     6.28071e+02     7.80260e+02     1.10452e+03
   0.30373     5.24167e+02     5.99063e+02     7.60323e+02     1.06493e+03
   0.30986     5.20906e+02     5.87529e+02     7.42174e+02     1.02617e+03
   0.31600     5.00859e+02     5.66511e+02     7.02652e+02     9.63283e+02
   0.32214     4.93809e+02     5.47203e+02     6.86477e+02     9.49666e+02
   0.32827     4.71495e+02     5.27477e+02     6.57210e+02     9.18960e+02
   0.33441     4.54658e+02     5.04357e+02     6.50261e+02     8.83017e+02
   0.34054     4.40357e+02     5.01192e+02     6.03160e+02     8.67307e+02
   0.34668     4.20059e+02     4.89395e+02     6.05078e+02     8.71095e+02
   0.35282     4.11618e+02     4.70376e+02     5.70814e+02     8.19855e+02
   0.35895     3.95335e+02     4.55811e+02     5.61703e+02     8.16331e+02
   0.36509     3.90459e+02     4.33401e+02     5.35596e+02     7.57528e+02
   0.37122     3.82251e+02     4.40346e+02     5.48013e+02     7.60309e+02
   0.37736     3.70397e+02     4.20719e+02     5.12147e+02     7.49180e+02
   0.38350     3.48433e+02     4.01248e+02     5.09810e+02     6.91766e+02
   0.38963     3.46893e+02     3.95635e+02     4.82243e+02     6.71688e+02
   0.39577     3.42120e+02     3.83818e+02     4.80736e+02     6.77268e+02
   0.40190     3.24866e+02     3.72697e+02     4.73413e+02     6.61870e+02
   0.40804     3.25061e+02     3.59179e+02     4.54735e+02     6.52311e+02
   0.41417     3.05178e+02     3.47861e+02     4.37078e+02     6.18898e+02
   0.42031     3.07085e+02     3.40286e+02     4.32929e+02     6.17154e+02
   0.42645     2.95783e+02     3.28222e+02     4.22143e+02     5.97008e+02
   0.43258     2.80479e+02     3.15331e+02     4.01144e+02     5.85413e+02
   0.43872     2.74856e+02     3.14609e+02     4.02805e+02     5.74381e+02
   0.44485     2.78707e+02     3.00145e+02     3.91229e+02     5.55138e+02
   0.45099     2.58069e+02     3.04947e+02     3.78357e+02     5.31900e+02
   0.45713     2.56946e+02     2.91004e+02     3.72308e+02     5.33745e+02
   0.46326     2.58279e+02     2.82826e+02     3.57962e+02     5.22169e+02
   0.46940     2.50673e+02     2.82222e+02     3.52574e+02     5.05536e+02
   0.47553     2.43856e+02     2.71827e+02     3.43962e+02     4.94137e+02
   0.48167     2.32472e+02     2.71050e+02     3.38990e+02     4.87004e+02
   0.48781     2.27093e+02     2.58636e+02     3.22347e+02     4.75402e+02
   0.49394     2.26143e+02     2.50673e+02     3.27133e+02     4.65990e+02
   0.50008     2.15482e+02     2.45023e+02     3.10548e+02     4.61441e+02
   0.50621     2.14658e+02     2.39960e+02     3.06048e+02     4.38935e+02
   0.51235     2.09546e+02     2.31405e+02     2.90456e+02     4.31330e+02
   0.51849     2.07224e+02     2.28688e+02     2.94507e+02     4.19944e+02
   0.52462     2.00982e+02     2.23567e+02     2.86461e+02     4.12775e+02
   0.53076     1.92634e+02     2.17583e+02     2.85262e+02     4.03322e+02
   0.53689     1.93115e+02     2.14502e+02     2.72514e+02     3.97970e+02
   0.54303     1.84624e+02     2.08368e+02     2.71466e+02     3.89594e+02
   0.54917     1.81719e+02     2.04087e+02     2.64004e+02     3.84540e+02
   0.55530     1.77725e+02     2.01085e+02     2.57365e+02     3.73997e+02
   0.56144     1.75452e+02     1.96025e+02     2.52492e+02     3.69919e+02
   0.56757     1.68234e+02     1.93394e+02     2.48580e+02     3.58138e+02
   0.57371     1.68387e+02     1.88975e+02     2.37105e+02     3.48572e+02
   0.57984     1.62726e+02     1.83344e+02     2.35155e+02     3.42221e+02
   0.58598     1.59224e+02     1.79168e+02     2.32385e+02     3.32777e+02
   0.59212     1.56936e+02     1.77938e+02     2.29171e+02     3.35079e+02
   0.59825     1.53184e+02     1.72222e+02     2.22691e+02     3.26992e+02
   0.60439     1.52293e+02     1.69654e+02     2.21581e+02     3.17209e+02
   0.61052     1.46358e+02     1.67771e+02     2.14410e+02     3.12522e+02
   0.61666     1.47274e+02     1.64065e+02     2.10674e+02     3.05462e+02
   0.62280     1.41494e+02     1.62070e+02     2.05929e+02     3.01835e+02
   0.62893     1.39980e+02     1.58351e+02     2.00696e+02     2.95660e+02
   0.63507     1.37471e+02     1.53640e+02     2.00034e+02     2.89730e+02
   0.64120     1.35035e+02     1.52427e+02     1.93355e+02     2.85170e+02
   0.64734     1.31616e+02     1.49423e+02     1.88771e+02     2.78576e+02
   0.65348     1.29894e+02     1.45420e+02     1.87282e+02     2.69760e+02
   0.65961     1.25816e+02     1.42130e+02     1.82132e+02     2.68257e+02
   0.66575     1.23139e+02     1.38864e+02     1.80133e+02     2.62983e+02
   0.67188     1.22203e+02     1.36435e+02     1.75694e+02     2.60741e+02
   0.67802     1.19825e+02     1.36552e+02     1.72544e+02     2.54295e+02
   0.68416     1.15973e+02     1.31787e+02     1.71701e+02     2.47389e+02
   0.69029     1.16231e+02     1.30287e+02     1.66704e+02     2.41059e+02
   0.69643     1.12761e+02     1.27059e+02     1.62447e+02     2.40979e+02
   0.70256     1.10117e+02     1.26439e+02     1.61280e+02     2.35169e+02
   0.70870     1.10596e+02     1.20481e+02     1.56001e+02     2.32399e+02
   0.71484     1.06269e+02     1.21799e+02     1.57740e+02     2.28890e+02
   0.72097     1.05773e+02     1.18643e+02     1.53449e+02     2.23676e+02
   0.72711     1.03854e+02     1.15479e+02     1.48216e+02     2.20831e+02
   0.73324     9.98390e+01     1.14757e+02     1.44824e+02     2.12557e+02
   0.73938     9.99086e+01     1.13649e+02     1.43074e+02     2.11690e+02
   0.74551     9.75488e+01     1.08657e+02     1.41562e+02     2.08791e+02
   0.75165     9.69420e+01     1.07726e+02     1.37785e+02     2.08213e+02
   0.75779     9.41447e+01     1.06503e+02     1.36770e+02     1.98793e+02
   0.76392     9.27246e+01     1.03877e+02     1.34481e+02     1.96945e+02
   0.77006     9.03141e+01     1.01134e+02     1.29008e+02     1.93327e+02
   0.77619     9.01386e+01     1.00272e+02     1.28931e+02     1.90488e+02
   0.78233     8.81821e+01     9.77604e+01     1.27503e+02     1.88831e+02
   0.78847     8.75518e+01     9.84016e+01     1.23361e+02     1.83212e+02
   0.79460     8.34245e+01     9.53710e+01     1.24342e+02     1.80243e+02
   0.80074     8.29171e+01     9.36174e+01     1.20177e+02     1.76287e+02
   0.80687     8.16899e+01     9.25799e+01     1.18925e+02     1.73392e+02
   0.81301     8.10795e+01     9.11838e+01     1.15278e+02     1.71176e+02
   0.81915     7.99509e+01     8.83600e+01     1.13611e+02     1.67917e+02
   0.82528     7.78641e+01     8.68641e+01     1.11077e+02     1.65739e+02
   0.83142     7.51106e+01     8.45022e+01     1.08323e+02     1.63161e+02
   0.83755     7.46525e+01     8.45196e+01     1.09025e+02     1.59641e+02
   0.84369     7.17035e+01     8.25016e+01     1.05230e+02     1.57654e+02
   0.84983     7.20018e+01     8.14228e+01     1.03179e+02     1.52818e+02
   0.85596     7.14485e+01     7.87230e+01     1.01812e+02     1.53577e+02
   0.86210     7.16371e+01     7.74664e+01     1.01330e+02     1.50109e+02
   0.86823     6.92562e+01     7.68724e+01     9.91918e+01     1.46599e+02
   0.87437     6.83808e+01     7.51061e+01     9.65631e+01     1.43226e+02
   0.88050     6.70964e+01     7.49935e+01     9.51889e+01     1.41322e+02
   0.88664     6.55929e+01     7.17916e+01     9.32814e+01     1.38265e+02
   0.89278     6.42569e+01     7.11544e+01     9.29310e+01     1.36399e+02
   0.89891     6.28125e+01     6.92457e+01     9.01291e+01     1.35320e+02
   0.90505     6.16412e+01     6.81620e+01     8.70144e+01     1.31440e+02
   0.91118     6.01977e+01     6.80787e+01     8.69536e+01     1.29761e+02
   0.91732     5.94781e+01     6.73106e+01     8.59309e+01     1.27903e+02
   0.92346     5.88137e+01     6.45687e+01     8.43282e+01     1.25047e+02
   0.92959     5.74602e+01     6.31849e+01     8.26309e+01     1.23277e+02
   0.93573     5.71325e+01     6.30449e+01     8.14733e+01     1.21465e+02
   0.94186     5.53711e+01     6.26379e+01     8.02533e+01     1.18699e+02
   0.94800     5.50581e+01     6.02907e+01     7.81542e+01     1.15113e+02
   0.95414     5.42165e+01     5.91329e+01     7.63007e+01     1.14299e+02
   0.96027     5.32756e+01     5.83316e+01     7.64946e+01     1.13979e+02
   0.96641     5.27462e+01     5.76319e+01     7.45478e+01     1.12126e+02
   0.97254     5.05471e+01     5.57347e+01     7.39219e+01     1.09466e+02
   0.97868     5.01249e+01     5.57293e+01     7.14976e+01     1.07656e+02
   0.98482     5.03841e+01     5.49389e+01     6.94197e+01     1.05189e+02
   0.99095     4.94635e+01     5.40234e+01     6.83482e+01     1.03480e+02
   0.99709     4.78109e+01     5.20581e+01     6.82084e+01     1.02379e+02
   1.00322     4.71771e+01     5.15975e+01     6.57520e+01     1.00614e+02
   1.00936     4.60723e+01     5.08874e+01     6.48006e+01     9.78680e+01
   1.01550     4.40492e+01     4.95744e+01     6.44221e+01     9.76744e+01
   1.02163     4.31656e+01     4.96942e+01     6.25329e+01     9.61784e+01
   1.02777     4.35967e+01     4.76331e+01     6.17106e+01     9.22982e+01
   1.03390     4.26536e+01     4.76194e+01     6.15774e+01     9.16917e+01
   1.04004     4.16904e+01     4.68921e+01     5.95274e+01     9.07252e+01
   1.04617     4.11362e+01     4.63596e+01     5.92698e+01     8.91526e+01
   1.05231     3.99553e+01     4.47510e+01     5.72321e+01     8.72521e+01
   1.05845     4.02761e+01     4.39964e+01     5.63368e+01     8.60031e+01
   1.06458     3.91766e+01     4.33380e+01     5.53597e+01     8.41348e+01
   1.07072     3.85552e+01     4.11866e+01     5.44824e+01     8.29938e+01
   1.07685     3.79055e+01     4.13943e+01     5.26911e+01     8.11314e+01
   1.08299     3.71468e+01     4.13333e+01     5.23741e+01     8.05596e+01
   1.08913     3.63943e+01     3.96839e+01     5.08526e+01     7.85499e+01
   1.09526     3.53785e+01     3.87013e+01     5.04793e+01     7.74874e+01
   1.10140     3.45287e+01     3.86084e+01     4.86187e+01     7.57681e+01
   1.10753     3.43224e+01     3.74578e+01     4.87917e+01     7.36994e+01
   1.11367     3.38507e+01     3.69388e+01     4.72359e+01     7.35777e+01
   1.11981     3.31139e+01     3.58165e+01     4.63384e+01     7.14201e+01
   1.12594     3.22516e+01     3.49155e+01     4.51061e+01     7.07088e+01
   1.13208     3.22572e+01     3.40954e+01     4.42886e+01     7.00459e+01
   1.13821     3.07197e+01     3.37886e+01     4.35322e+01     6.88164e+01
   1.14435     3.01676e+01     3.39322e+01     4.31351e+01     6.69395e+01
   1.15049     3.01309e+01     3.30933e+01     4.14892e+01     6.52126e+01
   1.15662     2.96378e+01     3.23187e+01     4.14740e+01     6.48202e+01
   1.16276     2.87084e+01     3.16331e+01     4.03180e+01     6.35091e+01
   1.16889     2.77153e+01     3.10483e+01     3.98855e+01     6.16219e+01
   1.17503     2.80315e+01     2.99130e+01     3.90010e+01     6.08762e+01
   1.18117     2.68240e+01     2.98281e+01     3.77086e+01     6.01408e+01
   1.18730     2.64322e+01     2.85567e+01     3.78059e+01     5.86906e+01
   1.19344     2.56303e+01     2.76087e+01     3.71202e+01     5.79811e+01
   1.19957     2.51298e+01     2.76033e+01     3.56176e+01     5.73263e+01
   1.20571     2.51842e+01     2.62833e+01     3.52923e+01     5.54209e+01
   1.21184     2.39366e+01     2.64986e+01     3.39784e+01     5.49038e+01
   1.21798     2.35654e+01     2.59580e+01     3.35056e+01     5.36410e+01
   1.22412     2.33827e+01     2.48830e+01     3.28403e+01     5.25700e+01
   1.23025     2.25869e+01     2.42033e+01     3.23038e+01     5.17256e+01
   1.23639     2.23985e+01     2.40123e+01     3.15088e+01     5.07652e+01
   1.24252     2.12074e+01     2.35369e+01     3.08213e+01     4.91343e+01
   1.24866     2.12130e+01     2.26724e+01     3.02938e+01     4.92015e+01
   1.25480     2.07828e+01     2.19337e+01     2.95614e+01     4.75742e+01
   1.26093     2.01228e+01     2.17205e+01     2.90393e+01     4.66026e+01
   1.26707     1.95168e+01     2.10317e+01     2.84010e+01     4.64632e+01
   1.27320     1.90033e+01     2.06363e+01     2.73560e+01     4.54537e+01
   1.27934     1.81709e+01     2.03823e+01     2.66866e+01     4.42215e+01
   1.28548     1.78706e+01     1.97740e+01     2.62302e+01     4.30385e+01
   1.29161     1.76175e+01     1.94922e+01     2.53086e+01     4.23408e+01
   1.29775     1.72915e+01     1.84628e+01     2.44913e+01     4.20463e+01
   1.30388     1.73327e+01     1.81360e+01     2.42406e+01     4.01359e+01
   1.31002     1.59283e+01     1.74348e+01     2.37315e+01     4.03594e+01
   1.31616     1.59790e+01     1.74902e+01     2.33579e+01     3.88576e+01
   1.32229     1.58205e+01     1.68409e+01     2.22980e+01     3.86308e+01
   1.32843     1.47959e+01     1.59757e+01     2.24085e+01     3.74390e+01
   1.33456     1.46358e+01     1.63574e+01     2.13962e+01     3.64822e+01
   1.34070     1.42110e+01     1.52890e+01     2.10351e+01     3.56494e+01
   1.34684     1.45539e+01     1.46505e+01     2.02871e+01     3.47371e+01
   1.35297     1.34846e+01     1.44956e+01     1.97369e+01     3.43604e+01
   1.35911     1.27854e+01     1.44019e+01     1.92510e+01     3.38881e+01
   1.36524     1.24519e+01     1.36006e+01     1.91929e+01     3.30249e+01
   1.37138     1.19485e+01     1.30971e+01     1.82862e+01     3.24460e+01
   1.37751     1.18302e+01     1.27423e+01     1.78782e+01     3.10941e+01
   1.38365     1.16071e+01     1.26093e+01     1.73574e+01     3.02739e+01
   1.38979     1.09242e+01     1.17223e+01     1.67018e+01     3.04172e+01
   1.39592     1.08109e+01     1.13033e+01     1.63717e+01     2.92503e+01
   1.40206     1.02541e+01     1.10547e+01     1.60084e+01     2.86743e+01
   1.40819     9.84183e+00     1.04284e+01     1.54007e+01     2.78540e+01
   1.41433     9.27432e+00     1.00812e+01     1.51843e+01     2.74079e+01
   1.42047     9.33164e+00     9.91045e+00     1.42076e+01     2.64400e+01
   1.42660     8.86970e+00     9.42214e+00     1.34812e+01     2.60103e+01
   1.43274     8.69549e+00     9.13580e+00     1.33553e+01     2.51409e+01
   1.43887     8.07468e+00     8.42245e+00     1.28426e+01     2.45014e+01
   1.44501     7.85945e+00     8.14545e+00     1.23025e+01     2.39181e+01
   1.45115     7.40766e+00     7.75464e+00     1.23039e+01     2.34067e+01
   1.45728     7.11260e+00     7.77532e+00     1.14374e+01     2.29408e+01
   1.46342     6.64197e+00     7.02646e+00     1.13760e+01     2.24235e+01
   1.46955     6.34911e+00     7.04422e+00     1.05391e+01     2.20880e+01
   1.47569     5.98916e+00     6.54694e+00     1.01695e+01     2.10990e+01
   1.48183     5.68935e+00     5.95343e+00     9.68607e+00     2.05798e+01
   1.48796     5.50290e+00     5.71585e+00     9.49327e+00     2.02305e+01
   1.49410     5.17775e+00     5.25773e+00     9.00395e+00     1.89482e+01
   1.50023     4.84036e+00     5.28154e+00     9.08610e+00     1.85870e+01
   1.50637     4.63273e+00     4.73537e+00     7.82584e+00     1.87683e+01
   1.51251     4.06722e+00     4.29890e+00     7.96397e+00     1.79440e+01
   1.51864     3.87828e+00     3.89791e+00     7.68353e+00     1.70212e+01
   1.52478     3.27170e+00     3.68363e+00     7.05577e+00     1.67098e+01
   1.53091     3.50316e+00     3.19114e+00     6.38898e+00     1.61437e+01
   1.53705     2.90615e+00     3.02456e+00     5.98545e+00     1.54393e+01
   1.54318     2.63150e+00     2.58535e+00     5.71253e+00     1.53543e+01
   1.54932     2.38278e+00     2.42230e+00     5.53474e+00     1.46955e+01
   1.55546     1.80454e+00     2.19210e+00     5.21579e+00     1.41588e+01
   1.56159     1.82569e+00     1.55994e+00     4.72491e+00     1.33917e+01
   1.56773     1.66677e+00     1.19834e+00     4.07006e+00     1.29277e+01
   1.57386     1.08671e+00     9.83886e-01     3.89470e+00     1.23280e+01
   1.58000     8.96811e-01     9.03562e-01     3.46552e+00     1.22496e+01
   1.58614     5.23568e-01     4.11250e-01     3.42096e+00     1.19665e+01
   1.59227     1.13380e-01     2.03876e-01     3.07714e+00     1.09402e+01
   1.59841     1.42613e-01     1.00196e-01     2.80206e+00     1.06686e+01
   1.60454     2.14502e-01     4.75633e-01     2.46588e+00     1.04229e+01
   1.61068     5.86937e-01     7.50105e-01     2.35146e+00     9.78098e+00
   1.61682     9.57771e-01     9.91601e-01     1.68317e+00     9.39147e+00
   1.62295     9.80814e-01     1.26262e+00     1.11065e+00     8.94362e+00
   1.62909     1.61322e+00     1.47088e+00     8.77262e-01     8.65219e+00
   1.63522     1.53843e+00     1.90390e+00     9.78739e-01     8.02616e+00
   1.64136     1.84950e+00     1.81869e+00     4.53756e-01     7.68829e+00
   1.64750     2.13068e+00     2.22993e+00     1.15992e-01     7.26453e+00
   1.65363     2.47615e+00     2.72240e+00     2.90117e-01     6.79542e+00
   1.65977     2.60896e+00     2.81264e+00     5.71857e-01     6.56100e+00
   1.66590     3.02740e+00     3.17386e+00     8.22733e-01     5.98551e+00
   1.67204     3.22073e+00     3.55228e+00     9.91385e-01     5.59101e+00
   1.67817     3.32317e+00     3.72839e+00     1.58859e+00     5.42333e+00
   1.68431     3.94061e+00     3.97909e+00     1.84307e+00     4.94331e+00
   1.69045     3.82536e+00     4.32158e+00     2.21015e+00     4.70591e+00
   1.69658     4.24972e+00     4.46749e+00     2.29033e+00     4.14173e+00
   1.70272     4.45119e+00     4.71002e+00     2.59569e+00     3.69152e+00
   1.70885     4.60297e+00     5.03608e+00     2.85149e+00     3.39099e+00
   1.71499     4.83081e+00     5.08978e+00     3.23897e+00     2.89249e+00
   1.72113     5.20219e+00     5.50681e+00     3.73656e+00     2.66547e+00
   1.72726     5.54022e+00     5.79568e+00     3.77607e+00     2.44636e+00
   1.73340     5.59557e+00     5.90670e+00     4.01282e+00     1.92609e+00
   1.73953     5.92980e+00     6.29335e+00     4.15002e+00     1.55622e+00
   1.74567     6.18863e+00     6.50641e+00     4.59578e+00     1.27554e+00
   1.75181     6.42135e+00     6.85667e+00     4.85767e+00     1.04166e+00
   1.75794     6.57840e+00     6.98327e+00     5.21618e+00     5.96484e-01
   1.76408     6.83700e+00     7.31190e+00     5.48286e+00     3.97289e-01
   1.77021     7.02272e+00     7.22845e+00     5.45631e+00     1.25014e-01
   1.77635     7.24720e+00     7.58077e+00     5.97309e+00     5.12345e-01
   1.78249     7.44802e+00     7.76276e+00     6.14687e+00     8.40190e-01
   1.78862     7.66333e+00     7.98990e+00     6.50886e+00     9.19333e-01
   1.79476     7.91996e+00     8.33489e+00     6.45925e+00     1.42404e+00
   1.80089     8.02322e+00     8.68313e+00     6.94193e+00     2.01243e+00
   1.80703     8.35836e+00     8.88511e+00     7.19889e+00     2.06054e+00
   1.81317     8.51398e+00     9.02587e+00     7.36405e+00     2.24047e+00
   1.81930     8.57008e+00     9.29060e+00     7.51066e+00     2.59527e+00
   1.82544     8.92446e+00     9.49948e+00     7.92535e+00     2.92195e+00
   1.83157     9.11573e+00     9.46711e+00     8.16159e+00     3.46009e+00
   1.83771     9.39638e+00     9.84103e+00     8.34405e+00     3.47317e+00
   1.84384     9.67296e+00     1.01697e+01     8.61925e+00     3.73466e+00
   1.84998     9.82186e+00     1.02863e+01     8.66050e+00     4.12985e+00
   1.85612     9.86946e+00     1.04257e+01     8.95925e+00     4.64357e+00
   1.86225     1.01675e+01     1.06038e+01     9.24705e+00     4.54837e+00
   1.86839     1.03069e+01     1.09861e+01     9.48518e+00     4.79437e+00
   1.87452     1.05641e+01     1.10862e+01     9.78846e+00     5.47698e+00
   1.88066     1.07080e+01     1.12393e+01     9.76728e+00     5.62208e+00
   1.88680     1.07882e+01     1.14534e+01     1.01953e+01     5.85960e+00
   1.89293     1.12217e+01     1.17248e+01     1.04275e+01     6.11692e+00
   1.89907     1.12067e+01     1.18793e+01     1.06475e+01     6.47586e+00
   1.90520     1.14707e+01     1.20536e+01     1.08330e+01     6.66333e+00
   1.91134     1.17889e+01     1.23068e+01     1.09803e+01     6.97729e+00
   1.91748     1.19082e+01     1.24340e+01     1.11811e+01     7.07100e+00
   1.92361     1.18742e+01     1.26173e+01     1.13764e+01     7.28627e+00
   1.92975     1.22173e+01     1.27545e+01     1.15231e+01     7.57772e+00
   1.93588     1.24257e+01     1.29247e+01     1.19219e+01     7.97500e+00
   1.94202     1.24935e+01     1.30538e+01     1.20345e+01     8.20983e+00
   1.94816     1.27074e+01     1.33906e+01     1.23534e+01     8.50410e+00
   1.95429     1.29181e+01     1.36172e+01     1.25169e+01     8.73803e+00
   1.96043     1.31372e+01     1.36568e+01     1.26725e+01     8.93319e+00
   1.96656     1.33394e+01     1.38201e+01     1.28472e+01     9.19648e+00
   1.97270     1.35626e+01     1.41780e+01     1.30215e+01     9.29587e+00
   1.97884     1.36376e+01     1.42088e+01     1.32519e+01     9.71125e+00
   1.98497     1.38531e+01     1.45269e+01     1.33782e+01     9.80591e+00
   1.99111     1.41475e+01     1.45827e+01     1.35550e+01     1.00583e+01
   1.99724     1.42562e+01     1.46517e+01     1.37216e+01     1.03516e+01
   2.00338     1.42050e+01     1.49417e+01     1.39879e+01     1.05287e+01
   2.00951     1.44112e+01     1.49903e+01     1.40652e+01     1.07999e+01
   2.01565     1.47840e+01     1.52222e+01     1.43107e+01     1.10175e+01
   2.02179     1.49487e+01     1.54258e+01     1.45864e+01     1.12534e+01
   2.02792     1.48894e+01     1.56452e+01     1.47122e+01     1.14741e+01
   2.03406     1.50807e+01     1.58407e+01     1.48175e+01     1.17338e+01
   2.04019     1.53531e+01     1.58473e+01     1.52393e+01     1.18489e+01
   2.04633     1.54565e+01     1.61382e+01     1.53502e+01     1.20649e+01
   2.05247     1.55899e+01     1.62094e+01     1.53734e+01     1.23079e+01
   2.05860     1.58623e+01     1.63712e+01     1.57375e+01     1.25668e+01
   2.06474     1.59262e+01     1.65202e+01     1.57789e+01     1.26469e+01
   2.07087     1.60790e+01     1.67097e+01     1.58865e+01     1.29896e+01
   2.07701     1.62325e+01     1.67806e+01     1.60078e+01     1.31514e+01
   2.08315     1.63551e+01     1.70182e+01     1.62686e+01     1.33653e+01
   2.08928     1.64048e+01     1.72708e+01     1.64774e+01     1.36210e+01
   2.09542     1.66504e+01     1.74311e+01     1.65342e+01     1.37029e+01
   2.10155     1.68344e+01     1.74596e+01     1.67378e+01     1.40658e+01
   2.10769     1.70442e+01     1.75425e+01     1.70816e+01     1.41361e+01
   2.11383     1.71548e+01     1.77744e+01     1.71273e+01     1.43881e+01
   2.11996     1.72381e+01     1.79589e+01     1.72869e+01     1.45948e+01
   2.12610     1.74881e+01     1.80071e+01     1.73755e+01     1.46751e+01
   2.13223     1.75782e+01     1.82324e+01     1.76111e+01     1.48999e+01
   2.13837     1.77531e+01     1.84027e+01     1.77352e+01     1.50574e+01
   2.14451     1.78559e+01     1.84527e+01     1.78672e+01     1.52042e+01
   2.15064     1.78989e+01     1.87127e+01     1.81015e+01     1.54377e+01
   2.15678     1.81799e+01     1.86302e+01     1.82804e+01     1.56508e+01
   2.16291     1.83256e+01     1.88996e+01     1.83949e+01     1.58045e+01
   2.16905     1.84383e+01     1.90168e+01     1.84605e+01     1.59163e+01
   2.17518     1.85714e+01     1.91582e+01     1.87055e+01     1.62917e+01
   2.18132     1.87263e+01     1.93122e+01     1.88109e+01     1.63634e+01
   2.18746     1.89643e+01     1.95087e+01     1.89905e+01     1.65057e+01
   2.19359     1.90589e+01     1.95464e+01     1.90911e+01     1.66822e+01
   2.19973     1.91832e+01     1.96485e+01     1.92610e+01     1.67974e+01
   2.20586     1.93058e+01     1.99397e+01     1.93336e+01     1.70214e+01
   2.21200     1.93646e+01     1.99761e+01     1.94384e+01     1.71666e+01
   2.21814     1.95228e+01     2.01691e+01     1.97259e+01     1.73292e+01
   2.22427     1.95515e+01     2.02019e+01     1.98494e+01     1.74875e+01
   2.23041     1.97599e+01     2.04198e+01     1.99486e+01     1.77296e+01
   2.23654     1.98581e+01     2.05503e+01     2.01063e+01     1.78775e+01
   2.24268     2.00357e+01     2.06995e+01     2.01851e+01     1.80315e+01
   2.24882     2.00847e+01     2.07901e+01     2.03984e+01     1.80963e+01
   2.25495     2.02169e+01     2.08833e+01     2.05509e+01     1.83264e+01
   2.26109     2.04589e+01     2.10606e+01     2.06326e+01     1.84162e+01
   2.26722     2.04738e+01     2.11039e+01     2.07932e+01     1.85806e+01
   2.27336     2.06766e+01     2.13332e+01     2.08856e+01     1.87910e+01
   2.27950     2.08041e+01     2.13977e+01     2.11162e+01     1.88721e+01
   2.28563     2.08175e+01     2.15331e+01     2.11589e+01     1.90212e+01
   2.29177     2.10550e+01     2.16426e+01     2.13265e+01     1.91516e+01
   2.29790     2.10472e+01     2.17778e+01     2.14573e+01     1.93256e+01
   2.30404     2.12850e+01     2.18902e+01     2.15228e+01     1.94375e+01
   2.31018     2.13263e+01     2.18780e+01     2.17218e+01     1.96472e+01
   2.31631     2.14291e+01     2.21264e+01     2.18655e+01     1.97536e+01
   2.32245     2.15883e+01     2.21736e+01     2.19698e+01     1.98769e+01
   2.32858     2.16896e+01     2.23730e+01     2.21050e+01     2.00981e+01
   2.33472     2.18058e+01     2.25279e+01     2.22125e+01     2.01963e+01
   2.34085     2.18845e+01     2.26149e+01     2.23875e+01     2.03820e+01
   2.34699     2.20252e+01     2.27077e+01     2.23113e+01     2.04703e+01
   2.35313     2.22445e+01     2.28081e+01     2.25748e+01     2.06044e+01
   2.35926     2.22405e+01     2.29194e+01     2.27188e+01     2.08094e+01
   2.36540     2.23526e+01     2.31178e+01     2.27840e+01     2.08337e+01
   2.37153     2.24592e+01     2.31180e+01     2.28908e+01     2.10256e+01
   2.37767     2.26506e+01     2.32737e+01     2.30964e+01     2.11449e+01
   2.38381     2.26824e+01     2.33251e+01     2.31852e+01     2.12257e+01
   2.38994     2.27634e+01     2.34595e+01     2.32307e+01     2.13918e+01
   2.39608     2.28835e+01     2.35875e+01     2.33962e+01     2.14866e+01
   2.40221     2.30145e+01     2.36579e+01     2.35207e+01     2.15629e+01
   2.40835     2.31710e+01     2.38916e+01     2.36055e+01     2.17929e+01
   2.41449     2.32145e+01     2.39072e+01     2.37664e+01     2.19251e+01
   2.42062     2.32426e+01     2.40211e+01     2.38822e+01     2.19788e+01
   2.42676     2.34104e+01     2.40929e+01     2.39612e+01     2.21425e+01
   2.43289     2.35737e+01     2.42415e+01     2.40805e+01     2.22700e+01
   2.43903     2.36207e+01     2.43653e+01     2.42504e+01     2.24005e+01
   2.44517     2.37351e+01     2.44067e+01     2.42797e+01     2.24472e+01
   2.45130     2.38172e+01     2.44829e+01     2.44111e+01     2.26452e+01
   2.45744     2.39663e+01     2.46238e+01     2.44912e+01     2.26760e+01
   2.46357     2.40051e+01     2.46989e+01     2.46062e+01     2.28655e+01
   2.46971     2.40542e+01     2.48279e+01     2.47839e+01     2.29676e+01
   2.47584     2.42151e+01     2.49813e+01     2.48942e+01     2.31213e+01
   2.48198     2.42962e+01     2.50986e+01     2.49630e+01     2.32248e+01
   2.48812     2.43719e+01     2.51142e+01     2.50669e+01     2.33214e+01
   2.49425     2.45317e+01     2.52010e+01     2.51153e+01     2.34814e+01
   2.50039     2.45601e+01     2.52420e+01     2.52336e+01     2.35499e+01
   2.50652     2.46715e+01     2.53966e+01     2.53599e+01     2.36236e+01
   2.51266     2.47065e+01     2.54994e+01     2.54927e+01     2.37674e+01
   2.51880     2.48586e+01     2.55448e+01     2.56499e+01     2.38479e+01
   2.52493     2.49058e+01     2.56425e+01     2.56808e+01     2.40219e+01
   2.53107     2.50031e+01     2.57817e+01     2.58104e+01     2.40942e+01
   2.53720     2.51280e+01     2.58541e+01     2.58674e+01     2.41852e+01
   2.54334     2.51799e+01     2.59210e+01     2.59699e+01     2.42885e+01
   2.54948     2.53112e+01     2.60040e+01     2.60791e+01     2.44053e+01
   2.55561     2.53848e+01     2.61096e+01     2.62276e+01     2.45202e+01
   2.56175     2.54607e+01     2.61836e+01     2.62446e+01     2.46186e+01
   2.56788     2.55378e+01     2.63822e+01     2.63113e+01     2.47445e+01
   2.57402     2.56365e+01     2.63888e+01     2.64610e+01     2.48148e+01
   2.58016     2.57117e+01     2.64848e+01     2.65362e+01     2.49019e+01
   2.58629     2.58682e+01     2.65364e+01     2.66569e+01     2.50376e+01
   2.59243     2.58486e+01     2.66370e+01     2.67750e+01     2.51352e+01
   2.59856     2.59520e+01     2.66803e+01     2.68260e+01     2.52205e+01
   2.60470     2.60468e+01     2.68488e+01     2.69087e+01     2.53019e+01
   2.61084     2.60976e+01     2.68861e+01     2.70407e+01     2.53937e+01
   2.61697     2.62268e+01     2.70457e+01     2.70789e+01     2.54943e+01
   2.62311     2.63051e+01     2.70514e+01     2.71769e+01     2.56151e+01
   2.62924     2.63423e+01     2.71243e+01     2.73412e+01     2.56819e+01
   2.63538     2.64519e+01     2.72105e+01     2.74092e+01     2.57701e+01
   2.64151     2.65060e+01     2.73017e+01     2.74784e+01     2.58754e+01
   2.64765     2.66190e+01     2.74319e+01     2.75822e+01     2.59384e+01
   2.65379     2.66800e+01     2.74589e+01     2.76673e+01     2.60107e+01
   2.65992     2.67499e+01     2.75615e+01     2.77796e+01     2.61407e+01
   2.66606     2.68330e+01     2.76194e+01     2.78280e+01     2.62114e+01
   2.67219     2.69236e+01     2.77049e+01     2.79292e+01     2.63032e+01
   2.67833     2.70066e+01     2.78303e+01     2.79968e+01     2.64141e+01
   2.68447     2.70637e+01     2.78988e+01     2.80857e+01     2.64767e+01
   2.69060     2.71286e+01     2.79122e+01     2.81728e+01     2.65445e+01
   2.69674     2.72316e+01     2.79859e+01     2.82511e+01     2.66120e+01
   2.70287     2.72065e+01     2.81182e+01     2.83331e+01     2.67812e+01
   2.70901     2.72807e+01     2.81412e+01     2.84311e+01     2.67872e+01
   2.71515     2.73939e+01     2.82731e+01     2.84934e+01     2.69076e+01
   2.72128     2.74628e+01     2.82720e+01     2.86024e+01     2.69677e+01
   2.72742     2.75230e+01     2.83509e+01     2.87072e+01     2.70197e+01
   2.73355     2.76288e+01     2.84451e+01     2.88368e+01     2.71514e+01
   2.73969     2.77155e+01     2.85384e+01     2.88629e+01     2.72362e+01
   2.74583     2.77323e+01     2.86283e+01     2.89257e+01     2.72883e+01
   2.75196     2.77845e+01     2.86579e+01     2.89846e+01     2.73939e+01
   2.75810     2.78932e+01     2.87317e+01     2.90795e+01     2.74494e+01
   2.76423     2.79241e+01     2.88131e+01     2.91729e+01     2.75317e+01
   2.77037     2.79754e+01     2.88978e+01     2.92221e+01     2.76037e+01
   2.77651     2.80551e+01     2.89734e+01     2.93311e+01     2.76646e+01
   2.78264     2.81213e+01     2.90181e+01     2.94420e+01     2.77399e+01
   2.78878     2.82239e+01     2.91149e+01     2.95098e+01     2.78693e+01
   2.79491     2.82684e+01     2.91246e+01     2.95790e+01     2.79074e+01
   2.80105     2.83264e+01     2.92042e+01     2.96668e+01     2.79346e+01
   2.80718     2.83649e+01     2.92835e+01     2.97443e+01     2.80977e+01
   2.81332     2.84242e+01     2.93708e+01     2.98097e+01     2.80581e+01
   2.81946     2.85098e+01     2.94314e+01     2.98484e+01     2.82106e+01
   2.82559     2.85213e+01     2.95104e+01     2.99100e+01     2.82382e+01
   2.83173     2.85801e+01     2.95460e+01     3.00227e+01     2.83237e+01
   2.83786     2.86721e+01     2.96493e+01     3.00840e+01     2.83224e+01
   2.84400     2.87556e+01     2.97078e+01     3.01690e+01     2.84545e+01
   2.85014     2.88095e+01     2.97478e+01     3.02113e+01     2.85174e+01
   2.85627     2.87791e+01     2.98031e+01     3.03329e+01     2.85714e+01
   2.86241     2.89016e+01     2.98619e+01     3.03415e+01     2.86342e+01
   2.86854     2.89612e+01     2.99770e+01     3.04225e+01     2.87068e+01
   2.87468     2.90354e+01     2.99865e+01     3.05086e+01     2.87451e+01
   2.88082     2.90917e+01     3.00654e+01     3.05655e+01     2.88651e+01
   2.88695     2.90874e+01     3.01031e+01     3.06846e+01     2.89233e+01
   2.89309     2.91303e+01     3.02136e+01     3.07124e+01     2.89545e+01
   2.89922     2.92131e+01     3.02588e+01     3.07828e+01     2.90239e+01
   2.90536     2.92669e+01     3.02866e+01     3.08515e+01     2.90577e+01
   2.91150     2.92839e+01     3.03589e+01     3.09412e+01     2.91397e+01
   2.91763     2.93422e+01     3.03726e+01     3.09918e+01     2.92187e+01
   2.92377     2.94669e+01     3.04916e+01     3.10873e+01     2.92533e+01
   2.92990     2.94161e+01     3.05207e+01     3.11057e+01     2.93312e+01
   2.93604     2.95353e+01     3.05806e+01     3.12080e+01     2.94152e+01
   2.94218     2.95968e+01     3.06348e+01     3.12751e+01     2.93802e+01
   2.94831     2.95875e+01     3.07089e+01     3.13184e+01     2.95111e+01
   2.95445     2.96841e+01     3.07710e+01     3.14111e+01     2.95516e+01
   2.96058     2.97393e+01     3.08064e+01     3.14356e+01     2.95719e+01
   2.96672     2.97043e+01     3.08477e+01     3.15227e+01     2.96555e+01
   2.97285     2.97763e+01     3.09093e+01     3.15738e+01     2.96926e+01
   2.97899     2.98664e+01     3.09716e+01     3.16386e+01     2.97888e+01
   2.98513     2.99232e+01     3.10442e+01     3.16964e+01     2.98226e+01
   2.99126     2.99224e+01     3.11091e+01     3.17395e+01     2.98754e+01
   2.99740     2.99481e+01     3.11013e+01     3.18631e+01     2.99033e+01
   3.00353     3.00392e+01     3.11814e+01     3.18947e+01     2.99884e+01
   3.00967     3.00930e+01     3.12083e+01     3.19490e+01     3.00342e+01
   3.01581     3.00779e+01     3.12580e+01     3.20110e+01     3.00982e+01
   3.02194     3.01537e+01     3.13258e+01     3.20860e+01     3.00856e+01
   3.02808     3.01868e+01     3.13642e+01     3.21466e+01     3.01814e+01
   3.03421     3.02431e+01     3.14484e+01     3.21884e+01     3.02116e+01
   3.04035     3.02439e+01     3.14570e+01     3.22896e+01     3.02881e+01
   3.04649     3.02708e+01     3.15260e+01     3.22978e+01     3.02994e+01
   3.05262     3.03520e+01     3.15756e+01     3.23803e+01     3.03958e+01
   3.05876     3.03905e+01     3.16053e+01     3.24459e+01     3.04621e+01
   3.06489     3.04175e+01     3.16841e+01     3.25039e+01     3.04393e+01
   3.07103     3.04505e+01     3.17266e+01     3.25567e+01     3.05274e+01
   3.07717     3.04678e+01     3.17977e+01     3.25935e+01     3.05534e+01
   3.08330     3.05512e+01     3.17866e+01     3.26712e+01     3.05634e+01
   3.08944     3.05558e+01     3.18454e+01     3.27186e+01     3.06106e+01
   3.09557     3.05989e+01     3.18882e+01     3.28018e+01     3.06736e+01
   3.10171     3.06495e+01     3.19485e+01     3.28169e+01     3.07359e+01
   3.10785     3.06680e+01     3.19750e+01     3.28858e+01     3.07940e+01
   3.11398     3.06963e+01     3.20456e+01     3.29672e+01     3.08299e+01
   3.12012     3.07323e+01     3.21124e+01     3.30248e+01     3.08383e+01
   3.12625     3.07897e+01     3.21121e+01     3.30556e+01     3.09040e+01
   3.13239     3.08127e+01     3.21651e+01     3.31082e+01     3.09397e+01
   3.13852     3.08810e+01     3.22164e+01     3.31504e+01     3.09573e+01
