# Redshift space power spectrum in mu bins.
# Subtracting SN=    6.11022e+01.
#     k\mu         0.12500         0.37500         0.62500         0.87500
   0.00920     1.03658e+04             nan     1.79457e+04     2.20893e+04
   0.01534     1.31457e+04     1.61600e+04     2.22746e+04     2.69929e+04
   0.02148     1.28623e+04     1.42456e+04     1.83487e+04     2.48069e+04
   0.02761     1.22368e+04     1.38718e+04     1.83056e+04     2.33132e+04
   0.03375     1.04455e+04     1.08600e+04     1.39198e+04     2.04975e+04
   0.03988     8.46286e+03     9.80584e+03     1.23956e+04     1.67476e+04
   0.04602     7.56380e+03     8.21622e+03     1.05599e+04     1.40552e+04
   0.05216     6.74655e+03     7.86847e+03     1.00571e+04     1.29750e+04
   0.05829     6.31136e+03     7.19784e+03     8.84994e+03     1.23630e+04
   0.06443     5.82531e+03     6.55528e+03     8.41314e+03     1.07422e+04
   0.07056     5.57013e+03     6.02966e+03     7.61769e+03     1.01646e+04
   0.07670     4.95866e+03     5.65362e+03     6.95604e+03     9.81629e+03
   0.08283     4.45599e+03     5.01625e+03     6.20341e+03     8.41412e+03
   0.08897     3.85039e+03     4.37847e+03     5.45323e+03     7.39811e+03
   0.09511     3.32822e+03     3.77514e+03     4.82484e+03     6.56946e+03
   0.10124     3.17322e+03     3.58554e+03     4.42937e+03     5.73992e+03
   0.10738     2.85974e+03     3.23685e+03     3.85286e+03     5.37192e+03
   0.11351     2.65144e+03     2.94751e+03     3.77791e+03     4.90858e+03
   0.11965     2.47099e+03     2.77300e+03     3.52646e+03     4.70049e+03
   0.12579     2.41994e+03     2.81040e+03     3.40708e+03     4.67130e+03
   0.13192     2.32402e+03     2.58327e+03     3.27791e+03     4.48621e+03
   0.13806     2.10952e+03     2.41379e+03     3.18353e+03     3.96515e+03
   0.14419     2.02008e+03     2.21690e+03     2.82205e+03     3.91301e+03
   0.15033     1.82220e+03     2.14632e+03     2.58157e+03     3.39020e+03
   0.15647     1.66498e+03     1.93290e+03     2.35375e+03     3.24100e+03
   0.16260     1.56198e+03     1.77402e+03     2.19113e+03     2.95011e+03
   0.16874     1.43595e+03     1.65065e+03     2.15178e+03     3.01795e+03
   0.17487     1.39203e+03     1.59610e+03     1.99276e+03     2.79697e+03
   0.18101     1.32683e+03     1.53349e+03     1.80964e+03     2.64646e+03
   0.18715     1.29852e+03     1.41973e+03     1.81832e+03     2.54847e+03
   0.19328     1.25143e+03     1.43567e+03     1.76525e+03     2.39859e+03
   0.19942     1.18906e+03     1.33689e+03     1.63926e+03     2.28462e+03
   0.20555     1.09628e+03     1.26224e+03     1.55154e+03     2.15848e+03
   0.21169     1.00863e+03     1.22543e+03     1.53531e+03     2.01242e+03
   0.21783     9.96377e+02     1.11335e+03     1.40857e+03     1.97648e+03
   0.22396     9.27072e+02     1.02667e+03     1.35839e+03     1.84673e+03
   0.23010     8.88357e+02     1.01487e+03     1.31215e+03     1.87202e+03
   0.23623     8.59485e+02     9.77856e+02     1.23516e+03     1.72131e+03
   0.24237     8.06923e+02     9.25393e+02     1.15016e+03     1.58021e+03
   0.24850     7.86908e+02     9.24565e+02     1.14665e+03     1.64987e+03
   0.25464     7.77293e+02     8.68833e+02     1.11981e+03     1.57863e+03
   0.26078     7.25448e+02     8.43464e+02     1.06043e+03     1.49034e+03
   0.26691     7.07093e+02     7.88891e+02     1.00984e+03     1.39364e+03
   0.27305     6.85524e+02     7.59463e+02     1.01350e+03     1.33953e+03
   0.27918     6.70621e+02     7.60836e+02     9.15513e+02     1.34101e+03
   0.28532     6.25686e+02     7.21492e+02     9.45673e+02     1.26801e+03
   0.29146     5.96342e+02     6.66971e+02     8.63668e+02     1.21022e+03
   0.29759     5.79027e+02     6.62380e+02     8.42192e+02     1.20998e+03
   0.30373     5.44103e+02     6.34464e+02     8.17997e+02     1.16464e+03
   0.30986     5.44885e+02     6.19043e+02     7.94334e+02     1.12778e+03
   0.31600     5.22735e+02     5.97384e+02     7.56333e+02     1.05645e+03
   0.32214     5.18284e+02     5.74467e+02     7.36046e+02     1.03515e+03
   0.32827     4.95691e+02     5.57340e+02     7.00817e+02     1.00269e+03
   0.33441     4.74625e+02     5.31852e+02     6.92577e+02     9.58304e+02
   0.34054     4.60104e+02     5.31173e+02     6.42582e+02     9.49681e+02
   0.34668     4.38967e+02     5.14867e+02     6.43109e+02     9.46038e+02
   0.35282     4.30737e+02     4.95764e+02     6.09920e+02     9.01388e+02
   0.35895     4.10997e+02     4.80440e+02     6.02661e+02     8.87991e+02
   0.36509     4.07113e+02     4.54740e+02     5.71260e+02     8.29503e+02
   0.37122     3.99816e+02     4.61510e+02     5.84756e+02     8.26588e+02
   0.37736     3.86090e+02     4.40706e+02     5.46401e+02     8.12450e+02
   0.38350     3.63394e+02     4.21099e+02     5.43059e+02     7.51040e+02
   0.38963     3.61168e+02     4.15402e+02     5.12543e+02     7.25298e+02
   0.39577     3.57245e+02     3.99723e+02     5.09440e+02     7.29564e+02
   0.40190     3.38645e+02     3.92056e+02     5.00208e+02     7.13644e+02
   0.40804     3.38870e+02     3.74639e+02     4.81760e+02     6.99793e+02
   0.41417     3.18225e+02     3.65334e+02     4.60056e+02     6.70912e+02
   0.42031     3.19108e+02     3.54772e+02     4.57195e+02     6.62764e+02
   0.42645     3.06999e+02     3.43460e+02     4.45006e+02     6.39021e+02
   0.43258     2.92240e+02     3.29923e+02     4.26441e+02     6.31748e+02
   0.43872     2.85762e+02     3.28235e+02     4.27122e+02     6.18995e+02
   0.44485     2.89095e+02     3.14373e+02     4.12682e+02     5.92671e+02
   0.45099     2.68597e+02     3.18239e+02     3.99099e+02     5.70046e+02
   0.45713     2.66495e+02     3.03363e+02     3.91587e+02     5.70245e+02
   0.46326     2.69531e+02     2.94043e+02     3.75566e+02     5.56528e+02
   0.46940     2.58768e+02     2.92734e+02     3.71355e+02     5.37895e+02
   0.47553     2.53662e+02     2.84113e+02     3.60386e+02     5.24691e+02
   0.48167     2.41283e+02     2.81769e+02     3.52898e+02     5.21920e+02
   0.48781     2.35009e+02     2.68595e+02     3.37427e+02     5.05587e+02
   0.49394     2.33808e+02     2.60742e+02     3.41661e+02     4.94515e+02
   0.50008     2.22864e+02     2.54156e+02     3.25601e+02     4.89375e+02
   0.50621     2.22318e+02     2.50310e+02     3.20640e+02     4.58079e+02
   0.51235     2.16394e+02     2.39664e+02     3.03683e+02     4.57875e+02
   0.51849     2.15034e+02     2.36188e+02     3.06552e+02     4.44099e+02
   0.52462     2.07901e+02     2.30125e+02     2.98878e+02     4.35241e+02
   0.53076     1.98406e+02     2.24787e+02     2.96381e+02     4.21447e+02
   0.53689     1.99167e+02     2.22258e+02     2.83430e+02     4.18074e+02
   0.54303     1.90766e+02     2.14296e+02     2.80641e+02     4.09138e+02
   0.54917     1.86188e+02     2.09914e+02     2.72923e+02     3.99818e+02
   0.55530     1.82270e+02     2.07337e+02     2.64759e+02     3.91701e+02
   0.56144     1.80034e+02     2.00134e+02     2.60707e+02     3.87077e+02
   0.56757     1.72676e+02     1.98147e+02     2.57122e+02     3.74011e+02
   0.57371     1.72246e+02     1.93931e+02     2.46169e+02     3.61639e+02
   0.57984     1.67602e+02     1.88308e+02     2.42663e+02     3.53973e+02
   0.58598     1.62529e+02     1.83049e+02     2.37470e+02     3.43445e+02
   0.59212     1.60605e+02     1.80127e+02     2.35116e+02     3.45763e+02
   0.59825     1.56843e+02     1.74812e+02     2.27071e+02     3.38089e+02
   0.60439     1.54440e+02     1.72481e+02     2.26670e+02     3.24271e+02
   0.61052     1.49458e+02     1.71318e+02     2.17134e+02     3.21377e+02
   0.61666     1.49484e+02     1.66367e+02     2.16394e+02     3.15010e+02
   0.62280     1.44748e+02     1.64921e+02     2.10304e+02     3.09054e+02
   0.62893     1.43162e+02     1.60848e+02     2.05432e+02     3.04105e+02
   0.63507     1.39645e+02     1.55163e+02     2.02384e+02     2.95365e+02
   0.64120     1.36589e+02     1.54561e+02     1.96265e+02     2.92906e+02
   0.64734     1.32699e+02     1.49725e+02     1.91089e+02     2.81733e+02
   0.65348     1.31853e+02     1.46776e+02     1.89472e+02     2.74772e+02
   0.65961     1.27554e+02     1.43232e+02     1.83756e+02     2.72992e+02
   0.66575     1.23618e+02     1.39774e+02     1.80388e+02     2.65635e+02
   0.67188     1.23871e+02     1.37492e+02     1.77087e+02     2.60739e+02
   0.67802     1.21318e+02     1.37903e+02     1.74315e+02     2.54880e+02
   0.68416     1.16406e+02     1.32037e+02     1.71730e+02     2.49396e+02
   0.69029     1.17209e+02     1.30577e+02     1.66657e+02     2.40185e+02
   0.69643     1.13319e+02     1.26371e+02     1.61731e+02     2.41516e+02
   0.70256     1.10754e+02     1.26512e+02     1.61151e+02     2.35391e+02
   0.70870     1.10519e+02     1.19808e+02     1.55598e+02     2.33650e+02
   0.71484     1.06915e+02     1.21018e+02     1.56097e+02     2.28836e+02
   0.72097     1.05848e+02     1.17660e+02     1.51062e+02     2.21205e+02
   0.72711     1.03740e+02     1.14484e+02     1.47109e+02     2.18758e+02
   0.73324     9.98752e+01     1.13531e+02     1.43328e+02     2.10784e+02
   0.73938     9.90742e+01     1.13536e+02     1.40403e+02     2.09213e+02
   0.74551     9.77070e+01     1.06928e+02     1.40307e+02     2.07760e+02
   0.75165     9.59979e+01     1.05596e+02     1.34732e+02     2.04828e+02
   0.75779     9.32381e+01     1.05175e+02     1.34036e+02     1.97671e+02
   0.76392     9.14233e+01     1.02202e+02     1.32531e+02     1.92862e+02
   0.77006     8.97192e+01     9.86505e+01     1.25805e+02     1.89305e+02
   0.77619     8.91684e+01     9.82772e+01     1.25069e+02     1.88158e+02
   0.78233     8.74077e+01     9.44942e+01     1.23976e+02     1.82915e+02
   0.78847     8.63316e+01     9.60507e+01     1.19949e+02     1.77628e+02
   0.79460     8.20706e+01     9.32153e+01     1.19826e+02     1.75133e+02
   0.80074     8.19738e+01     9.12951e+01     1.15544e+02     1.71705e+02
   0.80687     7.96874e+01     8.96892e+01     1.15196e+02     1.67496e+02
   0.81301     7.91267e+01     8.86188e+01     1.11364e+02     1.64047e+02
   0.81915     7.80365e+01     8.56458e+01     1.09158e+02     1.62878e+02
   0.82528     7.67398e+01     8.32070e+01     1.05594e+02     1.58793e+02
   0.83142     7.33329e+01     8.14793e+01     1.04728e+02     1.56123e+02
   0.83755     7.27513e+01     8.02651e+01     1.03789e+02     1.52453e+02
   0.84369     6.96630e+01     7.86328e+01     1.00070e+02     1.51151e+02
   0.84983     6.96118e+01     7.74509e+01     9.85203e+01     1.46474e+02
   0.85596     6.93309e+01     7.53160e+01     9.60284e+01     1.46401e+02
   0.86210     6.90405e+01     7.38868e+01     9.57010e+01     1.41608e+02
   0.86823     6.69157e+01     7.26335e+01     9.35665e+01     1.37771e+02
   0.87437     6.56919e+01     7.10504e+01     9.07288e+01     1.34061e+02
   0.88050     6.46069e+01     7.03937e+01     8.92032e+01     1.32941e+02
   0.88664     6.30963e+01     6.69089e+01     8.72728e+01     1.31291e+02
   0.89278     6.11014e+01     6.64171e+01     8.58765e+01     1.27423e+02
   0.89891     6.01726e+01     6.48588e+01     8.33747e+01     1.26780e+02
   0.90505     5.89755e+01     6.32614e+01     8.03875e+01     1.22888e+02
   0.91118     5.72115e+01     6.30432e+01     8.01480e+01     1.20530e+02
   0.91732     5.62223e+01     6.28453e+01     7.98191e+01     1.18271e+02
   0.92346     5.52339e+01     5.98580e+01     7.82625e+01     1.17358e+02
   0.92959     5.44218e+01     5.77437e+01     7.61186e+01     1.14572e+02
   0.93573     5.36316e+01     5.81134e+01     7.51963e+01     1.11985e+02
   0.94186     5.21024e+01     5.74128e+01     7.34281e+01     1.08490e+02
   0.94800     5.16963e+01     5.49062e+01     7.07237e+01     1.05092e+02
   0.95414     5.10760e+01     5.41503e+01     6.92161e+01     1.04538e+02
   0.96027     4.94457e+01     5.27089e+01     6.97311e+01     1.03442e+02
   0.96641     4.87625e+01     5.25325e+01     6.73042e+01     1.01376e+02
   0.97254     4.66962e+01     5.04361e+01     6.63375e+01     9.86991e+01
   0.97868     4.63617e+01     5.00095e+01     6.37902e+01     9.72529e+01
   0.98482     4.63193e+01     4.91050e+01     6.20644e+01     9.57785e+01
   0.99095     4.52516e+01     4.81161e+01     6.09281e+01     9.32013e+01
   0.99709     4.44218e+01     4.62321e+01     5.95455e+01     9.03561e+01
   1.00322     4.34937e+01     4.53714e+01     5.83054e+01     9.00765e+01
   1.00936     4.22369e+01     4.52456e+01     5.68499e+01     8.64820e+01
   1.01550     3.97779e+01     4.35649e+01     5.64865e+01     8.69640e+01
   1.02163     3.85353e+01     4.31839e+01     5.43063e+01     8.47411e+01
   1.02777     3.90562e+01     4.21053e+01     5.35711e+01     8.26098e+01
   1.03390     3.83758e+01     4.14991e+01     5.33211e+01     8.02647e+01
   1.04004     3.71466e+01     4.05294e+01     5.14501e+01     7.91886e+01
   1.04617     3.67839e+01     3.97648e+01     5.16603e+01     7.78494e+01
   1.05231     3.53248e+01     3.83655e+01     4.89931e+01     7.56661e+01
   1.05845     3.57663e+01     3.78341e+01     4.80990e+01     7.46764e+01
   1.06458     3.39703e+01     3.65261e+01     4.68845e+01     7.19905e+01
   1.07072     3.38049e+01     3.49910e+01     4.59788e+01     7.17796e+01
   1.07685     3.30124e+01     3.45848e+01     4.45411e+01     6.96037e+01
   1.08299     3.22386e+01     3.46246e+01     4.40915e+01     6.88048e+01
   1.08913     3.15817e+01     3.33381e+01     4.24780e+01     6.71902e+01
   1.09526     3.06250e+01     3.16969e+01     4.19130e+01     6.51237e+01
   1.10140     2.92855e+01     3.15066e+01     4.03828e+01     6.34080e+01
   1.10753     2.91258e+01     3.08844e+01     4.05387e+01     6.25935e+01
   1.11367     2.84796e+01     3.01287e+01     3.86124e+01     6.13651e+01
   1.11981     2.75718e+01     2.91889e+01     3.80497e+01     5.92004e+01
   1.12594     2.67193e+01     2.78135e+01     3.62974e+01     5.81910e+01
   1.13208     2.73215e+01     2.68197e+01     3.54555e+01     5.76219e+01
   1.13821     2.56480e+01     2.67114e+01     3.48371e+01     5.74229e+01
   1.14435     2.46600e+01     2.64048e+01     3.43201e+01     5.43273e+01
   1.15049     2.48140e+01     2.59832e+01     3.26867e+01     5.27428e+01
   1.15662     2.40012e+01     2.51934e+01     3.24477e+01     5.26080e+01
   1.16276     2.36970e+01     2.43556e+01     3.13044e+01     5.11639e+01
   1.16889     2.22902e+01     2.41015e+01     3.08801e+01     4.97651e+01
   1.17503     2.23963e+01     2.24737e+01     2.96729e+01     4.89459e+01
   1.18117     2.09812e+01     2.20185e+01     2.84487e+01     4.79876e+01
   1.18730     2.10794e+01     2.14085e+01     2.83595e+01     4.64967e+01
   1.19344     1.99939e+01     2.04541e+01     2.77458e+01     4.55942e+01
   1.19957     1.88863e+01     2.02892e+01     2.62035e+01     4.51371e+01
   1.20571     1.90644e+01     1.90630e+01     2.58805e+01     4.31604e+01
   1.21184     1.82213e+01     1.92428e+01     2.49466e+01     4.25898e+01
   1.21798     1.76458e+01     1.86937e+01     2.43284e+01     4.17335e+01
   1.22412     1.74219e+01     1.73729e+01     2.30820e+01     4.06925e+01
   1.23025     1.64164e+01     1.64780e+01     2.25291e+01     3.93109e+01
   1.23639     1.63919e+01     1.64064e+01     2.23070e+01     3.84785e+01
   1.24252     1.53457e+01     1.59132e+01     2.15313e+01     3.71942e+01
   1.24866     1.51740e+01     1.47438e+01     2.13972e+01     3.64758e+01
   1.25480     1.47548e+01     1.42385e+01     1.98889e+01     3.58146e+01
   1.26093     1.38252e+01     1.39176e+01     1.97571e+01     3.45858e+01
   1.26707     1.29922e+01     1.30596e+01     1.88661e+01     3.36202e+01
   1.27320     1.28882e+01     1.26457e+01     1.75485e+01     3.29297e+01
   1.27934     1.18371e+01     1.24839e+01     1.71539e+01     3.21370e+01
   1.28548     1.14345e+01     1.18661e+01     1.66968e+01     3.12049e+01
   1.29161     1.13401e+01     1.13403e+01     1.60523e+01     3.07768e+01
   1.29775     1.07587e+01     1.06779e+01     1.53027e+01     2.99369e+01
   1.30388     1.09142e+01     1.02778e+01     1.47512e+01     2.77352e+01
   1.31002     9.61592e+00     9.49700e+00     1.43599e+01     2.78544e+01
   1.31616     9.62566e+00     9.48554e+00     1.35500e+01     2.67180e+01
   1.32229     9.08117e+00     8.98008e+00     1.29190e+01     2.64446e+01
   1.32843     8.02310e+00     7.76992e+00     1.23126e+01     2.53446e+01
   1.33456     7.94966e+00     7.95773e+00     1.17528e+01     2.46526e+01
   1.34070     7.41319e+00     6.89886e+00     1.11903e+01     2.39639e+01
   1.34684     7.77785e+00     6.86865e+00     1.08272e+01     2.27287e+01
   1.35297     6.37193e+00     6.42185e+00     9.86335e+00     2.24551e+01
   1.35911     6.00165e+00     5.90718e+00     9.48832e+00     2.19854e+01
   1.36524     5.19428e+00     5.16762e+00     9.09822e+00     2.09210e+01
   1.37138     4.98167e+00     4.79413e+00     8.74504e+00     2.05666e+01
   1.37751     4.75485e+00     4.33815e+00     8.11300e+00     1.92779e+01
   1.38365     4.70385e+00     4.20275e+00     7.58899e+00     1.82330e+01
   1.38979     4.04442e+00     3.21025e+00     7.04595e+00     1.77079e+01
   1.39592     3.69619e+00     2.64590e+00     6.45725e+00     1.69099e+01
   1.40206     3.15987e+00     2.60516e+00     6.18296e+00     1.66481e+01
   1.40819     3.03813e+00     1.97277e+00     5.63612e+00     1.61111e+01
   1.41433     2.17172e+00     1.23177e+00     5.53094e+00     1.53422e+01
   1.42047     1.93362e+00     1.43665e+00     4.40261e+00     1.46917e+01
   1.42660     1.79237e+00     6.94777e-01     3.79471e+00     1.37406e+01
   1.43274     1.38216e+00     2.27179e-01     3.36696e+00     1.34226e+01
   1.43887     6.32528e-01     1.69304e-01     2.73300e+00     1.28383e+01
   1.44501     5.05137e-01     7.78594e-01     2.48290e+00     1.20329e+01
   1.45115     1.41175e-01     9.05322e-01     2.25875e+00     1.20464e+01
   1.45728     1.87910e-01     1.08839e+00     1.60063e+00     1.09549e+01
   1.46342     5.67310e-01     1.85088e+00     1.61943e+00     1.07598e+01
   1.46955     1.02000e+00     1.74702e+00     8.24980e-01     1.03422e+01
   1.47569     1.59136e+00     2.34838e+00     4.11977e-01     9.13304e+00
   1.48183     1.73677e+00     2.81533e+00     1.03942e-01     8.45716e+00
   1.48796     2.21094e+00     2.87959e+00     8.13273e-01     8.12392e+00
   1.49410     2.39526e+00     3.29355e+00     9.26689e-01     7.95345e+00
   1.50023     2.85889e+00     3.91651e+00     1.06049e+00     6.54953e+00
   1.50637     3.17192e+00     4.04075e+00     1.81065e+00     6.94897e+00
   1.51251     3.73745e+00     4.49979e+00     2.30095e+00     5.89718e+00
   1.51864     3.84877e+00     5.23788e+00     2.64794e+00     5.55958e+00
   1.52478     4.40637e+00     5.74291e+00     2.91603e+00     5.00770e+00
   1.53091     4.39756e+00     5.72831e+00     3.62115e+00     4.50837e+00
   1.53705     5.01357e+00     6.09636e+00     3.84701e+00     3.62304e+00
   1.54318     5.23184e+00     6.43295e+00     4.47187e+00     3.74368e+00
   1.54932     5.70408e+00     6.41623e+00     4.52030e+00     2.64885e+00
   1.55546     5.83024e+00     6.83912e+00     4.97468e+00     2.45448e+00
   1.56159     6.01553e+00     7.50014e+00     5.23801e+00     1.58931e+00
   1.56773     6.42117e+00     7.87388e+00     6.11821e+00     1.63378e+00
   1.57386     6.91332e+00     8.15501e+00     5.94601e+00     1.01159e+00
   1.58000     7.12013e+00     8.15276e+00     6.32739e+00     6.80756e-01
   1.58614     7.57819e+00     8.70914e+00     6.76805e+00     4.23644e-01
   1.59227     8.04532e+00     8.99658e+00     6.93727e+00     5.04440e-01
   1.59841     8.25522e+00     9.19730e+00     7.39208e+00     6.95567e-01
   1.60454     8.46204e+00     9.76822e+00     7.67148e+00     1.20205e+00
   1.61068     8.80208e+00     1.00567e+01     7.79789e+00     1.91069e+00
   1.61682     9.13600e+00     1.04966e+01     8.51748e+00     1.86991e+00
   1.62295     9.13223e+00     1.07389e+01     8.78994e+00     2.59390e+00
   1.62909     9.90817e+00     1.09034e+01     9.21625e+00     2.71801e+00
   1.63522     1.01417e+01     1.09271e+01     9.38814e+00     3.36864e+00
   1.64136     1.01213e+01     1.12272e+01     9.64537e+00     3.84461e+00
   1.64750     1.05644e+01     1.16658e+01     1.01821e+01     4.52501e+00
   1.65363     1.09281e+01     1.19081e+01     1.05008e+01     4.64435e+00
   1.65977     1.12696e+01     1.23523e+01     1.08083e+01     4.80389e+00
   1.66590     1.15380e+01     1.25295e+01     1.10445e+01     5.58077e+00
   1.67204     1.19276e+01     1.30517e+01     1.13695e+01     5.97967e+00
   1.67817     1.19857e+01     1.31629e+01     1.15927e+01     6.09227e+00
   1.68431     1.25497e+01     1.33145e+01     1.18507e+01     6.58106e+00
   1.69045     1.25456e+01     1.37548e+01     1.22023e+01     6.75321e+00
   1.69658     1.28857e+01     1.38699e+01     1.23343e+01     7.41053e+00
   1.70272     1.32022e+01     1.43616e+01     1.30448e+01     7.47989e+00
   1.70885     1.34537e+01     1.47104e+01     1.31673e+01     7.96530e+00
   1.71499     1.37924e+01     1.47717e+01     1.35638e+01     8.57320e+00
   1.72113     1.41196e+01     1.50936e+01     1.36617e+01     8.81644e+00
   1.72726     1.45052e+01     1.54220e+01     1.39894e+01     9.27219e+00
   1.73340     1.44673e+01     1.56165e+01     1.41207e+01     9.68782e+00
   1.73953     1.46740e+01     1.59475e+01     1.44415e+01     1.00009e+01
   1.74567     1.50291e+01     1.62715e+01     1.49709e+01     1.00071e+01
   1.75181     1.53553e+01     1.65026e+01     1.51498e+01     1.03630e+01
   1.75794     1.55474e+01     1.65616e+01     1.55031e+01     1.07087e+01
   1.76408     1.59858e+01     1.68800e+01     1.57182e+01     1.09836e+01
   1.77021     1.59248e+01     1.70517e+01     1.59151e+01     1.16248e+01
   1.77635     1.62696e+01     1.74231e+01     1.61815e+01     1.19673e+01
   1.78249     1.67630e+01     1.76298e+01     1.66174e+01     1.20875e+01
   1.78862     1.67989e+01     1.79072e+01     1.68407e+01     1.23888e+01
   1.79476     1.71004e+01     1.82612e+01     1.68049e+01     1.28464e+01
   1.80089     1.72320e+01     1.84852e+01     1.72823e+01     1.31988e+01
   1.80703     1.77291e+01     1.86514e+01     1.74601e+01     1.33127e+01
   1.81317     1.78270e+01     1.88392e+01     1.76623e+01     1.37977e+01
   1.81930     1.78551e+01     1.93122e+01     1.78623e+01     1.39175e+01
   1.82544     1.82560e+01     1.94828e+01     1.83799e+01     1.42150e+01
   1.83157     1.84646e+01     1.95491e+01     1.83121e+01     1.46660e+01
   1.83771     1.87376e+01     1.97684e+01     1.87828e+01     1.51710e+01
   1.84384     1.91308e+01     2.01288e+01     1.90019e+01     1.50860e+01
   1.84998     1.92568e+01     2.02946e+01     1.93064e+01     1.54486e+01
   1.85612     1.93135e+01     2.05526e+01     1.95464e+01     1.57050e+01
   1.86225     1.96847e+01     2.05785e+01     1.97318e+01     1.61806e+01
   1.86839     1.98822e+01     2.09671e+01     1.98407e+01     1.63876e+01
   1.87452     2.02942e+01     2.11602e+01     2.01903e+01     1.64058e+01
   1.88066     2.03196e+01     2.12844e+01     2.02724e+01     1.66941e+01
   1.88680     2.04289e+01     2.16481e+01     2.05630e+01     1.71926e+01
   1.89293     2.08104e+01     2.19247e+01     2.10287e+01     1.75552e+01
   1.89907     2.09126e+01     2.20923e+01     2.09406e+01     1.77362e+01
   1.90520     2.12390e+01     2.21876e+01     2.14389e+01     1.80386e+01
   1.91134     2.14126e+01     2.25662e+01     2.16277e+01     1.82920e+01
   1.91748     2.16230e+01     2.27234e+01     2.17449e+01     1.85712e+01
   1.92361     2.17174e+01     2.29340e+01     2.21613e+01     1.86644e+01
   1.92975     2.19632e+01     2.30256e+01     2.21683e+01     1.92046e+01
   1.93588     2.21888e+01     2.32469e+01     2.23752e+01     1.93146e+01
   1.94202     2.24242e+01     2.35480e+01     2.28628e+01     1.94335e+01
   1.94816     2.26396e+01     2.37490e+01     2.29740e+01     2.00446e+01
   1.95429     2.28350e+01     2.40619e+01     2.30953e+01     2.01195e+01
   1.96043     2.29501e+01     2.42884e+01     2.33829e+01     2.01449e+01
   1.96656     2.32806e+01     2.42412e+01     2.34246e+01     2.06880e+01
   1.97270     2.34176e+01     2.45189e+01     2.37065e+01     2.09229e+01
   1.97884     2.35948e+01     2.47665e+01     2.40367e+01     2.10710e+01
   1.98497     2.39145e+01     2.48776e+01     2.40717e+01     2.11687e+01
   1.99111     2.42127e+01     2.48946e+01     2.43478e+01     2.15316e+01
   1.99724     2.44742e+01     2.52152e+01     2.46209e+01     2.18379e+01
   2.00338     2.43114e+01     2.54894e+01     2.48274e+01     2.18532e+01
   2.00951     2.46063e+01     2.56101e+01     2.49969e+01     2.22980e+01
   2.01565     2.51139e+01     2.55991e+01     2.51124e+01     2.25504e+01
   2.02179     2.52755e+01     2.60277e+01     2.52907e+01     2.27706e+01
   2.02792     2.51513e+01     2.62462e+01     2.55211e+01     2.27794e+01
   2.03406     2.53845e+01     2.64314e+01     2.56813e+01     2.31509e+01
   2.04019     2.57087e+01     2.64420e+01     2.60074e+01     2.33343e+01
   2.04633     2.58771e+01     2.68129e+01     2.61784e+01     2.35719e+01
   2.05247     2.60077e+01     2.69358e+01     2.63549e+01     2.37407e+01
   2.05860     2.61861e+01     2.70880e+01     2.64428e+01     2.40854e+01
   2.06474     2.63637e+01     2.73126e+01     2.66971e+01     2.43309e+01
   2.07087     2.65860e+01     2.75297e+01     2.67930e+01     2.45179e+01
   2.07701     2.65577e+01     2.75766e+01     2.70168e+01     2.45865e+01
   2.08315     2.69235e+01     2.78929e+01     2.72961e+01     2.49823e+01
   2.08928     2.71124e+01     2.80574e+01     2.74077e+01     2.51363e+01
   2.09542     2.71638e+01     2.81104e+01     2.76549e+01     2.52830e+01
   2.10155     2.73543e+01     2.82950e+01     2.79252e+01     2.54874e+01
   2.10769     2.75435e+01     2.84328e+01     2.81853e+01     2.56008e+01
   2.11383     2.78088e+01     2.88802e+01     2.82727e+01     2.59676e+01
   2.11996     2.79167e+01     2.89969e+01     2.83857e+01     2.60528e+01
   2.12610     2.81528e+01     2.90243e+01     2.86786e+01     2.61429e+01
   2.13223     2.82063e+01     2.90389e+01     2.88259e+01     2.64592e+01
   2.13837     2.83745e+01     2.92881e+01     2.88185e+01     2.67210e+01
   2.14451     2.85253e+01     2.95443e+01     2.90960e+01     2.69094e+01
   2.15064     2.86475e+01     2.97779e+01     2.93509e+01     2.71485e+01
   2.15678     2.89406e+01     2.98121e+01     2.95804e+01     2.71619e+01
   2.16291     2.89997e+01     3.00549e+01     2.94695e+01     2.74039e+01
   2.16905     2.92637e+01     3.01774e+01     2.97625e+01     2.76485e+01
   2.17518     2.94270e+01     3.02628e+01     2.99868e+01     2.78417e+01
   2.18132     2.95825e+01     3.05755e+01     3.00144e+01     2.79955e+01
   2.18746     2.97672e+01     3.06844e+01     3.02775e+01     2.80751e+01
   2.19359     2.99455e+01     3.07739e+01     3.05160e+01     2.83053e+01
   2.19973     3.01664e+01     3.08758e+01     3.05828e+01     2.86196e+01
   2.20586     3.02916e+01     3.11638e+01     3.06653e+01     2.86693e+01
   2.21200     3.02138e+01     3.11737e+01     3.07864e+01     2.88845e+01
   2.21814     3.06322e+01     3.14281e+01     3.09943e+01     2.90456e+01
   2.22427     3.05848e+01     3.15478e+01     3.12387e+01     2.92800e+01
   2.23041     3.07723e+01     3.17367e+01     3.14228e+01     2.95633e+01
   2.23654     3.10664e+01     3.19157e+01     3.16188e+01     2.95936e+01
   2.24268     3.11520e+01     3.19956e+01     3.19133e+01     2.97897e+01
   2.24882     3.13048e+01     3.20782e+01     3.19031e+01     3.00717e+01
   2.25495     3.14839e+01     3.22295e+01     3.21103e+01     3.01346e+01
   2.26109     3.15725e+01     3.24517e+01     3.22074e+01     3.02886e+01
   2.26722     3.17863e+01     3.26325e+01     3.24339e+01     3.04446e+01
   2.27336     3.18924e+01     3.27663e+01     3.24615e+01     3.06833e+01
   2.27950     3.20200e+01     3.27842e+01     3.26517e+01     3.08165e+01
   2.28563     3.20134e+01     3.30012e+01     3.27811e+01     3.11253e+01
   2.29177     3.22293e+01     3.31353e+01     3.29028e+01     3.11091e+01
   2.29790     3.24160e+01     3.33278e+01     3.30950e+01     3.12429e+01
   2.30404     3.24787e+01     3.34981e+01     3.32305e+01     3.14369e+01
   2.31018     3.27150e+01     3.36026e+01     3.34207e+01     3.15544e+01
   2.31631     3.28133e+01     3.37171e+01     3.36052e+01     3.17411e+01
   2.32245     3.30271e+01     3.38811e+01     3.36393e+01     3.19339e+01
   2.32858     3.31418e+01     3.39998e+01     3.38957e+01     3.20223e+01
   2.33472     3.32558e+01     3.41816e+01     3.39671e+01     3.22335e+01
   2.34085     3.33776e+01     3.42768e+01     3.42499e+01     3.23871e+01
   2.34699     3.35343e+01     3.44332e+01     3.42748e+01     3.25390e+01
   2.35313     3.37202e+01     3.45725e+01     3.44946e+01     3.26772e+01
   2.35926     3.37572e+01     3.46246e+01     3.46031e+01     3.27650e+01
   2.36540     3.38580e+01     3.47521e+01     3.47668e+01     3.28980e+01
   2.37153     3.40988e+01     3.49072e+01     3.47170e+01     3.30907e+01
   2.37767     3.43013e+01     3.51228e+01     3.50425e+01     3.32634e+01
   2.38381     3.44174e+01     3.51389e+01     3.51104e+01     3.33410e+01
   2.38994     3.44432e+01     3.52516e+01     3.52243e+01     3.34149e+01
   2.39608     3.45640e+01     3.55021e+01     3.54111e+01     3.36067e+01
   2.40221     3.47390e+01     3.55005e+01     3.55339e+01     3.39035e+01
   2.40835     3.47993e+01     3.56733e+01     3.56484e+01     3.40521e+01
   2.41449     3.49302e+01     3.58135e+01     3.57092e+01     3.43303e+01
   2.42062     3.50842e+01     3.59853e+01     3.59073e+01     3.42517e+01
   2.42676     3.52356e+01     3.61148e+01     3.61656e+01     3.44587e+01
   2.43289     3.53793e+01     3.62394e+01     3.62614e+01     3.45528e+01
   2.43903     3.54094e+01     3.63130e+01     3.63268e+01     3.47385e+01
   2.44517     3.56221e+01     3.64629e+01     3.65729e+01     3.48504e+01
   2.45130     3.57717e+01     3.66238e+01     3.66104e+01     3.49564e+01
   2.45744     3.58201e+01     3.66003e+01     3.66935e+01     3.50470e+01
   2.46357     3.59497e+01     3.67980e+01     3.69441e+01     3.52428e+01
   2.46971     3.60064e+01     3.70206e+01     3.71090e+01     3.53237e+01
   2.47584     3.61520e+01     3.70655e+01     3.73458e+01     3.54943e+01
   2.48198     3.62485e+01     3.72707e+01     3.73231e+01     3.56236e+01
   2.48812     3.63709e+01     3.73286e+01     3.74313e+01     3.57068e+01
   2.49425     3.65794e+01     3.74852e+01     3.75233e+01     3.58463e+01
   2.50039     3.66413e+01     3.75774e+01     3.77114e+01     3.60010e+01
   2.50652     3.68099e+01     3.76860e+01     3.77577e+01     3.60899e+01
   2.51266     3.68855e+01     3.77896e+01     3.79797e+01     3.61865e+01
   2.51880     3.70156e+01     3.78769e+01     3.80160e+01     3.63899e+01
   2.52493     3.70449e+01     3.79874e+01     3.81580e+01     3.66234e+01
   2.53107     3.72560e+01     3.81189e+01     3.82944e+01     3.66331e+01
   2.53720     3.73486e+01     3.82549e+01     3.83559e+01     3.67655e+01
   2.54334     3.73569e+01     3.82768e+01     3.85115e+01     3.68843e+01
   2.54948     3.75336e+01     3.82993e+01     3.86044e+01     3.70396e+01
   2.55561     3.75849e+01     3.85772e+01     3.87773e+01     3.70405e+01
   2.56175     3.78060e+01     3.85971e+01     3.88120e+01     3.72176e+01
   2.56788     3.77698e+01     3.87324e+01     3.90318e+01     3.72556e+01
   2.57402     3.79745e+01     3.88602e+01     3.91538e+01     3.75625e+01
   2.58016     3.81623e+01     3.90146e+01     3.92528e+01     3.75435e+01
   2.58629     3.81707e+01     3.91247e+01     3.93674e+01     3.77176e+01
   2.59243     3.82032e+01     3.92149e+01     3.95287e+01     3.77976e+01
   2.59856     3.83390e+01     3.92877e+01     3.96184e+01     3.79562e+01
   2.60470     3.84832e+01     3.94563e+01     3.97367e+01     3.80196e+01
   2.61084     3.85449e+01     3.94962e+01     3.97789e+01     3.81001e+01
   2.61697     3.86795e+01     3.96452e+01     3.99830e+01     3.83448e+01
   2.62311     3.87167e+01     3.97091e+01     4.01070e+01     3.83041e+01
   2.62924     3.89184e+01     3.97836e+01     4.01169e+01     3.84213e+01
   2.63538     3.89062e+01     3.99086e+01     4.03236e+01     3.84909e+01
   2.64151     3.90539e+01     4.00321e+01     4.03468e+01     3.86949e+01
   2.64765     3.91702e+01     4.01655e+01     4.05031e+01     3.87518e+01
   2.65379     3.91871e+01     4.02035e+01     4.05627e+01     3.88596e+01
   2.65992     3.93527e+01     4.03430e+01     4.07594e+01     3.89745e+01
   2.66606     3.93710e+01     4.03545e+01     4.08587e+01     3.90405e+01
   2.67219     3.95355e+01     4.05157e+01     4.09305e+01     3.91879e+01
   2.67833     3.97359e+01     4.06433e+01     4.11064e+01     3.92788e+01
   2.68447     3.97287e+01     4.07335e+01     4.11769e+01     3.94192e+01
   2.69060     3.98072e+01     4.08187e+01     4.12994e+01     3.94660e+01
   2.69674     3.98830e+01     4.09310e+01     4.13003e+01     3.96795e+01
   2.70287     3.99127e+01     4.10267e+01     4.14317e+01     3.97280e+01
   2.70901     4.00547e+01     4.10275e+01     4.15360e+01     3.97874e+01
   2.71515     4.01692e+01     4.12264e+01     4.16805e+01     3.98109e+01
   2.72128     4.02245e+01     4.13282e+01     4.18051e+01     3.99789e+01
   2.72742     4.03451e+01     4.13698e+01     4.18829e+01     4.00872e+01
   2.73355     4.04591e+01     4.14974e+01     4.20293e+01     4.01631e+01
   2.73969     4.05088e+01     4.15365e+01     4.21279e+01     4.03104e+01
   2.74583     4.05969e+01     4.16180e+01     4.21607e+01     4.04395e+01
   2.75196     4.06803e+01     4.17520e+01     4.22741e+01     4.04813e+01
   2.75810     4.07225e+01     4.18554e+01     4.24280e+01     4.04885e+01
   2.76423     4.08928e+01     4.19062e+01     4.25078e+01     4.06075e+01
   2.77037     4.09498e+01     4.21182e+01     4.26814e+01     4.07857e+01
   2.77651     4.09878e+01     4.21697e+01     4.27604e+01     4.08491e+01
   2.78264     4.10631e+01     4.22126e+01     4.28303e+01     4.09400e+01
   2.78878     4.11762e+01     4.23145e+01     4.28912e+01     4.09944e+01
   2.79491     4.12408e+01     4.24051e+01     4.29843e+01     4.11064e+01
   2.80105     4.13926e+01     4.24390e+01     4.30783e+01     4.11875e+01
   2.80718     4.13867e+01     4.25792e+01     4.32411e+01     4.12774e+01
   2.81332     4.14791e+01     4.26172e+01     4.33212e+01     4.13678e+01
   2.81946     4.15943e+01     4.26772e+01     4.34174e+01     4.14579e+01
   2.82559     4.16304e+01     4.28028e+01     4.35204e+01     4.15646e+01
   2.83173     4.17015e+01     4.28915e+01     4.35870e+01     4.15650e+01
   2.83786     4.17920e+01     4.29801e+01     4.37317e+01     4.16736e+01
   2.84400     4.19269e+01     4.30976e+01     4.38028e+01     4.18021e+01
   2.85014     4.19488e+01     4.31174e+01     4.38621e+01     4.18662e+01
   2.85627     4.19453e+01     4.31968e+01     4.40004e+01     4.20033e+01
   2.86241     4.20375e+01     4.33037e+01     4.40820e+01     4.20361e+01
   2.86854     4.21242e+01     4.33708e+01     4.41967e+01     4.21070e+01
   2.87468     4.22553e+01     4.34514e+01     4.42694e+01     4.22253e+01
   2.88082     4.22348e+01     4.35669e+01     4.43488e+01     4.22464e+01
   2.88695     4.22959e+01     4.36008e+01     4.44330e+01     4.24044e+01
   2.89309     4.23941e+01     4.37054e+01     4.44939e+01     4.24054e+01
   2.89922     4.24391e+01     4.37660e+01     4.46131e+01     4.25217e+01
   2.90536     4.25450e+01     4.39004e+01     4.47253e+01     4.26158e+01
   2.91150     4.25904e+01     4.39308e+01     4.47680e+01     4.26716e+01
   2.91763     4.26995e+01     4.39667e+01     4.48945e+01     4.27691e+01
   2.92377     4.27129e+01     4.40710e+01     4.49051e+01     4.28128e+01
   2.92990     4.27849e+01     4.41578e+01     4.50500e+01     4.28755e+01
   2.93604     4.28658e+01     4.42090e+01     4.51257e+01     4.29074e+01
   2.94218     4.28802e+01     4.42793e+01     4.52162e+01     4.30023e+01
   2.94831     4.30058e+01     4.43613e+01     4.52662e+01     4.31157e+01
   2.95445     4.30669e+01     4.44909e+01     4.54077e+01     4.32172e+01
   2.96058     4.30763e+01     4.45025e+01     4.54731e+01     4.32209e+01
   2.96672     4.31906e+01     4.45890e+01     4.55629e+01     4.33040e+01
   2.97285     4.32139e+01     4.47054e+01     4.56122e+01     4.33451e+01
   2.97899     4.32565e+01     4.47254e+01     4.57224e+01     4.34449e+01
   2.98513     4.33744e+01     4.48091e+01     4.58448e+01     4.35042e+01
   2.99126     4.33218e+01     4.48659e+01     4.59326e+01     4.35546e+01
   2.99740     4.34333e+01     4.48978e+01     4.60350e+01     4.36211e+01
   3.00353     4.35174e+01     4.49871e+01     4.60942e+01     4.37086e+01
   3.00967     4.35657e+01     4.50961e+01     4.61548e+01     4.37617e+01
   3.01581     4.36210e+01     4.51007e+01     4.62539e+01     4.38354e+01
   3.02194     4.36941e+01     4.52061e+01     4.63104e+01     4.38700e+01
   3.02808     4.37672e+01     4.52742e+01     4.63646e+01     4.39981e+01
   3.03421     4.37960e+01     4.53922e+01     4.64498e+01     4.40001e+01
   3.04035     4.38459e+01     4.54048e+01     4.65051e+01     4.40146e+01
   3.04649     4.39155e+01     4.54225e+01     4.66480e+01     4.40847e+01
   3.05262     4.39285e+01     4.55159e+01     4.66693e+01     4.41860e+01
   3.05876     4.40189e+01     4.55523e+01     4.67909e+01     4.42699e+01
   3.06489     4.40375e+01     4.56519e+01     4.68714e+01     4.43446e+01
   3.07103     4.40852e+01     4.57094e+01     4.69239e+01     4.43789e+01
   3.07717     4.41280e+01     4.57805e+01     4.69816e+01     4.44188e+01
   3.08330     4.42342e+01     4.58822e+01     4.70291e+01     4.45110e+01
   3.08944     4.42667e+01     4.59028e+01     4.71745e+01     4.45203e+01
   3.09557     4.42814e+01     4.59339e+01     4.72455e+01     4.46243e+01
   3.10171     4.43508e+01     4.60494e+01     4.73067e+01     4.46355e+01
   3.10785     4.44042e+01     4.60763e+01     4.74020e+01     4.47347e+01
   3.11398     4.44443e+01     4.61574e+01     4.74850e+01     4.47944e+01
   3.12012     4.45187e+01     4.62374e+01     4.75430e+01     4.48049e+01
   3.12625     4.45321e+01     4.62538e+01     4.75683e+01     4.48603e+01
   3.13239     4.45695e+01     4.63298e+01     4.76548e+01     4.49304e+01
   3.13852     4.45625e+01     4.63931e+01     4.77549e+01     4.50446e+01
