# Redshift space power spectrum in mu bins.
# Subtracting SN=    2.19599e+01.
#     k\mu         0.12500         0.37500         0.62500         0.87500
   0.00920     1.04244e+04             nan     1.51504e+04     1.23002e+04
   0.01534     1.23895e+04     1.46434e+04     1.76588e+04     1.93011e+04
   0.02148     1.28773e+04     1.35541e+04     1.55372e+04     1.81673e+04
   0.02761     1.23608e+04     1.25659e+04     1.48824e+04     1.64926e+04
   0.03375     1.05091e+04     9.96442e+03     1.17967e+04     1.49569e+04
   0.03988     8.48806e+03     9.24218e+03     1.04676e+04     1.24744e+04
   0.04602     7.49911e+03     7.67932e+03     8.96266e+03     1.04681e+04
   0.05216     6.84227e+03     7.38768e+03     8.30219e+03     9.70806e+03
   0.05829     6.30461e+03     6.81842e+03     7.50896e+03     9.27985e+03
   0.06443     5.71392e+03     6.13962e+03     7.12437e+03     8.15437e+03
   0.07056     5.35005e+03     5.71790e+03     6.49290e+03     7.76538e+03
   0.07670     4.96336e+03     5.35652e+03     5.97015e+03     7.32163e+03
   0.08283     4.35156e+03     4.70360e+03     5.37150e+03     6.34196e+03
   0.08897     3.84828e+03     4.23503e+03     4.65462e+03     5.63582e+03
   0.09511     3.43504e+03     3.61624e+03     4.07727e+03     4.88485e+03
   0.10124     3.17032e+03     3.35984e+03     3.83616e+03     4.44019e+03
   0.10738     2.81152e+03     3.05298e+03     3.35798e+03     4.07557e+03
   0.11351     2.69519e+03     2.82230e+03     3.25397e+03     3.85589e+03
   0.11965     2.52326e+03     2.69985e+03     3.11555e+03     3.61803e+03
   0.12579     2.45342e+03     2.68346e+03     2.97375e+03     3.60580e+03
   0.13192     2.37524e+03     2.55224e+03     2.89892e+03     3.48793e+03
   0.13806     2.14891e+03     2.37296e+03     2.72414e+03     3.14676e+03
   0.14419     2.06632e+03     2.13086e+03     2.51861e+03     3.03547e+03
   0.15033     1.86482e+03     2.04976e+03     2.25983e+03     2.71442e+03
   0.15647     1.69792e+03     1.84188e+03     2.08282e+03     2.51531e+03
   0.16260     1.61334e+03     1.70617e+03     1.93920e+03     2.30687e+03
   0.16874     1.49987e+03     1.59656e+03     1.86851e+03     2.27761e+03
   0.17487     1.44803e+03     1.51695e+03     1.74958e+03     2.14652e+03
   0.18101     1.33075e+03     1.49812e+03     1.60685e+03     2.02083e+03
   0.18715     1.32639e+03     1.41586e+03     1.59174e+03     1.98683e+03
   0.19328     1.28877e+03     1.38488e+03     1.57601e+03     1.89707e+03
   0.19942     1.22703e+03     1.29486e+03     1.47397e+03     1.82302e+03
   0.20555     1.14653e+03     1.24872e+03     1.39640e+03     1.73232e+03
   0.21169     1.05895e+03     1.18071e+03     1.39211e+03     1.61253e+03
   0.21783     1.03778e+03     1.09950e+03     1.25563e+03     1.55204e+03
   0.22396     9.69422e+02     1.01942e+03     1.20590e+03     1.44231e+03
   0.23010     9.18542e+02     1.00305e+03     1.16587e+03     1.45733e+03
   0.23623     9.00797e+02     9.46302e+02     1.10200e+03     1.37319e+03
   0.24237     8.51313e+02     9.20088e+02     1.04150e+03     1.26870e+03
   0.24850     8.32516e+02     9.05559e+02     1.03175e+03     1.30036e+03
   0.25464     8.03628e+02     8.73194e+02     9.99574e+02     1.23964e+03
   0.26078     7.66874e+02     8.50438e+02     9.63139e+02     1.19897e+03
   0.26691     7.46294e+02     7.83681e+02     9.19855e+02     1.12352e+03
   0.27305     7.26336e+02     7.78161e+02     9.05460e+02     1.06428e+03
   0.27918     6.97275e+02     7.52789e+02     8.42555e+02     1.06311e+03
   0.28532     6.58797e+02     7.18757e+02     8.47907e+02     1.01429e+03
   0.29146     6.37554e+02     6.79138e+02     7.99897e+02     9.92489e+02
   0.29759     6.10663e+02     6.68029e+02     7.62973e+02     9.57335e+02
   0.30373     5.98016e+02     6.36022e+02     7.43809e+02     9.37725e+02
   0.30986     5.81355e+02     6.25668e+02     7.34926e+02     8.98570e+02
   0.31600     5.61002e+02     6.06524e+02     6.88372e+02     8.57791e+02
   0.32214     5.48962e+02     5.86839e+02     6.77202e+02     8.58465e+02
   0.32827     5.19998e+02     5.64537e+02     6.57947e+02     8.17376e+02
   0.33441     5.07735e+02     5.44904e+02     6.46420e+02     8.00947e+02
   0.34054     4.95996e+02     5.32097e+02     6.11661e+02     7.56394e+02
   0.34668     4.77265e+02     5.27617e+02     6.05029e+02     7.75461e+02
   0.35282     4.63626e+02     5.02697e+02     5.69852e+02     7.30086e+02
   0.35895     4.52425e+02     4.91857e+02     5.61467e+02     7.24189e+02
   0.36509     4.38252e+02     4.73226e+02     5.43286e+02     6.77278e+02
   0.37122     4.27187e+02     4.76620e+02     5.49547e+02     6.77000e+02
   0.37736     4.21511e+02     4.57254e+02     5.17658e+02     6.74692e+02
   0.38350     3.95283e+02     4.40257e+02     5.18345e+02     6.34472e+02
   0.38963     3.95787e+02     4.33242e+02     4.90307e+02     6.18330e+02
   0.39577     3.89580e+02     4.22579e+02     4.81205e+02     6.19848e+02
   0.40190     3.71737e+02     4.07083e+02     4.85076e+02     6.03659e+02
   0.40804     3.67594e+02     3.98661e+02     4.57854e+02     6.03743e+02
   0.41417     3.49915e+02     3.82287e+02     4.49365e+02     5.68407e+02
   0.42031     3.51910e+02     3.75987e+02     4.41736e+02     5.63895e+02
   0.42645     3.39513e+02     3.60311e+02     4.34757e+02     5.45388e+02
   0.43258     3.23269e+02     3.49992e+02     4.07812e+02     5.30032e+02
   0.43872     3.17943e+02     3.47778e+02     4.10451e+02     5.20823e+02
   0.44485     3.22528e+02     3.31437e+02     3.99516e+02     5.07317e+02
   0.45099     2.98329e+02     3.36796e+02     3.91431e+02     4.97454e+02
   0.45713     2.99291e+02     3.19886e+02     3.81167e+02     4.98996e+02
   0.46326     2.95309e+02     3.17594e+02     3.71706e+02     4.80778e+02
   0.46940     2.91211e+02     3.14512e+02     3.64593e+02     4.74587e+02
   0.47553     2.79599e+02     3.02897e+02     3.60731e+02     4.63408e+02
   0.48167     2.69967e+02     2.99865e+02     3.54929e+02     4.52345e+02
   0.48781     2.64719e+02     2.90767e+02     3.36977e+02     4.49403e+02
   0.49394     2.62284e+02     2.81268e+02     3.42049e+02     4.36208e+02
   0.50008     2.53247e+02     2.76890e+02     3.24080e+02     4.31801e+02
   0.50621     2.51578e+02     2.70893e+02     3.18992e+02     4.25541e+02
   0.51235     2.46459e+02     2.61123e+02     3.07373e+02     4.05455e+02
   0.51849     2.40260e+02     2.60463e+02     3.09008e+02     3.97582e+02
   0.52462     2.34705e+02     2.56325e+02     3.01542e+02     3.94712e+02
   0.53076     2.29872e+02     2.48630e+02     3.01178e+02     3.91063e+02
   0.53689     2.25982e+02     2.43694e+02     2.91835e+02     3.78750e+02
   0.54303     2.19810e+02     2.39499e+02     2.89796e+02     3.75540e+02
   0.54917     2.19527e+02     2.36645e+02     2.81086e+02     3.70349e+02
   0.55530     2.12352e+02     2.32367e+02     2.77299e+02     3.62450e+02
   0.56144     2.09674e+02     2.29536e+02     2.70548e+02     3.55019e+02
   0.56757     2.00444e+02     2.22338e+02     2.63273e+02     3.47513e+02
   0.57371     2.01905e+02     2.19268e+02     2.56941e+02     3.44885e+02
   0.57984     1.96066e+02     2.12165e+02     2.54723e+02     3.35377e+02
   0.58598     1.92625e+02     2.09357e+02     2.54033e+02     3.29608e+02
   0.59212     1.89750e+02     2.09983e+02     2.47398e+02     3.23738e+02
   0.59825     1.85267e+02     2.04310e+02     2.44916e+02     3.19274e+02
   0.60439     1.86080e+02     2.00175e+02     2.42127e+02     3.16702e+02
   0.61052     1.77915e+02     1.94108e+02     2.37744e+02     3.10155e+02
   0.61666     1.78102e+02     1.93952e+02     2.29303e+02     3.08898e+02
   0.62280     1.72237e+02     1.90117e+02     2.27044e+02     3.00300e+02
   0.62893     1.70217e+02     1.87649e+02     2.21404e+02     2.95562e+02
   0.63507     1.67957e+02     1.84112e+02     2.21045e+02     2.92296e+02
   0.64120     1.67321e+02     1.80469e+02     2.16164e+02     2.86911e+02
   0.64734     1.63090e+02     1.78373e+02     2.11489e+02     2.86531e+02
   0.65348     1.59639e+02     1.73706e+02     2.09524e+02     2.77959e+02
   0.65961     1.55414e+02     1.69027e+02     2.04048e+02     2.75132e+02
   0.66575     1.53793e+02     1.66795e+02     2.04824e+02     2.69940e+02
   0.67188     1.51730e+02     1.63074e+02     2.00791e+02     2.68703e+02
   0.67802     1.48228e+02     1.63715e+02     1.95908e+02     2.62106e+02
   0.68416     1.45461e+02     1.60082e+02     1.94451e+02     2.58249e+02
   0.69029     1.44819e+02     1.58874e+02     1.92623e+02     2.52111e+02
   0.69643     1.40020e+02     1.54750e+02     1.85859e+02     2.49806e+02
   0.70256     1.37526e+02     1.53385e+02     1.84245e+02     2.46978e+02
   0.70870     1.39371e+02     1.49489e+02     1.80542e+02     2.42501e+02
   0.71484     1.33637e+02     1.47126e+02     1.79894e+02     2.38606e+02
   0.72097     1.32594e+02     1.45997e+02     1.76730e+02     2.37822e+02
   0.72711     1.30702e+02     1.42959e+02     1.75100e+02     2.38550e+02
   0.73324     1.27810e+02     1.41729e+02     1.69685e+02     2.28700e+02
   0.73938     1.27058e+02     1.39890e+02     1.69037e+02     2.24876e+02
   0.74551     1.24944e+02     1.37489e+02     1.66736e+02     2.23359e+02
   0.75165     1.23791e+02     1.35710e+02     1.63938e+02     2.20697e+02
   0.75779     1.19997e+02     1.32349e+02     1.62670e+02     2.14702e+02
   0.76392     1.19536e+02     1.30378e+02     1.58103e+02     2.14349e+02
   0.77006     1.16162e+02     1.28892e+02     1.56812e+02     2.11731e+02
   0.77619     1.15802e+02     1.26326e+02     1.54119e+02     2.07639e+02
   0.78233     1.14359e+02     1.25001e+02     1.52240e+02     2.09454e+02
   0.78847     1.12440e+02     1.25321e+02     1.48827e+02     2.03823e+02
   0.79460     1.10333e+02     1.22004e+02     1.48207e+02     2.01908e+02
   0.80074     1.08064e+02     1.18469e+02     1.46754e+02     1.99877e+02
   0.80687     1.07832e+02     1.18187e+02     1.42926e+02     1.95801e+02
   0.81301     1.06474e+02     1.17292e+02     1.41097e+02     1.92758e+02
   0.81915     1.05357e+02     1.15634e+02     1.40217e+02     1.88341e+02
   0.82528     1.03054e+02     1.12915e+02     1.36883e+02     1.90314e+02
   0.83142     1.00280e+02     1.11163e+02     1.35402e+02     1.85462e+02
   0.83755     9.88958e+01     1.10095e+02     1.33607e+02     1.84088e+02
   0.84369     9.72711e+01     1.08126e+02     1.31663e+02     1.80199e+02
   0.84983     9.72328e+01     1.07346e+02     1.30011e+02     1.77932e+02
   0.85596     9.58922e+01     1.04257e+02     1.27782e+02     1.78293e+02
   0.86210     9.61658e+01     1.04190e+02     1.26953e+02     1.73532e+02
   0.86823     9.23678e+01     1.02625e+02     1.25874e+02     1.73881e+02
   0.87437     9.27611e+01     9.97839e+01     1.24741e+02     1.68455e+02
   0.88050     9.18672e+01     1.00554e+02     1.21342e+02     1.66853e+02
   0.88664     8.91137e+01     9.85629e+01     1.19633e+02     1.65066e+02
   0.89278     8.80732e+01     9.62670e+01     1.19228e+02     1.63655e+02
   0.89891     8.73068e+01     9.38499e+01     1.17452e+02     1.60482e+02
   0.90505     8.54295e+01     9.39730e+01     1.15914e+02     1.58220e+02
   0.91118     8.35646e+01     9.41960e+01     1.13553e+02     1.59063e+02
   0.91732     8.29015e+01     9.14062e+01     1.12001e+02     1.56818e+02
   0.92346     8.21828e+01     9.04247e+01     1.08866e+02     1.51911e+02
   0.92959     8.02056e+01     8.88562e+01     1.09791e+02     1.52187e+02
   0.93573     8.01730e+01     8.74958e+01     1.06710e+02     1.50978e+02
   0.94186     7.82133e+01     8.69719e+01     1.07049e+02     1.48500e+02
   0.94800     7.76473e+01     8.51584e+01     1.03996e+02     1.47653e+02
   0.95414     7.72127e+01     8.43090e+01     1.03645e+02     1.45003e+02
   0.96027     7.59340e+01     8.41210e+01     1.01822e+02     1.42599e+02
   0.96641     7.55415e+01     8.22829e+01     1.00938e+02     1.42419e+02
   0.97254     7.33195e+01     8.24908e+01     9.97529e+01     1.39465e+02
   0.97868     7.24844e+01     7.99271e+01     9.82573e+01     1.38154e+02
   0.98482     7.19097e+01     7.91996e+01     9.68368e+01     1.36689e+02
   0.99095     7.21067e+01     7.82089e+01     9.55293e+01     1.34822e+02
   0.99709     6.97760e+01     7.70209e+01     9.54033e+01     1.32512e+02
   1.00322     6.85710e+01     7.61070e+01     9.38967e+01     1.30224e+02
   1.00936     6.81646e+01     7.52398e+01     9.30923e+01     1.30719e+02
   1.01550     6.65903e+01     7.40487e+01     9.12284e+01     1.27929e+02
   1.02163     6.56229e+01     7.36941e+01     8.88129e+01     1.26401e+02
   1.02777     6.55502e+01     7.19813e+01     8.86377e+01     1.24842e+02
   1.03390     6.43658e+01     7.15162e+01     8.87769e+01     1.24281e+02
   1.04004     6.36537e+01     7.04572e+01     8.77104e+01     1.24133e+02
   1.04617     6.27848e+01     7.03067e+01     8.55494e+01     1.21745e+02
   1.05231     6.18970e+01     6.84899e+01     8.48730e+01     1.20195e+02
   1.05845     6.09632e+01     6.73870e+01     8.39680e+01     1.18373e+02
   1.06458     6.07586e+01     6.67504e+01     8.18326e+01     1.16970e+02
   1.07072     5.92406e+01     6.54429e+01     8.08563e+01     1.15590e+02
   1.07685     5.88573e+01     6.51579e+01     7.96951e+01     1.13517e+02
   1.08299     5.81702e+01     6.39817e+01     7.89852e+01     1.13096e+02
   1.08913     5.75652e+01     6.32671e+01     7.77600e+01     1.12166e+02
   1.09526     5.64031e+01     6.26162e+01     7.76152e+01     1.09665e+02
   1.10140     5.60381e+01     6.18959e+01     7.63785e+01     1.08894e+02
   1.10753     5.53476e+01     6.06753e+01     7.51622e+01     1.08461e+02
   1.11367     5.43513e+01     6.04819e+01     7.51782e+01     1.05355e+02
   1.11981     5.41125e+01     5.96441e+01     7.40049e+01     1.05229e+02
   1.12594     5.26614e+01     5.81162e+01     7.32449e+01     1.03951e+02
   1.13208     5.26440e+01     5.75781e+01     7.14985e+01     1.03218e+02
   1.13821     5.11363e+01     5.70695e+01     7.07129e+01     1.01443e+02
   1.14435     5.08332e+01     5.62355e+01     7.01676e+01     9.98516e+01
   1.15049     4.99261e+01     5.53538e+01     6.86676e+01     9.94311e+01
   1.15662     4.98220e+01     5.54337e+01     6.81878e+01     9.76302e+01
   1.16276     4.91249e+01     5.36176e+01     6.76809e+01     9.75378e+01
   1.16889     4.83696e+01     5.40364e+01     6.69554e+01     9.54717e+01
   1.17503     4.74902e+01     5.28579e+01     6.60358e+01     9.54043e+01
   1.18117     4.69887e+01     5.24086e+01     6.47804e+01     9.34397e+01
   1.18730     4.57584e+01     5.13334e+01     6.41197e+01     9.23934e+01
   1.19344     4.57034e+01     5.09660e+01     6.39313e+01     9.18333e+01
   1.19957     4.54242e+01     5.01746e+01     6.26909e+01     9.04061e+01
   1.20571     4.49228e+01     4.95633e+01     6.23839e+01     8.96615e+01
   1.21184     4.38660e+01     4.86920e+01     6.07711e+01     8.84620e+01
   1.21798     4.32840e+01     4.80989e+01     6.08861e+01     8.71237e+01
   1.22412     4.28894e+01     4.74167e+01     5.96218e+01     8.70505e+01
   1.23025     4.25298e+01     4.70163e+01     5.85667e+01     8.55167e+01
   1.23639     4.15156e+01     4.63795e+01     5.73487e+01     8.43350e+01
   1.24252     4.12244e+01     4.58710e+01     5.75630e+01     8.42484e+01
   1.24866     4.04502e+01     4.50818e+01     5.67166e+01     8.34976e+01
   1.25480     4.00991e+01     4.47465e+01     5.57368e+01     8.22638e+01
   1.26093     3.93652e+01     4.37624e+01     5.51119e+01     8.05366e+01
   1.26707     3.87120e+01     4.35196e+01     5.43322e+01     7.95895e+01
   1.27320     3.85625e+01     4.31864e+01     5.39628e+01     7.88735e+01
   1.27934     3.77731e+01     4.21778e+01     5.30200e+01     7.85061e+01
   1.28548     3.75974e+01     4.19559e+01     5.22104e+01     7.72425e+01
   1.29161     3.71156e+01     4.12168e+01     5.20881e+01     7.60184e+01
   1.29775     3.63524e+01     4.04508e+01     5.16067e+01     7.55246e+01
   1.30388     3.66602e+01     4.00496e+01     5.07632e+01     7.45276e+01
   1.31002     3.54993e+01     3.94936e+01     5.05625e+01     7.37321e+01
   1.31616     3.49488e+01     3.88988e+01     4.92066e+01     7.20924e+01
   1.32229     3.47130e+01     3.85099e+01     4.85919e+01     7.12992e+01
   1.32843     3.40931e+01     3.84277e+01     4.79475e+01     7.09374e+01
   1.33456     3.36077e+01     3.79435e+01     4.74776e+01     7.00937e+01
   1.34070     3.32973e+01     3.68273e+01     4.76642e+01     6.90644e+01
   1.34684     3.28971e+01     3.65689e+01     4.63933e+01     6.80924e+01
   1.35297     3.27150e+01     3.59560e+01     4.59636e+01     6.72934e+01
   1.35911     3.15022e+01     3.58660e+01     4.54519e+01     6.70664e+01
   1.36524     3.10473e+01     3.50756e+01     4.47716e+01     6.63850e+01
   1.37138     3.10562e+01     3.51549e+01     4.41072e+01     6.51774e+01
   1.37751     3.03761e+01     3.42317e+01     4.34403e+01     6.50328e+01
   1.38365     3.01872e+01     3.39699e+01     4.27087e+01     6.39697e+01
   1.38979     2.99487e+01     3.35861e+01     4.26833e+01     6.31752e+01
   1.39592     2.91934e+01     3.29603e+01     4.13894e+01     6.27571e+01
   1.40206     2.87705e+01     3.24588e+01     4.14206e+01     6.16513e+01
   1.40819     2.83478e+01     3.17476e+01     4.05780e+01     6.13195e+01
   1.41433     2.82368e+01     3.15287e+01     4.03520e+01     5.98825e+01
   1.42047     2.78454e+01     3.05368e+01     3.96611e+01     5.92487e+01
   1.42660     2.70646e+01     3.09816e+01     3.91329e+01     5.80751e+01
   1.43274     2.67796e+01     3.02011e+01     3.86438e+01     5.78874e+01
   1.43887     2.68403e+01     2.98510e+01     3.79004e+01     5.73744e+01
   1.44501     2.61453e+01     2.91772e+01     3.73263e+01     5.68602e+01
   1.45115     2.57092e+01     2.88823e+01     3.70220e+01     5.63207e+01
   1.45728     2.53354e+01     2.84054e+01     3.65418e+01     5.51355e+01
   1.46342     2.50326e+01     2.79660e+01     3.67129e+01     5.50552e+01
   1.46955     2.46556e+01     2.75716e+01     3.58842e+01     5.37206e+01
   1.47569     2.45926e+01     2.72797e+01     3.51761e+01     5.36762e+01
   1.48183     2.39155e+01     2.68997e+01     3.46693e+01     5.25193e+01
   1.48796     2.38982e+01     2.66793e+01     3.38687e+01     5.18463e+01
   1.49410     2.32126e+01     2.58815e+01     3.34508e+01     5.13181e+01
   1.50023     2.32191e+01     2.58258e+01     3.35809e+01     5.06584e+01
   1.50637     2.24981e+01     2.52376e+01     3.28469e+01     5.05431e+01
   1.51251     2.21548e+01     2.49740e+01     3.26675e+01     4.94645e+01
   1.51864     2.18540e+01     2.45100e+01     3.19262e+01     4.89931e+01
   1.52478     2.15405e+01     2.42902e+01     3.14755e+01     4.84928e+01
   1.53091     2.13036e+01     2.38613e+01     3.12443e+01     4.79805e+01
   1.53705     2.08693e+01     2.34727e+01     3.05352e+01     4.69618e+01
   1.54318     2.09311e+01     2.31906e+01     3.01669e+01     4.65986e+01
   1.54932     2.03400e+01     2.29043e+01     2.99242e+01     4.62375e+01
   1.55546     1.99845e+01     2.24782e+01     2.90798e+01     4.52735e+01
   1.56159     1.97176e+01     2.20566e+01     2.88361e+01     4.49290e+01
   1.56773     1.92915e+01     2.16670e+01     2.79808e+01     4.45230e+01
   1.57386     1.89036e+01     2.15271e+01     2.80946e+01     4.34842e+01
   1.58000     1.86609e+01     2.13020e+01     2.80592e+01     4.32105e+01
   1.58614     1.83576e+01     2.07475e+01     2.72012e+01     4.24309e+01
   1.59227     1.79449e+01     2.03367e+01     2.68906e+01     4.19492e+01
   1.59841     1.76421e+01     2.00631e+01     2.63373e+01     4.18998e+01
   1.60454     1.71886e+01     1.97827e+01     2.61134e+01     4.10220e+01
   1.61068     1.70474e+01     1.94736e+01     2.57492e+01     4.06907e+01
   1.61682     1.68226e+01     1.88620e+01     2.53584e+01     3.98650e+01
   1.62295     1.64364e+01     1.86055e+01     2.50078e+01     3.89992e+01
   1.62909     1.64281e+01     1.85344e+01     2.45138e+01     3.90389e+01
   1.63522     1.60254e+01     1.80952e+01     2.42348e+01     3.84647e+01
   1.64136     1.56722e+01     1.77630e+01     2.36341e+01     3.80740e+01
   1.64750     1.54242e+01     1.74925e+01     2.34401e+01     3.74101e+01
   1.65363     1.51391e+01     1.72339e+01     2.29466e+01     3.67438e+01
   1.65977     1.50589e+01     1.68130e+01     2.26442e+01     3.64945e+01
   1.66590     1.44235e+01     1.66373e+01     2.21990e+01     3.57373e+01
   1.67204     1.43531e+01     1.62805e+01     2.19571e+01     3.54836e+01
   1.67817     1.42271e+01     1.61144e+01     2.16725e+01     3.49456e+01
   1.68431     1.36787e+01     1.57953e+01     2.10825e+01     3.44672e+01
   1.69045     1.35637e+01     1.54467e+01     2.07456e+01     3.37445e+01
   1.69658     1.33036e+01     1.51247e+01     2.07619e+01     3.34912e+01
   1.70272     1.28782e+01     1.50241e+01     2.02132e+01     3.27785e+01
   1.70885     1.29101e+01     1.46917e+01     1.98730e+01     3.25054e+01
   1.71499     1.26350e+01     1.43201e+01     1.96232e+01     3.20239e+01
   1.72113     1.22380e+01     1.39614e+01     1.92435e+01     3.16707e+01
   1.72726     1.18815e+01     1.37154e+01     1.87795e+01     3.11512e+01
   1.73340     1.18431e+01     1.36561e+01     1.87005e+01     3.06650e+01
   1.73953     1.15334e+01     1.30771e+01     1.83608e+01     3.03341e+01
   1.74567     1.12091e+01     1.30328e+01     1.77653e+01     2.99837e+01
   1.75181     1.09652e+01     1.26978e+01     1.77457e+01     2.92015e+01
   1.75794     1.07255e+01     1.23782e+01     1.73420e+01     2.90375e+01
   1.76408     1.04885e+01     1.21343e+01     1.70905e+01     2.85130e+01
   1.77021     1.01926e+01     1.19301e+01     1.65172e+01     2.80555e+01
   1.77635     1.01434e+01     1.16166e+01     1.63821e+01     2.78929e+01
   1.78249     9.86641e+00     1.14542e+01     1.61421e+01     2.74790e+01
   1.78862     9.60301e+00     1.11762e+01     1.56344e+01     2.71673e+01
   1.79476     9.42000e+00     1.08522e+01     1.54431e+01     2.66698e+01
   1.80089     9.16483e+00     1.07301e+01     1.52678e+01     2.62195e+01
   1.80703     8.87628e+00     1.04883e+01     1.48720e+01     2.58248e+01
   1.81317     8.70042e+00     1.00388e+01     1.46085e+01     2.50987e+01
   1.81930     8.69605e+00     1.00293e+01     1.43016e+01     2.49715e+01
   1.82544     8.16573e+00     9.67059e+00     1.41395e+01     2.43758e+01
   1.83157     7.94323e+00     9.60297e+00     1.36881e+01     2.41653e+01
   1.83771     7.77765e+00     9.11400e+00     1.33737e+01     2.38669e+01
   1.84384     7.55507e+00     8.95947e+00     1.30456e+01     2.34557e+01
   1.84998     7.30975e+00     8.89251e+00     1.28475e+01     2.30198e+01
   1.85612     7.12196e+00     8.52867e+00     1.27020e+01     2.27270e+01
   1.86225     7.07104e+00     8.37348e+00     1.22726e+01     2.22792e+01
   1.86839     6.75215e+00     8.21036e+00     1.20144e+01     2.19652e+01
   1.87452     6.61153e+00     7.98499e+00     1.17246e+01     2.15853e+01
   1.88066     6.22930e+00     7.66122e+00     1.14735e+01     2.11933e+01
   1.88680     6.13402e+00     7.43819e+00     1.13233e+01     2.08278e+01
   1.89293     5.88433e+00     7.17808e+00     1.09324e+01     2.04190e+01
   1.89907     5.68726e+00     7.13147e+00     1.09512e+01     2.00680e+01
   1.90520     5.59049e+00     6.76679e+00     1.03193e+01     1.95728e+01
   1.91134     5.28282e+00     6.57635e+00     1.00856e+01     1.93921e+01
   1.91748     5.17925e+00     6.29750e+00     1.00265e+01     1.90804e+01
   1.92361     4.96678e+00     6.25491e+00     9.87822e+00     1.87716e+01
   1.92975     4.71663e+00     5.85816e+00     9.60324e+00     1.85860e+01
   1.93588     4.55866e+00     5.68615e+00     9.23676e+00     1.80030e+01
   1.94202     4.37784e+00     5.61928e+00     9.11189e+00     1.78670e+01
   1.94816     4.26511e+00     5.39002e+00     8.85265e+00     1.75134e+01
   1.95429     4.08548e+00     5.11554e+00     8.60662e+00     1.71300e+01
   1.96043     3.72238e+00     4.92596e+00     8.15209e+00     1.67987e+01
   1.96656     3.67161e+00     4.71244e+00     8.09110e+00     1.65409e+01
   1.97270     3.45155e+00     4.54560e+00     7.76116e+00     1.62238e+01
   1.97884     3.30694e+00     4.26930e+00     7.52011e+00     1.57919e+01
   1.98497     3.10831e+00     4.11073e+00     7.31768e+00     1.53391e+01
   1.99111     3.05939e+00     3.89991e+00     7.07800e+00     1.54139e+01
   1.99724     2.77876e+00     3.70109e+00     6.79661e+00     1.48423e+01
   2.00338     2.65677e+00     3.63355e+00     6.76866e+00     1.47060e+01
   2.00951     2.37432e+00     3.45699e+00     6.46596e+00     1.43878e+01
   2.01565     2.29127e+00     3.10607e+00     6.18803e+00     1.41482e+01
   2.02179     2.01424e+00     3.03308e+00     5.90674e+00     1.37139e+01
   2.02792     1.78653e+00     2.86701e+00     5.73879e+00     1.32910e+01
   2.03406     1.65210e+00     2.71498e+00     5.47867e+00     1.31200e+01
   2.04019     1.45080e+00     2.43195e+00     5.38835e+00     1.28145e+01
   2.04633     1.38249e+00     2.26912e+00     5.03678e+00     1.25243e+01
   2.05247     1.24784e+00     2.08936e+00     5.00493e+00     1.22087e+01
   2.05860     1.13274e+00     1.94766e+00     4.59822e+00     1.21274e+01
   2.06474     9.91690e-01     1.78565e+00     4.51759e+00     1.17490e+01
   2.07087     8.63363e-01     1.62526e+00     4.18830e+00     1.14782e+01
   2.07701     6.57830e-01     1.39052e+00     4.06057e+00     1.13005e+01
   2.08315     4.33335e-01     1.33673e+00     3.91615e+00     1.10746e+01
   2.08928     3.20100e-01     1.03628e+00     3.77013e+00     1.05815e+01
   2.09542     1.69427e-01     9.69058e-01     3.51677e+00     1.02675e+01
   2.10155     6.17230e-02     8.16793e-01     3.34269e+00     1.00455e+01
   2.10769     9.49869e-02     5.81454e-01     3.08748e+00     9.85033e+00
   2.11383     2.88024e-01     4.20939e-01     2.99228e+00     9.61007e+00
   2.11996     5.15740e-01     2.13138e-01     2.64587e+00     9.27908e+00
   2.12610     5.67639e-01     3.41235e-02     2.50531e+00     9.09583e+00
   2.13223     7.16391e-01     8.95019e-02     2.38465e+00     8.89730e+00
   2.13837     9.50969e-01     1.87313e-01     2.09228e+00     8.70521e+00
   2.14451     1.03709e+00     4.26356e-01     1.90692e+00     8.28691e+00
   2.15064     1.18233e+00     5.96831e-01     1.77031e+00     8.03516e+00
   2.15678     1.32146e+00     7.49088e-01     1.64915e+00     7.70639e+00
   2.16291     1.49248e+00     8.16591e-01     1.39609e+00     7.65791e+00
   2.16905     1.63843e+00     9.91320e-01     1.21845e+00     7.33895e+00
   2.17518     1.66538e+00     1.13598e+00     1.04032e+00     7.21023e+00
   2.18132     1.96239e+00     1.33412e+00     8.97210e-01     6.90629e+00
   2.18746     2.02098e+00     1.44094e+00     6.86907e-01     6.66510e+00
   2.19359     2.12554e+00     1.64143e+00     6.05435e-01     6.34528e+00
   2.19973     2.29527e+00     1.80541e+00     2.71400e-01     6.13817e+00
   2.20586     2.40186e+00     1.84519e+00     1.81343e-01     6.06221e+00
   2.21200     2.52045e+00     1.99348e+00     1.17961e-02     5.82810e+00
   2.21814     2.68693e+00     2.19324e+00     1.47568e-01     5.48280e+00
   2.22427     2.82574e+00     2.29300e+00     3.85046e-01     5.27005e+00
   2.23041     2.92458e+00     2.45414e+00     5.16884e-01     5.12340e+00
   2.23654     3.00761e+00     2.61873e+00     6.73654e-01     4.91640e+00
   2.24268     3.20770e+00     2.77522e+00     7.75712e-01     4.57985e+00
   2.24882     3.29148e+00     2.80432e+00     9.43575e-01     4.32654e+00
   2.25495     3.46961e+00     2.99858e+00     1.10285e+00     4.29187e+00
   2.26109     3.60258e+00     3.16752e+00     1.26258e+00     4.01975e+00
   2.26722     3.67933e+00     3.26106e+00     1.46140e+00     3.86921e+00
   2.27336     3.88237e+00     3.37096e+00     1.66545e+00     3.49704e+00
   2.27950     4.03320e+00     3.54727e+00     1.80354e+00     3.42680e+00
   2.28563     4.04163e+00     3.62692e+00     1.95602e+00     3.15981e+00
   2.29177     4.17174e+00     3.83097e+00     2.11325e+00     2.98438e+00
   2.29790     4.36022e+00     3.86849e+00     2.28942e+00     2.74150e+00
   2.30404     4.49538e+00     4.15293e+00     2.43844e+00     2.73502e+00
   2.31018     4.56064e+00     4.22901e+00     2.60956e+00     2.39569e+00
   2.31631     4.63467e+00     4.24836e+00     2.69562e+00     2.16931e+00
   2.32245     4.79045e+00     4.45967e+00     2.90426e+00     2.02737e+00
   2.32858     4.91595e+00     4.52660e+00     2.99347e+00     1.86575e+00
   2.33472     5.06926e+00     4.70283e+00     3.16048e+00     1.63639e+00
   2.34085     5.15743e+00     4.83571e+00     3.33250e+00     1.46031e+00
   2.34699     5.28920e+00     4.94925e+00     3.43714e+00     1.20038e+00
   2.35313     5.32645e+00     5.04500e+00     3.56821e+00     1.00690e+00
   2.35926     5.48974e+00     5.19258e+00     3.77738e+00     8.96848e-01
   2.36540     5.53295e+00     5.28123e+00     3.93264e+00     7.01512e-01
   2.37153     5.60023e+00     5.41467e+00     3.98968e+00     5.59264e-01
   2.37767     5.82077e+00     5.52360e+00     4.17203e+00     3.62809e-01
   2.38381     5.90202e+00     5.62370e+00     4.28877e+00     1.25536e-01
   2.38994     5.98517e+00     5.84502e+00     4.45271e+00     8.11853e-02
   2.39608     6.07086e+00     5.93790e+00     4.53120e+00     1.49486e-01
   2.40221     6.18799e+00     5.95465e+00     4.68149e+00     3.94698e-01
   2.40835     6.30635e+00     6.08317e+00     4.79664e+00     4.97738e-01
   2.41449     6.50996e+00     6.27952e+00     4.96976e+00     6.77378e-01
   2.42062     6.53119e+00     6.29946e+00     5.04990e+00     8.92717e-01
   2.42676     6.62107e+00     6.52069e+00     5.24582e+00     9.20132e-01
   2.43289     6.69320e+00     6.57186e+00     5.37964e+00     1.06264e+00
   2.43903     6.82114e+00     6.65012e+00     5.47081e+00     1.34988e+00
   2.44517     6.88535e+00     6.79224e+00     5.60238e+00     1.56338e+00
   2.45130     7.00799e+00     6.87613e+00     5.80591e+00     1.62232e+00
   2.45744     7.10520e+00     6.97758e+00     5.85976e+00     1.78225e+00
   2.46357     7.18739e+00     7.10221e+00     6.06870e+00     1.88147e+00
   2.46971     7.30444e+00     7.21876e+00     6.11012e+00     2.11655e+00
   2.47584     7.41809e+00     7.32616e+00     6.24531e+00     2.33087e+00
   2.48198     7.50325e+00     7.42116e+00     6.35058e+00     2.42029e+00
   2.48812     7.57482e+00     7.55752e+00     6.49364e+00     2.52419e+00
   2.49425     7.64288e+00     7.62451e+00     6.53415e+00     2.71622e+00
   2.50039     7.71243e+00     7.76508e+00     6.68275e+00     2.93167e+00
   2.50652     7.85977e+00     7.82172e+00     6.82176e+00     3.02463e+00
   2.51266     7.96725e+00     7.89648e+00     6.92585e+00     3.18543e+00
   2.51880     8.02920e+00     7.99752e+00     7.05686e+00     3.35262e+00
   2.52493     8.08158e+00     8.05261e+00     7.21299e+00     3.50292e+00
   2.53107     8.25574e+00     8.18861e+00     7.28855e+00     3.59958e+00
   2.53720     8.29460e+00     8.27859e+00     7.42940e+00     3.73086e+00
   2.54334     8.39261e+00     8.37701e+00     7.46781e+00     3.96871e+00
   2.54948     8.44801e+00     8.51107e+00     7.60470e+00     3.97788e+00
   2.55561     8.52651e+00     8.56581e+00     7.72462e+00     4.10654e+00
   2.56175     8.68302e+00     8.68485e+00     7.77000e+00     4.22176e+00
   2.56788     8.76607e+00     8.73605e+00     7.90552e+00     4.42886e+00
   2.57402     8.80527e+00     8.84972e+00     8.07098e+00     4.55301e+00
   2.58016     8.91407e+00     8.93550e+00     8.14004e+00     4.65178e+00
   2.58629     8.90181e+00     9.03673e+00     8.28476e+00     4.78806e+00
   2.59243     9.01275e+00     9.17143e+00     8.36765e+00     4.89048e+00
   2.59856     9.10261e+00     9.20577e+00     8.48211e+00     5.03650e+00
   2.60470     9.20122e+00     9.27096e+00     8.57022e+00     5.18480e+00
   2.61084     9.26763e+00     9.34156e+00     8.65083e+00     5.22694e+00
   2.61697     9.31759e+00     9.46530e+00     8.83278e+00     5.45880e+00
   2.62311     9.39354e+00     9.54449e+00     8.89202e+00     5.58166e+00
   2.62924     9.45396e+00     9.64354e+00     8.99913e+00     5.67610e+00
   2.63538     9.54750e+00     9.70015e+00     9.05775e+00     5.75278e+00
   2.64151     9.68093e+00     9.79570e+00     9.17913e+00     5.89211e+00
   2.64765     9.70247e+00     9.87641e+00     9.29729e+00     6.03035e+00
   2.65379     9.78420e+00     9.98534e+00     9.39205e+00     6.03370e+00
   2.65992     9.84034e+00     1.00486e+01     9.49540e+00     6.25602e+00
   2.66606     9.93130e+00     1.00601e+01     9.59296e+00     6.37513e+00
   2.67219     1.00267e+01     1.02190e+01     9.60099e+00     6.47355e+00
   2.67833     1.01074e+01     1.02553e+01     9.75725e+00     6.57272e+00
   2.68447     1.01695e+01     1.03810e+01     9.82404e+00     6.65289e+00
   2.69060     1.02101e+01     1.04550e+01     9.94322e+00     6.85622e+00
   2.69674     1.02738e+01     1.04806e+01     1.00048e+01     6.90052e+00
   2.70287     1.03314e+01     1.05571e+01     1.00991e+01     6.99946e+00
   2.70901     1.04311e+01     1.06406e+01     1.02259e+01     7.13827e+00
   2.71515     1.04984e+01     1.07437e+01     1.02845e+01     7.19217e+00
   2.72128     1.05956e+01     1.07638e+01     1.04029e+01     7.35808e+00
   2.72742     1.06253e+01     1.08871e+01     1.04838e+01     7.49758e+00
   2.73355     1.06618e+01     1.09607e+01     1.05573e+01     7.57229e+00
   2.73969     1.07076e+01     1.10277e+01     1.06202e+01     7.64274e+00
   2.74583     1.07913e+01     1.11020e+01     1.06857e+01     7.78018e+00
   2.75196     1.08823e+01     1.11382e+01     1.07791e+01     7.83478e+00
   2.75810     1.09095e+01     1.12540e+01     1.09322e+01     7.93685e+00
   2.76423     1.10314e+01     1.13154e+01     1.09673e+01     8.07608e+00
   2.77037     1.10308e+01     1.14126e+01     1.10933e+01     8.10844e+00
   2.77651     1.10903e+01     1.14462e+01     1.11599e+01     8.20537e+00
   2.78264     1.11504e+01     1.15391e+01     1.12110e+01     8.30324e+00
   2.78878     1.12639e+01     1.15748e+01     1.12676e+01     8.40382e+00
   2.79491     1.13074e+01     1.16498e+01     1.14369e+01     8.49286e+00
   2.80105     1.13196e+01     1.16974e+01     1.14625e+01     8.54383e+00
   2.80718     1.13796e+01     1.17692e+01     1.15598e+01     8.67860e+00
   2.81332     1.14647e+01     1.18903e+01     1.16259e+01     8.77132e+00
   2.81946     1.14714e+01     1.19047e+01     1.17046e+01     8.83399e+00
   2.82559     1.15803e+01     1.19780e+01     1.17428e+01     8.90673e+00
   2.83173     1.16204e+01     1.20460e+01     1.18485e+01     9.03941e+00
   2.83786     1.16653e+01     1.21145e+01     1.19281e+01     9.08960e+00
   2.84400     1.17363e+01     1.21851e+01     1.19970e+01     9.18097e+00
   2.85014     1.17822e+01     1.22497e+01     1.20719e+01     9.27212e+00
   2.85627     1.17952e+01     1.23023e+01     1.21623e+01     9.37707e+00
   2.86241     1.18914e+01     1.23386e+01     1.22334e+01     9.43750e+00
   2.86854     1.19137e+01     1.23954e+01     1.23083e+01     9.50115e+00
   2.87468     1.19553e+01     1.24664e+01     1.23780e+01     9.65355e+00
   2.88082     1.20025e+01     1.25192e+01     1.24524e+01     9.68449e+00
   2.88695     1.20530e+01     1.25760e+01     1.25356e+01     9.72407e+00
   2.89309     1.21153e+01     1.26554e+01     1.25841e+01     9.82640e+00
   2.89922     1.22014e+01     1.27338e+01     1.26631e+01     9.90598e+00
   2.90536     1.22215e+01     1.27641e+01     1.27446e+01     9.95346e+00
   2.91150     1.22440e+01     1.28205e+01     1.27976e+01     9.99988e+00
   2.91763     1.22962e+01     1.28907e+01     1.28678e+01     1.01560e+01
   2.92377     1.23307e+01     1.29309e+01     1.29242e+01     1.01884e+01
   2.92990     1.23904e+01     1.29674e+01     1.29946e+01     1.02710e+01
   2.93604     1.24412e+01     1.30409e+01     1.30977e+01     1.03137e+01
   2.94218     1.24837e+01     1.30891e+01     1.31343e+01     1.03868e+01
   2.94831     1.25582e+01     1.31484e+01     1.31954e+01     1.04788e+01
   2.95445     1.25854e+01     1.31793e+01     1.32431e+01     1.05423e+01
   2.96058     1.26402e+01     1.32522e+01     1.33274e+01     1.06148e+01
   2.96672     1.26813e+01     1.32963e+01     1.33917e+01     1.06921e+01
   2.97285     1.27290e+01     1.33622e+01     1.34490e+01     1.07452e+01
   2.97899     1.27353e+01     1.34103e+01     1.35185e+01     1.07999e+01
   2.98513     1.27824e+01     1.34600e+01     1.35838e+01     1.08470e+01
   2.99126     1.28348e+01     1.34990e+01     1.36391e+01     1.09070e+01
   2.99740     1.28771e+01     1.35301e+01     1.36995e+01     1.09649e+01
   3.00353     1.29194e+01     1.36073e+01     1.37776e+01     1.10673e+01
   3.00967     1.29492e+01     1.36667e+01     1.38261e+01     1.10948e+01
   3.01581     1.30044e+01     1.36864e+01     1.38920e+01     1.11775e+01
   3.02194     1.30118e+01     1.37455e+01     1.39274e+01     1.11987e+01
   3.02808     1.30802e+01     1.37802e+01     1.40120e+01     1.12961e+01
   3.03421     1.31202e+01     1.38352e+01     1.40328e+01     1.13713e+01
   3.04035     1.31508e+01     1.38844e+01     1.40951e+01     1.14110e+01
   3.04649     1.31551e+01     1.39215e+01     1.41705e+01     1.14489e+01
   3.05262     1.31951e+01     1.39768e+01     1.42258e+01     1.15415e+01
   3.05876     1.32465e+01     1.40237e+01     1.42666e+01     1.16065e+01
   3.06489     1.32446e+01     1.40515e+01     1.43594e+01     1.16490e+01
   3.07103     1.33027e+01     1.41036e+01     1.43982e+01     1.16816e+01
   3.07717     1.33285e+01     1.41444e+01     1.44700e+01     1.17045e+01
   3.08330     1.33731e+01     1.41781e+01     1.45037e+01     1.17681e+01
   3.08944     1.33638e+01     1.42522e+01     1.45560e+01     1.18366e+01
   3.09557     1.34170e+01     1.42793e+01     1.46210e+01     1.18659e+01
   3.10171     1.34524e+01     1.43121e+01     1.46775e+01     1.19227e+01
   3.10785     1.34860e+01     1.43644e+01     1.47260e+01     1.19684e+01
   3.11398     1.35037e+01     1.43955e+01     1.47672e+01     1.19873e+01
   3.12012     1.35402e+01     1.44467e+01     1.48249e+01     1.20635e+01
   3.12625     1.35770e+01     1.44788e+01     1.48740e+01     1.21171e+01
   3.13239     1.36112e+01     1.45089e+01     1.49064e+01     1.21453e+01
   3.13852     1.36151e+01     1.45656e+01     1.49628e+01     1.21756e+01
