# Redshift space power spectrum in mu bins.
# Subtracting SN=    1.61048e+01.
#     k\mu         0.12500         0.37500         0.62500         0.87500
   0.03682     9.62238e+03             nan     1.18215e+04     2.19276e+04
   0.06136     4.91045e+03     6.11827e+03     8.55887e+03     1.01764e+04
   0.08590     3.33208e+03     3.87114e+03     4.80083e+03     5.83655e+03
   0.11045     2.50311e+03     2.78645e+03     3.45795e+03     4.15169e+03
   0.13499     2.13567e+03     1.85649e+03     2.46648e+03     4.01221e+03
   0.15953     1.28760e+03     1.67324e+03     1.93324e+03     2.66040e+03
   0.18408     1.16561e+03     1.14104e+03     1.57710e+03     1.90560e+03
   0.20862     9.14810e+02     1.05079e+03     1.46449e+03     1.62741e+03
   0.23317     8.01816e+02     9.21659e+02     1.06546e+03     1.57216e+03
   0.25771     6.40993e+02     7.35159e+02     9.77355e+02     1.15377e+03
   0.28225     6.27662e+02     6.11553e+02     7.93509e+02     9.83045e+02
   0.30680     4.81969e+02     5.57206e+02     6.68830e+02     9.79752e+02
   0.33134     4.44434e+02     5.37396e+02     6.09353e+02     9.15111e+02
   0.35588     3.92525e+02     4.47500e+02     4.94584e+02     7.08554e+02
   0.38043     3.24679e+02     3.63291e+02     4.64259e+02     6.33185e+02
   0.40497     3.23350e+02     3.68128e+02     4.40192e+02     6.26706e+02
   0.42951     2.85942e+02     3.32786e+02     3.71012e+02     5.23663e+02
   0.45406     2.54198e+02     2.80869e+02     3.36023e+02     4.45580e+02
   0.47860     2.19534e+02     2.48875e+02     3.39337e+02     4.77804e+02
   0.50315     2.12812e+02     2.41165e+02     2.86233e+02     4.21864e+02
   0.52769     2.07377e+02     2.07805e+02     2.81948e+02     3.78304e+02
   0.55223     1.76118e+02     2.09634e+02     2.73733e+02     3.25695e+02
   0.57678     1.83816e+02     1.87805e+02     2.28178e+02     3.00400e+02
   0.60132     1.58921e+02     1.86087e+02     2.17874e+02     2.92775e+02
   0.62586     1.52914e+02     1.66531e+02     2.06714e+02     2.73486e+02
   0.65041     1.40888e+02     1.55495e+02     1.83728e+02     2.52595e+02
   0.67495     1.20458e+02     1.42998e+02     1.79755e+02     2.40984e+02
   0.69950     1.19555e+02     1.41773e+02     1.76007e+02     2.32115e+02
   0.72404     1.16783e+02     1.27520e+02     1.54061e+02     2.05773e+02
   0.74858     1.09440e+02     1.15488e+02     1.43786e+02     1.97708e+02
   0.77313     1.06574e+02     1.12786e+02     1.40988e+02     1.83302e+02
   0.79767     1.01733e+02     1.09844e+02     1.20955e+02     1.77544e+02
   0.82221     9.48412e+01     9.94227e+01     1.21423e+02     1.62490e+02
   0.84676     8.36663e+01     9.77210e+01     1.12502e+02     1.50090e+02
   0.87130     8.23090e+01     9.18234e+01     1.07015e+02     1.39383e+02
   0.89584     7.82752e+01     8.81691e+01     1.03023e+02     1.34246e+02
   0.92039     7.48825e+01     8.23147e+01     9.61404e+01     1.33334e+02
   0.94493     7.00326e+01     7.89544e+01     9.23729e+01     1.29658e+02
   0.96948     6.95353e+01     7.38908e+01     8.57960e+01     1.19114e+02
   0.99402     6.88794e+01     7.19182e+01     8.54314e+01     1.07048e+02
   1.01856     6.44536e+01     7.04615e+01     8.18424e+01     1.05073e+02
   1.04311     6.34936e+01     6.72328e+01     7.39667e+01     1.01059e+02
   1.06765     6.02178e+01     6.39923e+01     7.46491e+01     9.74795e+01
   1.09219     5.73470e+01     6.03998e+01     6.76586e+01     8.88618e+01
   1.11674     5.72107e+01     5.81004e+01     6.46181e+01     8.45605e+01
   1.14128     5.43177e+01     5.56260e+01     6.03097e+01     8.11679e+01
   1.16583     5.44349e+01     5.13665e+01     5.91544e+01     7.76979e+01
   1.19037     4.80887e+01     4.96228e+01     5.65407e+01     7.43257e+01
   1.21491     4.56416e+01     4.65534e+01     5.30359e+01     7.03154e+01
   1.23946     4.65826e+01     4.49242e+01     4.96131e+01     6.34540e+01
   1.26400     4.32466e+01     4.44801e+01     4.87969e+01     6.33654e+01
   1.28854     4.13948e+01     4.31923e+01     4.76605e+01     6.14121e+01
   1.31309     3.98982e+01     3.97479e+01     4.41810e+01     5.60899e+01
   1.33763     4.08620e+01     3.84964e+01     4.28984e+01     5.45312e+01
   1.36217     4.00646e+01     3.83298e+01     4.00242e+01     5.16057e+01
   1.38672     3.78603e+01     3.53567e+01     3.83124e+01     4.88216e+01
   1.41126     3.62110e+01     3.47405e+01     3.82000e+01     4.64142e+01
   1.43581     3.53655e+01     3.37584e+01     3.62894e+01     4.42461e+01
   1.46035     3.33000e+01     3.20444e+01     3.33829e+01     4.11874e+01
   1.48489     3.29170e+01     3.10044e+01     3.29372e+01     3.95350e+01
   1.50944     3.18204e+01     2.98954e+01     3.07116e+01     3.59719e+01
   1.53398     3.10605e+01     2.82619e+01     3.01492e+01     3.53746e+01
   1.55852     3.07546e+01     2.70430e+01     2.81155e+01     3.60146e+01
   1.58307     2.92061e+01     2.67343e+01     2.68789e+01     3.29629e+01
   1.60761     2.84894e+01     2.54684e+01     2.58773e+01     3.08961e+01
   1.63216     2.66440e+01     2.51963e+01     2.44746e+01     3.13709e+01
   1.65670     2.59368e+01     2.34221e+01     2.31694e+01     2.92996e+01
   1.68124     2.54617e+01     2.19997e+01     2.36574e+01     2.77492e+01
   1.70579     2.52876e+01     2.22226e+01     2.17423e+01     2.66704e+01
   1.73033     2.32475e+01     2.17648e+01     2.10110e+01     2.46850e+01
   1.75487     2.39374e+01     1.98422e+01     1.94279e+01     2.49060e+01
   1.77942     2.29007e+01     1.87223e+01     1.84912e+01     2.18480e+01
   1.80396     2.12689e+01     1.88033e+01     1.89996e+01     2.09935e+01
   1.82851     2.12057e+01     1.76153e+01     1.63331e+01     2.03619e+01
   1.85305     2.05289e+01     1.73831e+01     1.59171e+01     1.98408e+01
   1.87759     2.09662e+01     1.66812e+01     1.64435e+01     1.88304e+01
   1.90214     1.99055e+01     1.62104e+01     1.49315e+01     1.78256e+01
   1.92668     1.88757e+01     1.53469e+01     1.41997e+01     1.73903e+01
   1.95122     1.79606e+01     1.48091e+01     1.36356e+01     1.61765e+01
   1.97577     1.81340e+01     1.44377e+01     1.27853e+01     1.56216e+01
   2.00031     1.75086e+01     1.36085e+01     1.22600e+01     1.41699e+01
   2.02485     1.70864e+01     1.34998e+01     1.21023e+01     1.35764e+01
   2.04940     1.60621e+01     1.18820e+01     1.11902e+01     1.31729e+01
   2.07394     1.60809e+01     1.18870e+01     1.07927e+01     1.23641e+01
   2.09849     1.49708e+01     1.09268e+01     1.01931e+01     1.19665e+01
   2.12303     1.47635e+01     1.08426e+01     9.46712e+00     1.11552e+01
   2.14757     1.47530e+01     1.05229e+01     9.33955e+00     1.06742e+01
   2.17212     1.39463e+01     9.90626e+00     8.09686e+00     1.01445e+01
   2.19666     1.40022e+01     9.50231e+00     8.32428e+00     9.34969e+00
   2.22120     1.30863e+01     9.05848e+00     7.88807e+00     9.04984e+00
   2.24575     1.27007e+01     8.58894e+00     7.65364e+00     8.40853e+00
   2.27029     1.21956e+01     7.86649e+00     6.80980e+00     8.01785e+00
   2.29484     1.20161e+01     7.85863e+00     6.49572e+00     7.22168e+00
   2.31938     1.14084e+01     7.58692e+00     6.21254e+00     7.11202e+00
   2.34392     1.13076e+01     7.22006e+00     5.50444e+00     6.50701e+00
   2.36847     1.07017e+01     6.65359e+00     5.51432e+00     6.08618e+00
   2.39301     1.02456e+01     6.46364e+00     4.67512e+00     5.63151e+00
   2.41755     1.02820e+01     6.20663e+00     4.66724e+00     5.23000e+00
   2.44210     1.03529e+01     5.31803e+00     3.96940e+00     5.09257e+00
   2.46664     9.19680e+00     5.42099e+00     3.56552e+00     4.57693e+00
   2.49118     8.99008e+00     5.16904e+00     3.57689e+00     4.17480e+00
   2.51573     8.46826e+00     4.69042e+00     3.33395e+00     3.86550e+00
   2.54027     8.81177e+00     4.40819e+00     2.89164e+00     3.49178e+00
   2.56482     8.34174e+00     4.37195e+00     2.63979e+00     3.15298e+00
   2.58936     7.91905e+00     3.89552e+00     2.49941e+00     3.11262e+00
   2.61390     7.74117e+00     3.44967e+00     1.99676e+00     2.54544e+00
   2.63845     7.63249e+00     3.28356e+00     1.87674e+00     2.30996e+00
   2.66299     7.35786e+00     2.77636e+00     1.54806e+00     2.13710e+00
   2.68753     6.98674e+00     2.77191e+00     1.31412e+00     2.01319e+00
   2.71208     6.93363e+00     2.55807e+00     1.07435e+00     1.39261e+00
   2.73662     6.26981e+00     2.46547e+00     7.11854e-01     1.33379e+00
   2.76117     6.24982e+00     2.05361e+00     4.75694e-01     8.89780e-01
   2.78571     5.72039e+00     1.94939e+00     3.77533e-01     8.01034e-01
   2.81025     5.39562e+00     1.54588e+00     1.58936e-01     3.95331e-01
   2.83480     5.36585e+00     1.46608e+00     1.90803e-01     2.56090e-03
   2.85934     4.87613e+00     1.09053e+00     2.19479e-01     4.37555e-03
   2.88388     4.78354e+00     7.41023e-01     6.43660e-01     3.46926e-01
   2.90843     4.27932e+00     7.63259e-01     6.65862e-01     5.47307e-01
   2.93297     4.28768e+00     4.00491e-01     1.10077e+00     7.63685e-01
   2.95751     4.15291e+00     3.18943e-01     1.17165e+00     8.87722e-01
   2.98206     3.68339e+00     3.48195e-02     1.20303e+00     1.19352e+00
   3.00660     3.75493e+00     1.15042e-01     1.51774e+00     1.31092e+00
   3.03115     3.63287e+00     4.78486e-01     1.75487e+00     1.46569e+00
   3.05569     3.15582e+00     5.22495e-01     1.78605e+00     1.77162e+00
   3.08023     3.20021e+00     6.01760e-01     2.06192e+00     1.91471e+00
   3.10478     2.97784e+00     7.95799e-01     2.19821e+00     1.99560e+00
   3.12932     2.85918e+00     1.02604e+00     2.26693e+00     2.18175e+00
   3.15386     2.54450e+00     1.40580e+00     2.45513e+00     2.30886e+00
   3.17841     2.40801e+00     1.51521e+00     2.74619e+00     2.55823e+00
   3.20295     2.04386e+00     1.66496e+00     2.96624e+00     2.70544e+00
   3.22750     2.02593e+00     1.70385e+00     3.01064e+00     2.92029e+00
   3.25204     1.67454e+00     1.97057e+00     3.21168e+00     2.85703e+00
   3.27658     1.65341e+00     2.15162e+00     3.39456e+00     3.32053e+00
   3.30113     1.28793e+00     2.26570e+00     3.41834e+00     3.36326e+00
   3.32567     1.24579e+00     2.54710e+00     3.71153e+00     3.45681e+00
   3.35021     1.03129e+00     2.75028e+00     3.75983e+00     3.65049e+00
   3.37476     7.59013e-01     2.87913e+00     3.90371e+00     3.83063e+00
   3.39930     7.70157e-01     2.94335e+00     4.08234e+00     3.95809e+00
   3.42385     4.37506e-01     3.07281e+00     4.25605e+00     4.00012e+00
   3.44839     3.91980e-01     3.32248e+00     4.20625e+00     4.11239e+00
   3.47293     7.72025e-02     3.31081e+00     4.52867e+00     4.33043e+00
   3.49748     1.22070e-02     3.59480e+00     4.58328e+00     4.48857e+00
   3.52202     1.32863e-01     3.71353e+00     4.71828e+00     4.50823e+00
   3.54656     5.71513e-01     3.81718e+00     4.90405e+00     4.71610e+00
   3.57111     4.58241e-01     4.04089e+00     4.95586e+00     4.87106e+00
   3.59565     6.29709e-01     4.05323e+00     5.17800e+00     4.88679e+00
   3.62019     9.29581e-01     4.24611e+00     5.14075e+00     5.07170e+00
   3.64474     1.14704e+00     4.37029e+00     5.34007e+00     5.21399e+00
   3.66928     1.21232e+00     4.48525e+00     5.52328e+00     5.34995e+00
   3.69383     1.38302e+00     4.54229e+00     5.50725e+00     5.45583e+00
   3.71837     1.53862e+00     4.81225e+00     5.61431e+00     5.50725e+00
   3.74291     1.73339e+00     4.96208e+00     5.85436e+00     5.65993e+00
   3.76746     1.87926e+00     5.06514e+00     5.91475e+00     5.74608e+00
   3.79200     1.94021e+00     5.08240e+00     6.07645e+00     5.91588e+00
   3.81654     2.14629e+00     5.30768e+00     6.14143e+00     6.00715e+00
   3.84109     2.25772e+00     5.35496e+00     6.23406e+00     6.07651e+00
   3.86563     2.43559e+00     5.39984e+00     6.31924e+00     6.16615e+00
   3.89018     2.47048e+00     5.69816e+00     6.46122e+00     6.25848e+00
   3.91472     2.66686e+00     5.62497e+00     6.65216e+00     6.39733e+00
   3.93926     2.94164e+00     5.84286e+00     6.65050e+00     6.46997e+00
   3.96381     3.09779e+00     5.96837e+00     6.80312e+00     6.64893e+00
   3.98835     3.03905e+00     5.97130e+00     6.87625e+00     6.64238e+00
   4.01289     3.15220e+00     6.17433e+00     6.91278e+00     6.76465e+00
   4.03744     3.31395e+00     6.24535e+00     7.02380e+00     6.88234e+00
   4.06198     3.53869e+00     6.38986e+00     7.09562e+00     6.95404e+00
   4.08652     3.68005e+00     6.38726e+00     7.24130e+00     7.00475e+00
   4.11107     3.76333e+00     6.59255e+00     7.24038e+00     7.09261e+00
   4.13561     3.95141e+00     6.64928e+00     7.52052e+00     7.21625e+00
   4.16016     3.99568e+00     6.86938e+00     7.56477e+00     7.34082e+00
   4.18470     4.08896e+00     6.88893e+00     7.52546e+00     7.39801e+00
   4.20924     4.20598e+00     7.02957e+00     7.62125e+00     7.49494e+00
   4.23379     4.36219e+00     7.11327e+00     7.77509e+00     7.67504e+00
   4.25833     4.53771e+00     7.11234e+00     7.80490e+00     7.70620e+00
   4.28287     4.51396e+00     7.21841e+00     7.89441e+00     7.77300e+00
   4.30742     4.68995e+00     7.30428e+00     8.01109e+00     7.88516e+00
   4.33196     4.85564e+00     7.46167e+00     8.08624e+00     7.97237e+00
   4.35651     4.98741e+00     7.48968e+00     8.14820e+00     7.98055e+00
   4.38105     5.14167e+00     7.56627e+00     8.19633e+00     8.08069e+00
   4.40559     5.09890e+00     7.63242e+00     8.37147e+00     8.11885e+00
   4.43014     5.34265e+00     7.76087e+00     8.41994e+00     8.28573e+00
   4.45468     5.41370e+00     7.91166e+00     8.50847e+00     8.29411e+00
   4.47922     5.49729e+00     8.01591e+00     8.59930e+00     8.43549e+00
   4.50377     5.53430e+00     7.95680e+00     8.64792e+00     8.47851e+00
   4.52831     5.67839e+00     8.16452e+00     8.71559e+00     8.54099e+00
   4.55285     5.83299e+00     8.18322e+00     8.80198e+00     8.66314e+00
   4.57740     5.92671e+00     8.32102e+00     8.83222e+00     8.71033e+00
   4.60194     5.90343e+00     8.35289e+00     8.92630e+00     8.82328e+00
   4.62649     6.20167e+00     8.42213e+00     9.04508e+00     8.79872e+00
   4.65103     6.19926e+00     8.59860e+00     9.10279e+00     8.90707e+00
   4.67557     6.23767e+00     8.56059e+00     9.12868e+00     9.00543e+00
   4.70012     6.45257e+00     8.67938e+00     9.19394e+00     9.05515e+00
   4.72466     6.52331e+00     8.77257e+00     9.28543e+00     9.10598e+00
   4.74920     6.68538e+00     8.82673e+00     9.31503e+00     9.23189e+00
   4.77375     6.74312e+00     8.87637e+00     9.40770e+00     9.30232e+00
   4.79829     6.84158e+00     9.02292e+00     9.52763e+00     9.32034e+00
   4.82284     6.94556e+00     9.03510e+00     9.57444e+00     9.34464e+00
   4.84738     7.09913e+00     9.16144e+00     9.64397e+00     9.40612e+00
   4.87192     7.07337e+00     9.22853e+00     9.67093e+00     9.50498e+00
   4.89647     7.19785e+00     9.28422e+00     9.74508e+00     9.58223e+00
   4.92101     7.24675e+00     9.39609e+00     9.79296e+00     9.67585e+00
   4.94555     7.39701e+00     9.36893e+00     9.85850e+00     9.67472e+00
   4.97010     7.47906e+00     9.45009e+00     9.89595e+00     9.75101e+00
   4.99464     7.51839e+00     9.53460e+00     9.98688e+00     9.79301e+00
   5.01919     7.63240e+00     9.59465e+00     1.00591e+01     9.81580e+00
   5.04373     7.72669e+00     9.64973e+00     1.00834e+01     9.87656e+00
   5.06827     7.85356e+00     9.74094e+00     1.01734e+01     9.96239e+00
   5.09282     7.86117e+00     9.77578e+00     1.02069e+01     1.00317e+01
   5.11736     7.97800e+00     9.87078e+00     1.03198e+01     1.00719e+01
   5.14190     8.06689e+00     9.90765e+00     1.03501e+01     1.01457e+01
   5.16645     8.13949e+00     9.94480e+00     1.03846e+01     1.02033e+01
   5.19099     8.20351e+00     1.00931e+01     1.04811e+01     1.02458e+01
   5.21553     8.23640e+00     1.00671e+01     1.05276e+01     1.03038e+01
   5.24008     8.35753e+00     1.01874e+01     1.05937e+01     1.03723e+01
   5.26462     8.39076e+00     1.02154e+01     1.06015e+01     1.03790e+01
   5.28917     8.48216e+00     1.02838e+01     1.06660e+01     1.04246e+01
   5.31371     8.53148e+00     1.03268e+01     1.07285e+01     1.05571e+01
   5.33825     8.62203e+00     1.04360e+01     1.08236e+01     1.05596e+01
   5.36280     8.66267e+00     1.04278e+01     1.08810e+01     1.06157e+01
   5.38734     8.80797e+00     1.05047e+01     1.09090e+01     1.06408e+01
   5.41188     8.80195e+00     1.06341e+01     1.09744e+01     1.07157e+01
   5.43643     8.88201e+00     1.06383e+01     1.10539e+01     1.07469e+01
   5.46097     8.93543e+00     1.06367e+01     1.11039e+01     1.08300e+01
   5.48552     9.01395e+00     1.07287e+01     1.11309e+01     1.08709e+01
   5.51006     9.04269e+00     1.08139e+01     1.11886e+01     1.08976e+01
   5.53460     9.08054e+00     1.08740e+01     1.12293e+01     1.09666e+01
   5.55915     9.16204e+00     1.08768e+01     1.12840e+01     1.09997e+01
   5.58369     9.20435e+00     1.09263e+01     1.13401e+01     1.10049e+01
   5.60823     9.27855e+00     1.10149e+01     1.13850e+01     1.10727e+01
   5.63278     9.34786e+00     1.09852e+01     1.14589e+01     1.11606e+01
   5.65732     9.38909e+00     1.10618e+01     1.14913e+01     1.11420e+01
   5.68186     9.47153e+00     1.11449e+01     1.15421e+01     1.11581e+01
   5.70641     9.50054e+00     1.11994e+01     1.15769e+01     1.12418e+01
   5.73095     9.56510e+00     1.12456e+01     1.16306e+01     1.12651e+01
   5.75550     9.63191e+00     1.12315e+01     1.17016e+01     1.13167e+01
   5.78004     9.64414e+00     1.12854e+01     1.17315e+01     1.13639e+01
   5.80458     9.71167e+00     1.13579e+01     1.17762e+01     1.14028e+01
   5.82913     9.76581e+00     1.13981e+01     1.18296e+01     1.14306e+01
   5.85367     9.81731e+00     1.14190e+01     1.18938e+01     1.14562e+01
   5.87821     9.80482e+00     1.14561e+01     1.19374e+01     1.14811e+01
   5.90276     9.88236e+00     1.15428e+01     1.20010e+01     1.15357e+01
   5.92730     9.91650e+00     1.15399e+01     1.20133e+01     1.15614e+01
   5.95185     9.97287e+00     1.15742e+01     1.20307e+01     1.16125e+01
   5.97639     9.96192e+00     1.16407e+01     1.20969e+01     1.16369e+01
   6.00093     1.00304e+01     1.16823e+01     1.21410e+01     1.16736e+01
   6.02548     1.00476e+01     1.17098e+01     1.21882e+01     1.17125e+01
   6.05002     1.01460e+01     1.17559e+01     1.22346e+01     1.17333e+01
   6.07456     1.01301e+01     1.17907e+01     1.22876e+01     1.17756e+01
   6.09911     1.02458e+01     1.18067e+01     1.23108e+01     1.17825e+01
   6.12365     1.02341e+01     1.18705e+01     1.23690e+01     1.18400e+01
   6.14819     1.02562e+01     1.18829e+01     1.24085e+01     1.18598e+01
   6.17274     1.02894e+01     1.19411e+01     1.24472e+01     1.18915e+01
   6.19728     1.03358e+01     1.19575e+01     1.24746e+01     1.19233e+01
   6.22183     1.03820e+01     1.20090e+01     1.25189e+01     1.19345e+01
   6.24637     1.04431e+01     1.20322e+01     1.25460e+01     1.19674e+01
   6.27091     1.04109e+01     1.20600e+01     1.25850e+01     1.20015e+01
