# Subtracting SN=    1.52032e+01.
#        k         Pk_0_HI
   0.03471     1.17072e+04
   0.04533     9.31174e+03
   0.05750     6.97327e+03
   0.07243     6.16957e+03
   0.08030     4.96961e+03
   0.09129     3.75702e+03
   0.10670     3.13799e+03
   0.11962     2.96098e+03
   0.12974     2.80657e+03
   0.14416     2.08646e+03
   0.15607     1.92332e+03
   0.16886     1.68587e+03
   0.18066     1.46858e+03
   0.19462     1.32979e+03
   0.20682     1.23814e+03
   0.21908     1.13024e+03
   0.23113     1.08226e+03
   0.24367     9.78380e+02
   0.25601     8.46158e+02
   0.26906     7.98482e+02
   0.28135     7.84647e+02
   0.29458     6.66372e+02
   0.30676     6.61174e+02
   0.31943     6.25451e+02
   0.33214     6.24067e+02
   0.34474     5.47953e+02
   0.35626     4.93318e+02
   0.36909     4.72488e+02
   0.38137     4.49030e+02
   0.39368     4.44372e+02
   0.40596     4.14476e+02
   0.41935     4.04138e+02
   0.43138     3.52172e+02
   0.44349     3.45124e+02
   0.45625     3.20344e+02
   0.46966     3.21606e+02
   0.48162     3.13251e+02
   0.49397     2.98194e+02
   0.50656     2.79478e+02
   0.51863     2.79700e+02
   0.53044     2.58903e+02
   0.54375     2.52584e+02
   0.55676     2.39240e+02
   0.56902     2.28016e+02
   0.58090     2.20077e+02
   0.59394     2.18958e+02
   0.60659     2.03227e+02
   0.61858     1.98690e+02
   0.63073     1.99593e+02
   0.64386     1.82353e+02
   0.65636     1.81044e+02
   0.66869     1.75198e+02
   0.68131     1.67682e+02
   0.69392     1.69436e+02
   0.70632     1.62375e+02
   0.71842     1.50331e+02
   0.73133     1.50687e+02
   0.74383     1.42086e+02
   0.75642     1.40441e+02
   0.76892     1.34309e+02
   0.78169     1.33382e+02
   0.79408     1.28041e+02
   0.80610     1.23817e+02
   0.81834     1.19832e+02
   0.83113     1.18084e+02
   0.84356     1.11431e+02
   0.85621     1.08632e+02
   0.86876     1.07712e+02
   0.88154     1.04072e+02
   0.89355     1.04073e+02
   0.90634     9.87741e+01
   0.91886     9.92833e+01
   0.93130     9.49605e+01
   0.94392     9.32178e+01
   0.95621     9.05885e+01
   0.96854     8.73181e+01
   0.98126     8.84794e+01
   0.99357     8.26939e+01
   1.00643     8.24327e+01
   1.01870     8.14924e+01
   1.03126     7.91427e+01
   1.04402     7.76447e+01
   1.05654     7.59633e+01
   1.06869     7.58043e+01
   1.08129     6.92457e+01
   1.09371     6.88363e+01
   1.10646     6.75875e+01
   1.11883     6.71523e+01
   1.13137     6.53719e+01
   1.14381     6.36505e+01
   1.15611     6.35052e+01
   1.16847     6.05012e+01
   1.18123     5.94507e+01
   1.19379     5.73876e+01
   1.20615     5.55156e+01
   1.21876     5.44431e+01
   1.23169     5.28432e+01
   1.24362     5.17003e+01
   1.25596     5.20717e+01
   1.26862     5.05258e+01
   1.28125     4.88672e+01
   1.29378     4.92860e+01
   1.30632     4.62409e+01
   1.31873     4.58427e+01
   1.33129     4.58181e+01
   1.34365     4.48905e+01
   1.35617     4.41123e+01
   1.36877     4.28899e+01
   1.38124     4.21968e+01
   1.39384     3.99518e+01
   1.40620     4.00399e+01
   1.41870     3.97762e+01
   1.43133     3.79692e+01
   1.44395     3.81788e+01
   1.45629     3.68311e+01
   1.46888     3.52058e+01
   1.48123     3.55206e+01
   1.49385     3.41148e+01
   1.50637     3.38804e+01
   1.51879     3.29869e+01
   1.53118     3.22335e+01
   1.54377     3.22213e+01
   1.55620     3.19553e+01
   1.56872     3.04315e+01
   1.58120     3.00383e+01
   1.59371     2.94196e+01
   1.60599     2.86009e+01
   1.61865     2.83523e+01
   1.63133     2.80524e+01
   1.64389     2.67825e+01
   1.65620     2.64744e+01
   1.66875     2.60322e+01
   1.68124     2.58051e+01
   1.69373     2.50042e+01
   1.70613     2.50559e+01
   1.71876     2.42262e+01
   1.73122     2.38446e+01
   1.74388     2.30889e+01
   1.75630     2.26455e+01
   1.76889     2.22201e+01
   1.78135     2.12695e+01
   1.79367     2.09675e+01
   1.80623     2.08261e+01
   1.81883     1.99778e+01
   1.83105     2.02597e+01
   1.84372     1.92244e+01
   1.85626     1.90216e+01
   1.86877     1.92997e+01
   1.88126     1.89317e+01
   1.89376     1.86239e+01
   1.90612     1.79576e+01
   1.91872     1.79773e+01
   1.93133     1.70510e+01
   1.94390     1.67330e+01
   1.95627     1.63919e+01
   1.96884     1.63413e+01
   1.98128     1.59993e+01
   1.99360     1.54814e+01
   2.00601     1.49524e+01
   2.01865     1.47885e+01
   2.03129     1.50915e+01
   2.04372     1.40122e+01
   2.05627     1.38781e+01
   2.06890     1.37562e+01
   2.08129     1.35242e+01
   2.09355     1.28937e+01
   2.10609     1.27150e+01
   2.11865     1.25612e+01
   2.13110     1.20067e+01
   2.14358     1.23818e+01
   2.15632     1.18119e+01
   2.16888     1.15558e+01
   2.18136     1.10377e+01
   2.19375     1.12182e+01
   2.20648     1.08647e+01
   2.21891     1.04877e+01
   2.23127     1.04143e+01
   2.24362     1.00918e+01
   2.25610     9.63025e+00
   2.26860     9.57175e+00
   2.28134     9.55533e+00
   2.29396     9.22111e+00
   2.30651     8.81189e+00
   2.31883     8.74503e+00
   2.33131     8.68204e+00
   2.34379     8.43924e+00
   2.35620     8.06512e+00
   2.36856     8.05387e+00
   2.38127     7.88094e+00
   2.39387     7.40310e+00
   2.40629     7.27254e+00
   2.41869     7.14980e+00
   2.43124     6.97392e+00
   2.44369     6.91175e+00
   2.45637     6.73424e+00
   2.46879     6.49152e+00
   2.48121     6.12620e+00
   2.49370     6.25095e+00
   2.50623     5.89170e+00
   2.51865     5.87913e+00
   2.53107     5.64274e+00
   2.54368     5.66544e+00
   2.55639     5.43640e+00
   2.56875     5.23020e+00
   2.58134     5.14752e+00
   2.59382     5.00099e+00
   2.60628     4.57561e+00
   2.61873     4.55680e+00
   2.63125     4.42374e+00
   2.64375     4.39827e+00
   2.65626     4.11263e+00
   2.66870     4.02134e+00
   2.68122     4.03832e+00
   2.69374     3.65570e+00
   2.70638     3.76258e+00
   2.71888     3.38453e+00
   2.73125     3.29411e+00
   2.74389     3.11790e+00
   2.75628     2.98870e+00
   2.76868     2.86546e+00
   2.78115     2.82772e+00
   2.79379     2.55477e+00
   2.80639     2.50715e+00
   2.81871     2.39793e+00
   2.83124     2.29123e+00
   2.84389     2.06127e+00
   2.85622     2.01551e+00
   2.86878     1.89466e+00
   2.88116     1.56957e+00
   2.89358     1.57638e+00
   2.90611     1.45571e+00
   2.91881     1.40835e+00
   2.93135     1.22267e+00
   2.94381     1.16868e+00
   2.95620     1.19106e+00
   2.96870     1.06103e+00
   2.98120     8.93638e-01
   2.99376     7.96765e-01
   3.00626     7.65035e-01
   3.01885     6.84328e-01
   3.03130     4.71622e-01
   3.04377     4.59276e-01
   3.05623     3.34256e-01
   3.06869     2.48376e-01
   3.08114     1.77599e-01
   3.09378     1.21010e-01
   3.10624    -1.35497e-02
   3.11878    -1.59795e-01
   3.13134    -1.89722e-01
   3.14383    -3.12078e-01
   3.15628    -4.51034e-01
   3.16884    -4.91475e-01
   3.18136    -6.61685e-01
   3.19383    -7.97327e-01
   3.20620    -9.35493e-01
   3.21875    -1.07616e+00
   3.23127    -9.93686e-01
   3.24385    -1.13639e+00
   3.25632    -1.14234e+00
   3.26882    -1.24015e+00
   3.28133    -1.45158e+00
   3.29378    -1.50547e+00
   3.30621    -1.56285e+00
   3.31875    -1.70147e+00
   3.33129    -1.68757e+00
   3.34376    -1.85059e+00
   3.35620    -1.84696e+00
   3.36875    -1.95835e+00
   3.38131    -2.06117e+00
   3.39380    -2.13209e+00
   3.40627    -2.12247e+00
   3.41876    -2.27633e+00
   3.43124    -2.30697e+00
   3.44372    -2.40370e+00
   3.45640    -2.43321e+00
   3.46891    -2.53300e+00
   3.48134    -2.60505e+00
   3.49375    -2.76804e+00
   3.50630    -2.86480e+00
   3.51882    -2.86649e+00
   3.53127    -3.01572e+00
   3.54369    -3.11292e+00
   3.55628    -3.11758e+00
   3.56869    -3.09944e+00
   3.58119    -3.17649e+00
   3.59375    -3.17389e+00
   3.60629    -3.38398e+00
   3.61878    -3.43481e+00
   3.63126    -3.54815e+00
   3.64371    -3.56896e+00
   3.65630    -3.64592e+00
   3.66876    -3.64215e+00
   3.68123    -3.75269e+00
   3.69375    -3.84741e+00
   3.70626    -3.86195e+00
   3.71877    -3.97144e+00
   3.73139    -4.05831e+00
   3.74372    -4.10353e+00
   3.75625    -4.12227e+00
   3.76880    -4.19646e+00
   3.78124    -4.32030e+00
   3.79373    -4.29843e+00
   3.80635    -4.31974e+00
   3.81877    -4.44662e+00
   3.83124    -4.47929e+00
   3.84376    -4.58163e+00
   3.85635    -4.59074e+00
   3.86882    -4.61428e+00
   3.88122    -4.72001e+00
   3.89365    -4.85976e+00
   3.90632    -4.81538e+00
   3.91889    -4.96265e+00
   3.93133    -4.98393e+00
   3.94373    -5.02587e+00
   3.95623    -5.14503e+00
   3.96866    -5.13623e+00
   3.98123    -5.14776e+00
   3.99373    -5.21590e+00
   4.00625    -5.27903e+00
   4.01870    -5.29906e+00
   4.03118    -5.30264e+00
   4.04374    -5.49189e+00
   4.05624    -5.53147e+00
   4.06881    -5.49721e+00
   4.08134    -5.59467e+00
   4.09380    -5.65515e+00
   4.10620    -5.69859e+00
   4.11874    -5.79109e+00
   4.13120    -5.83907e+00
   4.14377    -5.89586e+00
   4.15631    -5.93816e+00
   4.16881    -5.96540e+00
   4.18137    -5.96828e+00
   4.19383    -6.05539e+00
   4.20619    -6.12191e+00
   4.21870    -6.16757e+00
   4.23112    -6.21554e+00
   4.24368    -6.25988e+00
   4.25627    -6.32819e+00
   4.26880    -6.28672e+00
   4.28128    -6.36204e+00
   4.29387    -6.47520e+00
   4.30632    -6.52057e+00
   4.31885    -6.55505e+00
   4.33130    -6.61053e+00
   4.34381    -6.61563e+00
   4.35632    -6.68631e+00
   4.36880    -6.71531e+00
   4.38125    -6.77212e+00
   4.39378    -6.82984e+00
   4.40625    -6.80081e+00
   4.41877    -6.94182e+00
   4.43122    -6.92749e+00
   4.44377    -7.00123e+00
   4.45625    -7.06799e+00
   4.46877    -7.07371e+00
   4.48129    -7.16284e+00
   4.49376    -7.17669e+00
   4.50616    -7.20371e+00
   4.51874    -7.25088e+00
   4.53127    -7.26696e+00
   4.54376    -7.36863e+00
   4.55621    -7.40160e+00
   4.56875    -7.43738e+00
   4.58125    -7.48745e+00
   4.59379    -7.48822e+00
   4.60625    -7.53052e+00
   4.61876    -7.54852e+00
   4.63127    -7.62644e+00
   4.64379    -7.67820e+00
   4.65623    -7.67670e+00
   4.66878    -7.70118e+00
   4.68132    -7.78678e+00
   4.69382    -7.78700e+00
   4.70628    -7.86635e+00
   4.71875    -7.92304e+00
   4.73126    -7.95162e+00
   4.74373    -7.96274e+00
   4.75631    -8.02648e+00
   4.76881    -8.05397e+00
   4.78124    -8.11529e+00
   4.79372    -8.09526e+00
   4.80627    -8.17641e+00
   4.81874    -8.16720e+00
   4.83126    -8.21520e+00
   4.84373    -8.24322e+00
   4.85623    -8.28997e+00
   4.86871    -8.35623e+00
   4.88131    -8.36583e+00
   4.89379    -8.42233e+00
   4.90628    -8.45833e+00
   4.91878    -8.45607e+00
   4.93134    -8.49661e+00
   4.94382    -8.57207e+00
   4.95620    -8.60065e+00
   4.96868    -8.59002e+00
   4.98126    -8.66211e+00
   4.99376    -8.66901e+00
   5.00628    -8.71253e+00
   5.01875    -8.72452e+00
   5.03130    -8.78153e+00
   5.04371    -8.80021e+00
   5.05622    -8.84251e+00
   5.06881    -8.89324e+00
   5.08135    -8.88642e+00
   5.09373    -8.89921e+00
   5.10623    -8.97008e+00
   5.11881    -9.00583e+00
   5.13131    -9.03537e+00
   5.14374    -9.10716e+00
   5.15625    -9.08884e+00
   5.16877    -9.11541e+00
   5.18129    -9.16662e+00
   5.19371    -9.20239e+00
   5.20625    -9.19980e+00
   5.21875    -9.22938e+00
   5.23123    -9.27497e+00
   5.24379    -9.29051e+00
   5.25634    -9.31204e+00
   5.26874    -9.36983e+00
   5.28131    -9.38133e+00
   5.29381    -9.39554e+00
   5.30624    -9.41246e+00
   5.31872    -9.47790e+00
   5.33129    -9.49775e+00
   5.34379    -9.55615e+00
   5.35625    -9.54148e+00
   5.36870    -9.58453e+00
   5.38124    -9.58841e+00
   5.39374    -9.64597e+00
   5.40623    -9.68240e+00
   5.41876    -9.68477e+00
   5.43126    -9.72758e+00
   5.44380    -9.73954e+00
   5.45628    -9.74266e+00
   5.46874    -9.80631e+00
   5.48120    -9.79985e+00
   5.49374    -9.83827e+00
   5.50624    -9.86628e+00
   5.51876    -9.89294e+00
   5.53124    -9.89504e+00
   5.54372    -9.93762e+00
   5.55619    -9.98894e+00
   5.56876    -1.00148e+01
   5.58121    -1.00013e+01
   5.59376    -1.00532e+01
   5.60632    -1.00690e+01
   5.61877    -1.00932e+01
   5.63124    -1.01278e+01
   5.64374    -1.01459e+01
   5.65626    -1.01479e+01
   5.66881    -1.01921e+01
   5.68122    -1.02290e+01
   5.69378    -1.02413e+01
   5.70630    -1.02422e+01
   5.71878    -1.02881e+01
   5.73124    -1.03011e+01
   5.74378    -1.03157e+01
   5.75626    -1.03513e+01
   5.76874    -1.03800e+01
   5.78126    -1.03910e+01
   5.79374    -1.04152e+01
   5.80619    -1.04448e+01
   5.81877    -1.04511e+01
   5.83124    -1.05004e+01
   5.84375    -1.05095e+01
   5.85626    -1.05332e+01
   5.86877    -1.05207e+01
   5.88125    -1.05846e+01
   5.89380    -1.05689e+01
   5.90629    -1.06082e+01
   5.91878    -1.06007e+01
   5.93125    -1.06341e+01
   5.94374    -1.06378e+01
   5.95623    -1.06806e+01
   5.96873    -1.06642e+01
   5.98119    -1.07269e+01
   5.99368    -1.07229e+01
   6.00617    -1.07628e+01
   6.01869    -1.07399e+01
   6.03121    -1.07946e+01
   6.04379    -1.08182e+01
   6.05632    -1.08303e+01
   6.06875    -1.08407e+01
   6.08125    -1.08689e+01
   6.09380    -1.08681e+01
   6.10622    -1.09063e+01
   6.11866    -1.08987e+01
   6.13125    -1.09470e+01
   6.14376    -1.09341e+01
   6.15627    -1.09556e+01
   6.16872    -1.09765e+01
   6.18128    -1.09996e+01
   6.19379    -1.10107e+01
   6.20622    -1.10378e+01
   6.21867    -1.10436e+01
   6.23124    -1.10809e+01
   6.24376    -1.10664e+01
   6.25623    -1.10915e+01
   6.26873    -1.11121e+01
   6.28132    -1.11302e+01
