# Redshift space power spectrum multipoles.
# Subtracting SN=    0.00000e+00 from monopole.
#        k              P0              P2              P4
   0.00920     6.99744e+08    -6.82546e+05     1.22919e+07
   0.01534     2.84909e+08    -1.50044e+06     1.91202e+08
   0.02148     6.43701e+07    -5.56445e+05    -3.83273e+07
   0.02761     3.14912e+06    -7.74283e+03    -7.49605e+06
   0.03375     7.11467e+06    -1.23521e+05     2.14072e+07
   0.03988     7.25251e+06    -1.36633e+05     2.22752e+07
   0.04602     2.22672e+06    -3.17504e+05     6.64848e+06
   0.05216     2.23410e+05    -1.58355e+04    -2.85102e+05
   0.05829     7.90970e+05     2.65124e+04     2.88849e+06
   0.06443     1.03031e+06    -3.80615e+04     4.25918e+06
   0.07056     4.28857e+05    -4.96579e+04     1.48160e+06
   0.07670     5.08276e+04    -7.96577e+03     8.44285e+03
   0.08283     1.96509e+05     9.71780e+03     8.27717e+05
   0.08897     3.12975e+05     1.00385e+01     1.37365e+06
   0.09511     1.19054e+05     1.02134e+03     4.72638e+05
   0.10124     1.58156e+04     1.91358e+03     6.85380e+03
   0.10738     6.62609e+04    -1.38851e+04     2.53961e+05
   0.11351     1.03081e+05    -2.55851e+04     4.46129e+05
   0.11965     4.83578e+04    -1.27977e+04     1.83451e+05
   0.12579     7.12433e+03     8.88886e+02     2.27886e+03
   0.13192     3.12468e+04    -1.50025e+03     1.29143e+05
   0.13806     4.90230e+04    -6.81364e+03     2.12898e+05
   0.14419     2.06782e+04    -2.39285e+03     7.85851e+04
   0.15033     4.05327e+03     9.97653e+01     1.54933e+03
   0.15647     1.66761e+04    -4.99364e+03     6.43728e+04
   0.16260     2.62507e+04    -8.04804e+03     1.10667e+05
   0.16874     1.23430e+04    -2.96650e+03     4.68084e+04
   0.17487     3.05955e+03    -4.82487e+02     3.96598e+03
   0.18101     9.97880e+03    -4.62248e+03     3.67274e+04
   0.18715     1.43873e+04    -6.36836e+03     5.79174e+04
   0.19328     7.74227e+03    -2.36177e+03     2.66424e+04
   0.19942     1.97271e+03     5.69055e+01     7.40735e+02
   0.20555     6.00799e+03    -3.35183e+03     1.95424e+04
   0.21169     9.37758e+03    -5.65566e+03     3.51864e+04
   0.21783     5.14096e+03    -2.35336e+03     1.65703e+04
   0.22396     1.61170e+03     2.16997e+01     5.37664e+02
   0.23010     4.00874e+03    -2.35745e+03     1.16258e+04
   0.23623     5.96415e+03    -4.16839e+03     2.08792e+04
   0.24237     3.49904e+03    -1.96780e+03     9.74116e+03
   0.24850     1.47160e+03    -2.54059e+02     9.84285e+02
   0.25464     2.76772e+03    -1.65916e+03     7.21152e+03
   0.26078     4.27801e+03    -3.24733e+03     1.41016e+04
   0.26691     2.42653e+03    -1.43525e+03     6.06248e+03
   0.27305     1.08337e+03    -1.60296e+02     3.22618e+02
   0.27918     2.29364e+03    -1.53751e+03     5.84797e+03
   0.28532     2.93986e+03    -2.34410e+03     8.82305e+03
   0.29146     1.92472e+03    -1.32125e+03     4.53768e+03
   0.29759     9.65387e+02    -2.57812e+02     3.42864e+02
   0.30373     1.69103e+03    -1.17185e+03     3.61131e+03
   0.30986     2.32882e+03    -1.99069e+03     6.54413e+03
   0.31600     1.51985e+03    -1.05128e+03     3.18441e+03
   0.32214     8.55137e+02    -2.96983e+02     4.77085e+02
   0.32827     1.33667e+03    -9.29245e+02     2.44386e+03
   0.33441     1.86684e+03    -1.63344e+03     4.73093e+03
   0.34054     1.23547e+03    -8.00899e+02     2.27991e+03
   0.34668     7.23473e+02    -1.65943e+02     2.63401e+02
   0.35282     1.20532e+03    -9.05226e+02     2.29567e+03
   0.35895     1.45572e+03    -1.29749e+03     3.34776e+03
   0.36509     1.09131e+03    -8.26922e+02     1.92670e+03
   0.37122     6.74603e+02    -2.99959e+02     2.58735e+02
   0.37736     9.74486e+02    -8.50529e+02     1.45808e+03
   0.38350     1.25018e+03    -1.28976e+03     2.57835e+03
   0.38963     9.33671e+02    -7.56850e+02     1.35231e+03
   0.39577     6.52403e+02    -3.37917e+02     3.24032e+02
   0.40190     8.21074e+02    -6.71983e+02     1.06246e+03
   0.40804     1.03359e+03    -1.04118e+03     1.97940e+03
   0.41417     7.86038e+02    -5.98493e+02     1.06173e+03
   0.42031     5.71288e+02    -2.12720e+02     2.72642e+02
   0.42645     7.42402e+02    -5.27964e+02     9.52121e+02
   0.43258     8.91430e+02    -8.24179e+02     1.52785e+03
   0.43872     6.94915e+02    -5.02147e+02     8.32463e+02
   0.44485     5.29443e+02    -2.14152e+02     2.90329e+02
   0.45099     6.73148e+02    -4.75266e+02     8.71721e+02
   0.45713     7.94821e+02    -7.18829e+02     1.33719e+03
   0.46326     6.31635e+02    -4.54355e+02     7.14681e+02
   0.46940     4.96021e+02    -2.20895e+02     2.13545e+02
   0.47553     5.85216e+02    -3.99181e+02     5.78035e+02
   0.48167     6.94022e+02    -6.06664e+02     1.01586e+03
   0.48781     5.71121e+02    -3.99469e+02     6.07791e+02
   0.49394     4.63189e+02    -2.05621e+02     2.38746e+02
   0.50008     5.58098e+02    -3.95106e+02     6.54966e+02
   0.50621     6.13397e+02    -5.11189e+02     8.84327e+02
   0.51235     5.23595e+02    -3.66260e+02     5.84025e+02
   0.51849     4.28687e+02    -2.05349e+02     2.24522e+02
   0.52462     4.91667e+02    -3.37999e+02     4.57990e+02
   0.53076     5.46793e+02    -4.41895e+02     6.81606e+02
   0.53689     4.81379e+02    -3.06610e+02     4.59752e+02
   0.54303     4.13554e+02    -1.82039e+02     2.19371e+02
   0.54917     4.62486e+02    -2.85622e+02     3.77458e+02
   0.55530     5.19822e+02    -4.07906e+02     6.08882e+02
   0.56144     4.52361e+02    -2.73263e+02     4.08536e+02
   0.56757     3.84190e+02    -1.42878e+02     1.79499e+02
   0.57371     4.15633e+02    -2.29937e+02     2.83149e+02
   0.57984     4.50558e+02    -3.20085e+02     4.25160e+02
   0.58598     4.06548e+02    -2.20419e+02     2.85333e+02
   0.59212     3.70486e+02    -1.40752e+02     1.85530e+02
   0.59825     4.11425e+02    -2.36501e+02     3.57342e+02
   0.60439     4.45203e+02    -3.28368e+02     4.94951e+02
   0.61052     3.98736e+02    -2.27505e+02     3.30420e+02
   0.61666     3.66674e+02    -1.46046e+02     2.18557e+02
   0.62280     4.04109e+02    -2.16466e+02     3.49106e+02
   0.62893     4.34049e+02    -2.83595e+02     4.47530e+02
   0.63507     3.91602e+02    -1.99992e+02     2.87106e+02
   0.64120     3.59419e+02    -1.27843e+02     1.75219e+02
   0.64734     3.90637e+02    -2.00484e+02     3.24613e+02
   0.65348     4.04619e+02    -2.38497e+02     4.00591e+02
   0.65961     3.72077e+02    -1.77255e+02     2.96305e+02
   0.66575     3.40713e+02    -1.17257e+02     1.88939e+02
   0.67188     3.53365e+02    -1.68597e+02     2.52559e+02
   0.67802     3.72125e+02    -2.27832e+02     3.39665e+02
   0.68416     3.40667e+02    -1.69556e+02     2.43530e+02
   0.69029     3.19685e+02    -1.20488e+02     1.65421e+02
   0.69643     3.39622e+02    -1.58763e+02     2.36471e+02
   0.70256     3.62041e+02    -2.08455e+02     3.11659e+02
   0.70870     3.35797e+02    -1.64090e+02     2.31773e+02
   0.71484     3.11923e+02    -1.19390e+02     1.49888e+02
   0.72097     3.31697e+02    -1.61280e+02     2.25268e+02
   0.72711     3.47109e+02    -1.90503e+02     2.83414e+02
   0.73324     3.24302e+02    -1.45542e+02     2.18654e+02
   0.73938     3.00666e+02    -1.03675e+02     1.48241e+02
   0.74551     3.13904e+02    -1.40730e+02     2.01103e+02
   0.75165     3.27253e+02    -1.76101e+02     2.59199e+02
   0.75779     3.08376e+02    -1.36115e+02     1.98827e+02
   0.76392     2.89864e+02    -1.03960e+02     1.46715e+02
   0.77006     3.00484e+02    -1.31439e+02     1.88051e+02
   0.77619     3.15306e+02    -1.59582e+02     2.41973e+02
   0.78233     3.01562e+02    -1.20163e+02     1.93190e+02
   0.78847     2.91074e+02    -9.70907e+01     1.48415e+02
   0.79460     2.98094e+02    -1.31154e+02     1.82337e+02
   0.80074     2.99870e+02    -1.54162e+02     2.02396e+02
   0.80687     2.87121e+02    -1.29609e+02     1.57827e+02
   0.81301     2.75429e+02    -9.89262e+01     1.24255e+02
   0.81915     2.85642e+02    -1.20892e+02     1.63736e+02
   0.82528     2.93752e+02    -1.36248e+02     2.00868e+02
   0.83142     2.82893e+02    -1.04622e+02     1.60268e+02
   0.83755     2.72497e+02    -8.21921e+01     1.33718e+02
   0.84369     2.79971e+02    -1.08122e+02     1.64521e+02
   0.84983     2.84542e+02    -1.23881e+02     1.85661e+02
   0.85596     2.71284e+02    -9.12827e+01     1.40951e+02
   0.86210     2.61322e+02    -6.60615e+01     1.10823e+02
   0.86823     2.70524e+02    -8.91942e+01     1.50927e+02
   0.87437     2.78789e+02    -1.10884e+02     1.80337e+02
   0.88050     2.67471e+02    -8.79253e+01     1.46274e+02
   0.88664     2.58386e+02    -7.17301e+01     1.17441e+02
   0.89278     2.65679e+02    -9.31085e+01     1.36689e+02
   0.89891     2.72502e+02    -1.11352e+02     1.61091e+02
   0.90505     2.60264e+02    -8.92050e+01     1.35393e+02
   0.91118     2.48168e+02    -7.06004e+01     1.18747e+02
   0.91732     2.52177e+02    -8.41785e+01     1.40624e+02
   0.92346     2.59663e+02    -1.00188e+02     1.59648e+02
   0.92959     2.53868e+02    -8.05104e+01     1.35322e+02
   0.93573     2.46868e+02    -6.11300e+01     1.13169e+02
   0.94186     2.51731e+02    -7.42885e+01     1.28528e+02
   0.94800     2.54582e+02    -8.73574e+01     1.37661e+02
   0.95414     2.48795e+02    -7.97974e+01     1.18419e+02
   0.96027     2.42482e+02    -6.80120e+01     9.29998e+01
   0.96641     2.45452e+02    -7.86624e+01     1.10130e+02
   0.97254     2.46549e+02    -8.56723e+01     1.24674e+02
   0.97868     2.39262e+02    -6.88680e+01     1.07078e+02
   0.98482     2.34666e+02    -6.07660e+01     9.27095e+01
   0.99095     2.36906e+02    -7.39038e+01     1.08918e+02
   0.99709     2.38873e+02    -8.70685e+01     1.21076e+02
   1.00322     2.31106e+02    -7.29080e+01     9.94808e+01
   1.00936     2.26561e+02    -6.15434e+01     8.25452e+01
   1.01550     2.30083e+02    -7.17525e+01     9.88946e+01
   1.02163     2.33378e+02    -8.00948e+01     1.15815e+02
   1.02777     2.26054e+02    -6.49689e+01     1.03367e+02
   1.03390     2.18912e+02    -4.99069e+01     8.17108e+01
   1.04004     2.20690e+02    -5.75534e+01     8.66378e+01
   1.04617     2.22437e+02    -6.73069e+01     9.31494e+01
   1.05231     2.17712e+02    -6.05569e+01     8.26791e+01
   1.05845     2.14057e+02    -5.26791e+01     7.19423e+01
   1.06458     2.15507e+02    -5.63531e+01     7.78415e+01
   1.07072     2.18222e+02    -6.15257e+01     8.10682e+01
   1.07685     2.14415e+02    -5.57894e+01     7.09126e+01
   1.08299     2.10438e+02    -5.21397e+01     6.39972e+01
   1.08913     2.11037e+02    -5.90062e+01     7.70046e+01
   1.09526     2.11816e+02    -6.14855e+01     8.47405e+01
   1.10140     2.09527e+02    -5.19934e+01     7.26117e+01
   1.10753     2.06853e+02    -4.23154e+01     6.48648e+01
   1.11367     2.09897e+02    -4.82112e+01     7.45193e+01
   1.11981     2.12374e+02    -5.29043e+01     8.59041e+01
   1.12594     2.08438e+02    -4.38781e+01     7.37040e+01
   1.13208     2.04561e+02    -3.99727e+01     6.83884e+01
   1.13821     2.05543e+02    -4.85556e+01     7.91232e+01
   1.14435     2.08005e+02    -5.38165e+01     8.20733e+01
   1.15049     2.06022e+02    -4.52351e+01     6.46720e+01
   1.15662     2.03045e+02    -3.59025e+01     5.10278e+01
   1.16276     2.02801e+02    -3.87424e+01     5.92313e+01
   1.16889     2.02874e+02    -4.38342e+01     6.64160e+01
   1.17503     1.97930e+02    -3.95537e+01     6.13084e+01
   1.18117     1.94889e+02    -3.47798e+01     6.09130e+01
   1.18730     1.97260e+02    -3.49607e+01     6.95531e+01
   1.19344     1.98547e+02    -3.57339e+01     7.43957e+01
   1.19957     1.94977e+02    -3.53664e+01     6.67888e+01
   1.20571     1.92316e+02    -3.81333e+01     5.80466e+01
   1.21184     1.94451e+02    -4.34885e+01     5.93065e+01
   1.21798     1.96178e+02    -4.32406e+01     5.95684e+01
   1.22412     1.93768e+02    -3.54741e+01     5.71530e+01
   1.23025     1.89860e+02    -2.87145e+01     4.77541e+01
   1.23639     1.90124e+02    -3.17089e+01     4.97140e+01
   1.24252     1.90830e+02    -3.31673e+01     5.17133e+01
   1.24866     1.88224e+02    -2.82802e+01     4.71031e+01
   1.25480     1.84493e+02    -2.47597e+01     4.72421e+01
   1.26093     1.84230e+02    -3.15053e+01     5.57151e+01
   1.26707     1.84408e+02    -3.58689e+01     5.86610e+01
   1.27320     1.82876e+02    -3.31098e+01     5.03790e+01
   1.27934     1.81586e+02    -2.99709e+01     4.12625e+01
   1.28548     1.82026e+02    -3.03484e+01     4.11818e+01
   1.29161     1.81916e+02    -3.04295e+01     4.61712e+01
   1.29775     1.78904e+02    -2.60017e+01     4.58767e+01
   1.30388     1.77359e+02    -2.38266e+01     4.12082e+01
   1.31002     1.78395e+02    -2.63227e+01     4.35269e+01
   1.31616     1.78712e+02    -2.67092e+01     4.79635e+01
   1.32229     1.77465e+02    -2.34722e+01     4.89822e+01
   1.32843     1.76557e+02    -2.11193e+01     4.57635e+01
   1.33456     1.77678e+02    -2.70353e+01     4.83752e+01
   1.34070     1.77115e+02    -2.96433e+01     4.70865e+01
   1.34684     1.75528e+02    -2.68433e+01     4.13721e+01
   1.35297     1.74441e+02    -2.47228e+01     3.39535e+01
   1.35911     1.74847e+02    -2.81663e+01     3.51265e+01
   1.36524     1.74749e+02    -3.00641e+01     3.63491e+01
   1.37138     1.73402e+02    -2.53078e+01     3.02606e+01
   1.37751     1.71613e+02    -2.04081e+01     3.08224e+01
   1.38365     1.71190e+02    -2.01152e+01     4.06405e+01
   1.38979     1.69278e+02    -2.25110e+01     4.84398e+01
   1.39592     1.66248e+02    -2.12928e+01     4.28265e+01
   1.40206     1.64881e+02    -1.98295e+01     3.51109e+01
   1.40819     1.65731e+02    -2.13046e+01     3.16427e+01
   1.41433     1.66571e+02    -2.36802e+01     3.50026e+01
   1.42047     1.65465e+02    -2.17270e+01     3.20363e+01
   1.42660     1.64291e+02    -1.92522e+01     2.91437e+01
   1.43274     1.64305e+02    -2.08776e+01     3.35504e+01
   1.43887     1.64601e+02    -2.32866e+01     3.74182e+01
   1.44501     1.63486e+02    -1.94950e+01     3.40015e+01
   1.45115     1.61398e+02    -1.44678e+01     2.87492e+01
   1.45728     1.60711e+02    -1.31219e+01     3.13828e+01
   1.46342     1.60495e+02    -1.51461e+01     3.51988e+01
   1.46955     1.59169e+02    -1.60743e+01     3.45843e+01
   1.47569     1.57737e+02    -1.50336e+01     3.04631e+01
   1.48183     1.57792e+02    -1.62284e+01     3.11580e+01
   1.48796     1.57936e+02    -1.65468e+01     3.12236e+01
   1.49410     1.57433e+02    -1.39377e+01     2.77117e+01
   1.50023     1.56530e+02    -1.25182e+01     2.46259e+01
   1.50637     1.55836e+02    -1.50645e+01     2.68796e+01
   1.51251     1.56217e+02    -1.72192e+01     2.75852e+01
   1.51864     1.55628e+02    -1.57550e+01     2.40679e+01
   1.52478     1.54698e+02    -1.38768e+01     2.23110e+01
   1.53091     1.53382e+02    -1.26252e+01     2.12418e+01
   1.53705     1.52254e+02    -1.37613e+01     2.15886e+01
   1.54318     1.50827e+02    -1.24172e+01     1.86307e+01
   1.54932     1.49800e+02    -1.09155e+01     1.85853e+01
   1.55546     1.50477e+02    -1.20236e+01     1.97456e+01
   1.56159     1.50642e+02    -1.26522e+01     1.93000e+01
   1.56773     1.49342e+02    -1.24991e+01     2.01673e+01
   1.57386     1.47444e+02    -1.17041e+01     1.99421e+01
   1.58000     1.46421e+02    -1.18858e+01     1.99920e+01
   1.58614     1.46100e+02    -1.16645e+01     1.75781e+01
   1.59227     1.45065e+02    -9.36210e+00     1.44029e+01
   1.59841     1.44192e+02    -6.68667e+00     1.20914e+01
   1.60454     1.44172e+02    -7.11117e+00     1.46855e+01
   1.61068     1.44312e+02    -8.59285e+00     1.93829e+01
   1.61682     1.44467e+02    -9.61335e+00     2.03939e+01
   1.62295     1.43834e+02    -1.09696e+01     2.07585e+01
   1.62909     1.43359e+02    -1.33903e+01     1.77114e+01
   1.63522     1.42691e+02    -1.43683e+01     1.61283e+01
   1.64136     1.41767e+02    -1.16779e+01     1.34279e+01
   1.64750     1.40920e+02    -8.68615e+00     1.39306e+01
   1.65363     1.40562e+02    -8.37414e+00     1.65004e+01
   1.65977     1.40031e+02    -1.09235e+01     1.77110e+01
   1.66590     1.38513e+02    -1.23084e+01     1.54177e+01
   1.67204     1.37009e+02    -1.20881e+01     1.44717e+01
   1.67817     1.36751e+02    -1.11006e+01     1.48189e+01
   1.68431     1.37075e+02    -9.81433e+00     1.83402e+01
   1.69045     1.36800e+02    -9.47265e+00     1.92410e+01
   1.69658     1.36050e+02    -8.82515e+00     1.61964e+01
   1.70272     1.35783e+02    -8.21109e+00     1.48453e+01
   1.70885     1.35591e+02    -8.73655e+00     1.53036e+01
   1.71499     1.34577e+02    -8.60746e+00     1.66943e+01
   1.72113     1.34086e+02    -8.56859e+00     1.69554e+01
   1.72726     1.33642e+02    -8.90860e+00     1.85049e+01
   1.73340     1.33228e+02    -9.35624e+00     1.83399e+01
   1.73953     1.32388e+02    -8.55064e+00     1.61668e+01
   1.74567     1.32019e+02    -7.76417e+00     1.62660e+01
   1.75181     1.31865e+02    -8.64184e+00     1.64443e+01
   1.75794     1.31350e+02    -1.02324e+01     1.59835e+01
   1.76408     1.30254e+02    -1.05751e+01     1.19413e+01
   1.77021     1.29739e+02    -1.07293e+01     1.13271e+01
   1.77635     1.29399e+02    -1.06723e+01     1.32048e+01
   1.78249     1.28838e+02    -9.61168e+00     1.37080e+01
   1.78862     1.28036e+02    -7.17706e+00     1.07725e+01
   1.79476     1.27793e+02    -6.52759e+00     9.27129e+00
   1.80089     1.27617e+02    -6.27646e+00     1.07443e+01
   1.80703     1.27280e+02    -6.36291e+00     1.30737e+01
   1.81317     1.25941e+02    -4.56377e+00     1.42288e+01
   1.81930     1.24762e+02    -4.23337e+00     1.56202e+01
   1.82544     1.24196e+02    -5.93187e+00     1.46880e+01
   1.83157     1.24241e+02    -7.71597e+00     1.34981e+01
   1.83771     1.23599e+02    -8.08608e+00     1.33987e+01
   1.84384     1.22904e+02    -7.34186e+00     1.43556e+01
   1.84998     1.22539e+02    -7.16110e+00     1.50690e+01
   1.85612     1.22130e+02    -8.03664e+00     1.35107e+01
   1.86225     1.21408e+02    -7.33036e+00     1.10058e+01
   1.86839     1.20619e+02    -5.98669e+00     9.95369e+00
   1.87452     1.20373e+02    -5.98693e+00     1.11461e+01
   1.88066     1.20055e+02    -6.43955e+00     1.04681e+01
   1.88680     1.19341e+02    -6.75580e+00     9.05995e+00
   1.89293     1.18770e+02    -6.57463e+00     8.92023e+00
   1.89907     1.18483e+02    -6.56274e+00     9.02225e+00
   1.90520     1.17799e+02    -6.43214e+00     9.80963e+00
   1.91134     1.17029e+02    -6.49269e+00     9.39873e+00
   1.91748     1.17047e+02    -6.13661e+00     9.09369e+00
   1.92361     1.17548e+02    -6.49684e+00     9.04413e+00
   1.92975     1.17325e+02    -6.94354e+00     8.73396e+00
   1.93588     1.16216e+02    -6.42458e+00     9.13474e+00
   1.94202     1.15279e+02    -5.42840e+00     9.02614e+00
   1.94816     1.15011e+02    -4.94640e+00     9.21631e+00
   1.95429     1.14769e+02    -5.60972e+00     9.88854e+00
   1.96043     1.14156e+02    -5.28305e+00     8.92381e+00
   1.96656     1.13559e+02    -4.33645e+00     8.07223e+00
   1.97270     1.13048e+02    -4.06192e+00     9.42621e+00
   1.97884     1.12524e+02    -3.56685e+00     1.10253e+01
   1.98497     1.12220e+02    -3.33836e+00     1.11345e+01
   1.99111     1.11770e+02    -4.26656e+00     1.02025e+01
   1.99724     1.11442e+02    -6.38057e+00     1.05031e+01
   2.00338     1.11153e+02    -7.35169e+00     1.07126e+01
   2.00951     1.10359e+02    -6.94960e+00     1.09053e+01
   2.01565     1.09615e+02    -6.70398e+00     1.07009e+01
   2.02179     1.09246e+02    -6.68917e+00     9.05716e+00
   2.02792     1.09113e+02    -5.61700e+00     9.14589e+00
   2.03406     1.08960e+02    -3.05754e+00     9.23724e+00
   2.04019     1.08215e+02    -1.73570e+00     1.08708e+01
   2.04633     1.07550e+02    -2.65268e+00     1.08801e+01
   2.05247     1.07009e+02    -4.25490e+00     9.78003e+00
   2.05860     1.06876e+02    -4.51513e+00     7.83653e+00
   2.06474     1.06657e+02    -4.83362e+00     7.25644e+00
   2.07087     1.06422e+02    -6.62579e+00     9.45658e+00
   2.07701     1.06050e+02    -7.74654e+00     1.04563e+01
   2.08315     1.05642e+02    -6.92936e+00     1.00946e+01
   2.08928     1.04689e+02    -4.19170e+00     7.72670e+00
   2.09542     1.03970e+02    -2.92917e+00     6.83447e+00
   2.10155     1.03499e+02    -2.60408e+00     8.36831e+00
   2.10769     1.03477e+02    -2.20576e+00     8.74103e+00
   2.11383     1.03041e+02    -1.71460e+00     1.04978e+01
   2.11996     1.02249e+02    -1.60209e+00     9.61340e+00
   2.12610     1.01599e+02    -2.03774e+00     9.96276e+00
   2.13223     1.01112e+02    -2.27614e+00     8.76967e+00
   2.13837     1.00304e+02    -1.76117e+00     7.95411e+00
   2.14451     9.98033e+01    -1.99778e+00     7.96367e+00
   2.15064     9.93236e+01    -2.33735e+00     8.59608e+00
   2.15678     9.88559e+01    -2.25978e+00     8.43557e+00
   2.16291     9.83751e+01    -2.01551e+00     7.89557e+00
   2.16905     9.83363e+01    -2.62869e+00     7.40103e+00
   2.17518     9.81372e+01    -2.86389e+00     7.18632e+00
   2.18132     9.76869e+01    -2.60351e+00     7.23079e+00
   2.18746     9.71465e+01    -2.68666e+00     7.74255e+00
   2.19359     9.67755e+01    -3.25493e+00     8.11642e+00
   2.19973     9.64696e+01    -3.67904e+00     7.49152e+00
   2.20586     9.59895e+01    -3.34787e+00     6.82153e+00
   2.21200     9.58058e+01    -3.06334e+00     5.35696e+00
   2.21814     9.54154e+01    -3.24727e+00     6.02519e+00
   2.22427     9.50689e+01    -3.69823e+00     6.54416e+00
   2.23041     9.45182e+01    -3.82123e+00     7.72713e+00
   2.23654     9.39590e+01    -3.69299e+00     8.01463e+00
   2.24268     9.34449e+01    -3.60898e+00     7.58949e+00
   2.24882     9.30012e+01    -3.63756e+00     7.16157e+00
   2.25495     9.25087e+01    -2.66169e+00     7.21845e+00
   2.26109     9.21987e+01    -1.64954e+00     7.43663e+00
   2.26722     9.19526e+01    -1.01153e+00     7.68967e+00
   2.27336     9.13774e+01    -1.53646e+00     7.96210e+00
   2.27950     9.07209e+01    -1.99979e+00     6.24241e+00
   2.28563     9.02992e+01    -2.66612e+00     4.86451e+00
   2.29177     8.98544e+01    -3.58972e+00     6.04321e+00
   2.29790     8.95322e+01    -4.28177e+00     6.55696e+00
   2.30404     8.92972e+01    -4.54357e+00     7.07456e+00
   2.31018     8.88103e+01    -3.96826e+00     6.79546e+00
   2.31631     8.83300e+01    -3.25609e+00     7.15467e+00
   2.32245     8.81832e+01    -3.34401e+00     6.97933e+00
   2.32858     8.81640e+01    -3.79010e+00     6.38440e+00
   2.33472     8.79397e+01    -4.14195e+00     6.68627e+00
   2.34085     8.75091e+01    -3.31440e+00     7.05614e+00
   2.34699     8.71757e+01    -1.89573e+00     8.53606e+00
   2.35313     8.65640e+01    -1.22798e+00     9.62839e+00
   2.35926     8.61394e+01    -1.89695e+00     9.41242e+00
   2.36540     8.56792e+01    -2.74548e+00     9.64788e+00
   2.37153     8.50660e+01    -2.92778e+00     9.52238e+00
   2.37767     8.44378e+01    -2.09106e+00     7.78760e+00
   2.38381     8.38321e+01    -1.58322e+00     7.51645e+00
   2.38994     8.37556e+01    -2.33015e+00     7.44206e+00
   2.39608     8.36825e+01    -3.17356e+00     8.13666e+00
   2.40221     8.32972e+01    -3.08288e+00     7.96106e+00
   2.40835     8.27610e+01    -2.49519e+00     8.43314e+00
   2.41449     8.25264e+01    -2.45748e+00     8.64334e+00
   2.42062     8.21103e+01    -2.61595e+00     9.10233e+00
   2.42676     8.16986e+01    -2.36588e+00     9.01270e+00
   2.43289     8.15344e+01    -2.06889e+00     8.50076e+00
   2.43903     8.14244e+01    -2.21760e+00     8.53063e+00
   2.44517     8.09662e+01    -2.35856e+00     8.11010e+00
   2.45130     8.01302e+01    -2.98848e+00     8.46580e+00
   2.45744     7.96355e+01    -3.22559e+00     9.08056e+00
   2.46357     7.95728e+01    -2.58470e+00     8.72324e+00
   2.46971     7.93935e+01    -1.87973e+00     8.88320e+00
   2.47584     7.90568e+01    -1.78873e+00     8.17727e+00
   2.48198     7.86597e+01    -2.37382e+00     8.20213e+00
   2.48812     7.83819e+01    -2.63870e+00     8.35409e+00
   2.49425     7.81010e+01    -2.26587e+00     8.39070e+00
   2.50039     7.76867e+01    -1.84243e+00     7.71312e+00
   2.50652     7.72175e+01    -1.77900e+00     7.59603e+00
   2.51266     7.67213e+01    -1.81530e+00     7.13713e+00
   2.51880     7.63424e+01    -2.21496e+00     7.90765e+00
   2.52493     7.60111e+01    -2.31130e+00     8.11055e+00
   2.53107     7.55714e+01    -2.43358e+00     8.73494e+00
   2.53720     7.51977e+01    -2.81934e+00     9.49964e+00
   2.54334     7.49563e+01    -2.74865e+00     8.91577e+00
   2.54948     7.48732e+01    -2.40993e+00     8.33126e+00
   2.55561     7.46156e+01    -1.72976e+00     8.18111e+00
   2.56175     7.42864e+01    -1.36359e+00     8.73224e+00
   2.56788     7.41215e+01    -1.81295e+00     8.30121e+00
   2.57402     7.38116e+01    -1.86869e+00     8.48273e+00
   2.58016     7.33400e+01    -1.41545e+00     8.55981e+00
   2.58629     7.29241e+01    -1.19624e+00     9.04277e+00
   2.59243     7.27396e+01    -1.36511e+00     8.96814e+00
   2.59856     7.25020e+01    -1.77576e+00     8.59116e+00
   2.60470     7.20607e+01    -1.99810e+00     8.64657e+00
   2.61084     7.15644e+01    -1.89569e+00     8.60713e+00
   2.61697     7.10670e+01    -1.83713e+00     8.56461e+00
   2.62311     7.06623e+01    -2.05436e+00     8.26992e+00
   2.62924     7.04054e+01    -2.26443e+00     8.23915e+00
   2.63538     7.01643e+01    -2.24595e+00     7.96985e+00
   2.64151     6.99174e+01    -1.86747e+00     7.75481e+00
   2.64765     6.97280e+01    -1.82563e+00     8.01251e+00
   2.65379     6.96262e+01    -2.05886e+00     8.90975e+00
   2.65992     6.93162e+01    -2.23038e+00     9.79865e+00
   2.66606     6.86677e+01    -1.57351e+00     9.73507e+00
   2.67219     6.79830e+01    -1.08948e+00     9.14980e+00
   2.67833     6.77169e+01    -1.30584e+00     8.47340e+00
   2.68447     6.76176e+01    -2.06223e+00     8.44289e+00
   2.69060     6.74721e+01    -2.19167e+00     9.19803e+00
   2.69674     6.73698e+01    -1.61328e+00     9.57564e+00
   2.70287     6.72931e+01    -8.97120e-01     1.03293e+01
   2.70901     6.71097e+01    -6.56800e-01     1.11397e+01
   2.71515     6.68729e+01    -6.70897e-01     1.11277e+01
   2.72128     6.64244e+01    -8.25171e-01     1.01742e+01
   2.72742     6.58866e+01    -1.40973e+00     9.52110e+00
   2.73355     6.55887e+01    -1.98712e+00     9.69812e+00
   2.73969     6.54640e+01    -2.21894e+00     1.05882e+01
   2.74583     6.51858e+01    -1.83829e+00     1.09874e+01
   2.75196     6.48032e+01    -1.71531e+00     1.09419e+01
   2.75810     6.44875e+01    -2.07367e+00     9.96742e+00
   2.76423     6.43150e+01    -2.45270e+00     1.01550e+01
   2.77037     6.40208e+01    -2.57487e+00     1.00821e+01
   2.77651     6.36399e+01    -2.42391e+00     9.77607e+00
   2.78264     6.33118e+01    -2.27248e+00     1.00822e+01
   2.78878     6.32048e+01    -2.17310e+00     1.03007e+01
   2.79491     6.30165e+01    -2.30960e+00     1.11042e+01
   2.80105     6.27551e+01    -2.19906e+00     1.05705e+01
   2.80718     6.26787e+01    -1.96008e+00     1.07115e+01
   2.81332     6.25888e+01    -1.42483e+00     1.10153e+01
   2.81946     6.22435e+01    -1.25323e+00     1.14613e+01
   2.82559     6.17634e+01    -1.46069e+00     1.20184e+01
   2.83173     6.13412e+01    -1.66631e+00     1.22057e+01
   2.83786     6.11072e+01    -1.77742e+00     1.25291e+01
   2.84400     6.08736e+01    -1.31245e+00     1.26032e+01
   2.85014     6.05889e+01    -1.08768e+00     1.25543e+01
   2.85627     6.04035e+01    -1.12705e+00     1.26314e+01
   2.86241     6.02888e+01    -1.48164e+00     1.24569e+01
   2.86854     6.00462e+01    -1.65149e+00     1.26151e+01
   2.87468     5.97423e+01    -1.60477e+00     1.23411e+01
   2.88082     5.95200e+01    -1.48987e+00     1.22024e+01
   2.88695     5.93259e+01    -1.20537e+00     1.21110e+01
   2.89309     5.92080e+01    -1.08920e+00     1.20784e+01
   2.89922     5.88479e+01    -1.01077e+00     1.22848e+01
   2.90536     5.85337e+01    -1.05150e+00     1.26075e+01
   2.91150     5.82791e+01    -8.97116e-01     1.27601e+01
   2.91763     5.80448e+01    -7.93306e-01     1.27678e+01
   2.92377     5.76649e+01    -1.00922e+00     1.31211e+01
   2.92990     5.74072e+01    -1.55561e+00     1.37724e+01
   2.93604     5.74623e+01    -2.09182e+00     1.39389e+01
   2.94218     5.75224e+01    -2.07993e+00     1.39074e+01
   2.94831     5.71798e+01    -1.84356e+00     1.38950e+01
   2.95445     5.67520e+01    -1.77559e+00     1.37536e+01
   2.96058     5.65296e+01    -1.83564e+00     1.38135e+01
   2.96672     5.63839e+01    -1.97457e+00     1.33825e+01
   2.97285     5.61473e+01    -2.15286e+00     1.40553e+01
   2.97899     5.57676e+01    -2.10813e+00     1.43845e+01
   2.98513     5.54372e+01    -1.72198e+00     1.46526e+01
   2.99126     5.52085e+01    -1.46543e+00     1.43785e+01
   2.99740     5.49131e+01    -1.35011e+00     1.41781e+01
   3.00353     5.46837e+01    -1.33950e+00     1.42396e+01
   3.00967     5.44896e+01    -1.42051e+00     1.46936e+01
   3.01581     5.43937e+01    -1.46807e+00     1.48327e+01
   3.02194     5.45370e+01    -1.47481e+00     1.48963e+01
   3.02808     5.45339e+01    -1.37583e+00     1.54161e+01
   3.03421     5.43454e+01    -1.48286e+00     1.59736e+01
   3.04035     5.39602e+01    -1.62413e+00     1.63700e+01
   3.04649     5.35456e+01    -1.56027e+00     1.61707e+01
   3.05262     5.30783e+01    -1.26623e+00     1.62053e+01
   3.05876     5.28778e+01    -1.10343e+00     1.63277e+01
   3.06489     5.28020e+01    -1.08978e+00     1.63922e+01
   3.07103     5.26632e+01    -1.14475e+00     1.64457e+01
   3.07717     5.24057e+01    -1.05822e+00     1.64544e+01
   3.08330     5.20785e+01    -1.22483e+00     1.62528e+01
   3.08944     5.18735e+01    -1.23810e+00     1.58605e+01
   3.09557     5.18246e+01    -1.34574e+00     1.57462e+01
   3.10171     5.18215e+01    -1.29084e+00     1.64871e+01
   3.10785     5.18550e+01    -1.36545e+00     1.74988e+01
   3.11398     5.17047e+01    -1.33241e+00     1.75744e+01
   3.12012     5.14670e+01    -1.16116e+00     1.74723e+01
   3.12625     5.11341e+01    -6.22744e-01     1.71275e+01
   3.13239     5.09231e+01    -1.61404e-01     1.69838e+01
   3.13852     5.06910e+01    -1.92906e-01     1.73138e+01
