# Redshift space power spectrum multipoles.
# Subtracting SN=    0.00000e+00 from monopole.
#        k              P0              P2              P4
   0.00920     7.00549e+08    -6.32494e+05     1.21867e+07
   0.01534     2.85311e+08    -1.40411e+06     1.91556e+08
   0.02148     6.44446e+07    -5.36239e+05    -3.82883e+07
   0.02761     3.13704e+06    -1.71107e+04    -7.46172e+06
   0.03375     7.13792e+06    -1.26694e+05     2.14237e+07
   0.03988     7.27983e+06    -1.38635e+05     2.23137e+07
   0.04602     2.23071e+06    -3.44746e+05     6.67108e+06
   0.05216     2.24479e+05    -2.51999e+04    -2.70351e+05
   0.05829     7.93280e+05     5.84181e+04     2.92454e+06
   0.06443     1.02909e+06     1.38671e+04     4.29111e+06
   0.07056     4.23661e+05    -1.72820e+04     1.48712e+06
   0.07670     4.77768e+04    -1.19182e+02     7.89107e+03
   0.08283     1.98452e+05     1.09955e+04     8.42996e+05
   0.08897     3.16477e+05     4.31631e+03     1.39402e+06
   0.09511     1.19981e+05     1.22458e+03     4.79220e+05
   0.10124     1.58629e+04     2.26994e+02     8.07533e+03
   0.10738     6.79143e+04    -1.25773e+04     2.63830e+05
   0.11351     1.05459e+05    -2.16544e+04     4.61139e+05
   0.11965     4.92156e+04    -1.09833e+04     1.90604e+05
   0.12579     6.92660e+03     9.99655e+02     2.45358e+03
   0.13192     3.16983e+04    -3.81196e+02     1.32910e+05
   0.13806     5.00579e+04    -5.08240e+03     2.20510e+05
   0.14419     2.11230e+04    -1.90769e+03     8.21163e+04
   0.15033     3.82912e+03     8.05531e+02     1.49205e+03
   0.15647     1.62999e+04    -2.09255e+03     6.53709e+04
   0.16260     2.59696e+04    -4.26713e+03     1.13397e+05
   0.16874     1.20988e+04    -1.08106e+03     4.79688e+04
   0.17487     2.93826e+03    -5.07485e+01     4.08576e+03
   0.18101     1.00324e+04    -3.56879e+03     3.81521e+04
   0.18715     1.44278e+04    -4.69067e+03     5.98564e+04
   0.19328     7.59987e+03    -1.39413e+03     2.72536e+04
   0.19942     1.82457e+03     1.93435e+02     9.13770e+02
   0.20555     6.11601e+03    -2.89690e+03     2.12244e+04
   0.21169     9.54782e+03    -4.74044e+03     3.75560e+04
   0.21783     5.09933e+03    -1.74406e+03     1.75806e+04
   0.22396     1.48695e+03     1.94010e+02     6.55825e+02
   0.23010     4.07073e+03    -1.94053e+03     1.25963e+04
   0.23623     6.11483e+03    -3.52040e+03     2.25344e+04
   0.24237     3.45745e+03    -1.54785e+03     1.04901e+04
   0.24850     1.33877e+03    -4.93086e+01     8.55190e+02
   0.25464     2.71740e+03    -1.29480e+03     7.44473e+03
   0.26078     4.28169e+03    -2.71909e+03     1.48967e+04
   0.26691     2.34352e+03    -1.14330e+03     6.32937e+03
   0.27305     9.58233e+02    -3.79139e+01     2.73135e+02
   0.27918     2.25201e+03    -1.21875e+03     6.34881e+03
   0.28532     2.94367e+03    -1.88099e+03     9.58043e+03
   0.29146     1.84540e+03    -9.48056e+02     4.84428e+03
   0.29759     8.25745e+02    -3.64322e+01     1.94549e+02
   0.30373     1.59816e+03    -8.96267e+02     3.69897e+03
   0.30986     2.27362e+03    -1.65296e+03     6.91301e+03
   0.31600     1.42660e+03    -8.16221e+02     3.30946e+03
   0.32214     7.55621e+02    -1.75902e+02     4.52130e+02
   0.32827     1.29558e+03    -8.17098e+02     2.76258e+03
   0.33441     1.89446e+03    -1.52481e+03     5.39279e+03
   0.34054     1.22791e+03    -7.57735e+02     2.63969e+03
   0.34668     6.48264e+02    -8.77889e+01     2.46709e+02
   0.35282     1.11983e+03    -6.78296e+02     2.36998e+03
   0.35895     1.37996e+03    -1.04026e+03     3.53247e+03
   0.36509     1.00214e+03    -6.28265e+02     1.98718e+03
   0.37122     5.57190e+02    -1.53612e+02     1.63206e+02
   0.37736     8.59206e+02    -6.56545e+02     1.42410e+03
   0.38350     1.15618e+03    -1.07167e+03     2.63131e+03
   0.38963     8.35225e+02    -5.98635e+02     1.30406e+03
   0.39577     5.49561e+02    -1.78652e+02     1.95190e+02
   0.40190     7.42503e+02    -4.65778e+02     1.04589e+03
   0.40804     9.83215e+02    -8.21241e+02     2.09521e+03
   0.41417     7.27906e+02    -4.49060e+02     1.10370e+03
   0.42031     4.91320e+02    -8.65596e+01     1.95550e+02
   0.42645     6.51959e+02    -3.40829e+02     9.19332e+02
   0.43258     8.08966e+02    -6.23464e+02     1.56057e+03
   0.43872     6.13673e+02    -3.62483e+02     7.88436e+02
   0.44485     4.48309e+02    -9.03609e+01     1.46073e+02
   0.45099     5.97991e+02    -3.21008e+02     8.02541e+02
   0.45713     7.33279e+02    -5.64077e+02     1.39806e+03
   0.46326     5.65145e+02    -3.44414e+02     7.57518e+02
   0.46940     4.14467e+02    -1.17210e+02     1.64280e+02
   0.47553     4.99934e+02    -2.66214e+02     5.15121e+02
   0.48167     6.12647e+02    -4.67277e+02     9.69910e+02
   0.48781     4.98469e+02    -3.00946e+02     5.44072e+02
   0.49394     3.90377e+02    -1.11589e+02     1.32134e+02
   0.50008     4.87528e+02    -2.54279e+02     5.70119e+02
   0.50621     5.38289e+02    -3.45278e+02     8.22292e+02
   0.51235     4.45686e+02    -2.21259e+02     5.09533e+02
   0.51849     3.51040e+02    -9.62307e+01     1.49820e+02
   0.52462     4.25970e+02    -2.33806e+02     4.13499e+02
   0.53076     4.90056e+02    -3.36672e+02     6.47090e+02
   0.53689     4.25614e+02    -2.28049e+02     4.07578e+02
   0.54303     3.48029e+02    -1.21013e+02     1.63591e+02
   0.54917     3.84043e+02    -2.10097e+02     3.35471e+02
   0.55530     4.41113e+02    -3.19549e+02     5.64947e+02
   0.56144     3.77292e+02    -2.02220e+02     3.25365e+02
   0.56757     3.11166e+02    -8.99597e+01     9.72643e+01
   0.57371     3.50644e+02    -1.72076e+02     2.57167e+02
   0.57984     3.94040e+02    -2.56862e+02     4.27529e+02
   0.58598     3.45527e+02    -1.62066e+02     2.62769e+02
   0.59212     3.03073e+02    -8.13905e+01     1.19976e+02
   0.59825     3.45337e+02    -1.77924e+02     3.03686e+02
   0.60439     3.86002e+02    -2.66469e+02     4.62773e+02
   0.61052     3.37002e+02    -1.61688e+02     2.78870e+02
   0.61666     2.98947e+02    -6.94000e+01     1.35639e+02
   0.62280     3.32737e+02    -1.30722e+02     2.68414e+02
   0.62893     3.68927e+02    -2.06301e+02     4.01287e+02
   0.63507     3.26400e+02    -1.28081e+02     2.41508e+02
   0.64120     2.90681e+02    -5.84360e+01     1.16121e+02
   0.64734     3.15333e+02    -1.10290e+02     2.36201e+02
   0.65348     3.27883e+02    -1.39490e+02     3.05542e+02
   0.65961     2.97970e+02    -9.50735e+01     2.10450e+02
   0.66575     2.73143e+02    -6.91511e+01     1.29232e+02
   0.67188     2.94488e+02    -1.25429e+02     2.13718e+02
   0.67802     3.18786e+02    -1.69488e+02     3.10995e+02
   0.68416     2.92434e+02    -1.08083e+02     2.18196e+02
   0.69029     2.68748e+02    -6.40708e+01     1.30922e+02
   0.69643     2.84569e+02    -1.10561e+02     1.89039e+02
   0.70256     3.01848e+02    -1.58099e+02     2.53416e+02
   0.70870     2.73548e+02    -1.04729e+02     1.74303e+02
   0.71484     2.48420e+02    -5.16864e+01     1.01672e+02
   0.72097     2.66226e+02    -8.77003e+01     1.82794e+02
   0.72711     2.84305e+02    -1.32026e+02     2.47077e+02
   0.73324     2.62234e+02    -9.58595e+01     1.71913e+02
   0.73938     2.40405e+02    -6.31637e+01     1.02365e+02
   0.74551     2.55447e+02    -1.04980e+02     1.65896e+02
   0.75165     2.73223e+02    -1.44745e+02     2.24601e+02
   0.75779     2.57844e+02    -1.00261e+02     1.52980e+02
   0.76392     2.38106e+02    -5.25033e+01     8.58475e+01
   0.77006     2.45177e+02    -6.84481e+01     1.28724e+02
   0.77619     2.55452e+02    -9.44013e+01     1.83042e+02
   0.78233     2.37285e+02    -6.26841e+01     1.34098e+02
   0.78847     2.23039e+02    -3.90885e+01     9.30775e+01
   0.79460     2.34269e+02    -6.91489e+01     1.33541e+02
   0.80074     2.41872e+02    -8.81041e+01     1.57346e+02
   0.80687     2.32622e+02    -6.91039e+01     1.18272e+02
   0.81301     2.22788e+02    -5.33725e+01     8.51676e+01
   0.81915     2.32919e+02    -8.18157e+01     1.16000e+02
   0.82528     2.39007e+02    -9.56112e+01     1.42256e+02
   0.83142     2.24471e+02    -5.77243e+01     9.69234e+01
   0.83755     2.15331e+02    -3.11832e+01     7.56878e+01
   0.84369     2.26246e+02    -5.77578e+01     1.23552e+02
   0.84983     2.32591e+02    -8.01830e+01     1.55612e+02
   0.85596     2.18754e+02    -5.83872e+01     1.16475e+02
   0.86210     2.06577e+02    -3.54103e+01     8.36793e+01
   0.86823     2.13565e+02    -5.18377e+01     1.14949e+02
   0.87437     2.21885e+02    -7.00353e+01     1.38916e+02
   0.88050     2.12846e+02    -5.11444e+01     1.02220e+02
   0.88664     2.05534e+02    -3.55315e+01     7.22204e+01
   0.89278     2.10919e+02    -5.59137e+01     9.40350e+01
   0.89891     2.15760e+02    -7.41477e+01     1.15520e+02
   0.90505     2.05520e+02    -5.89469e+01     8.63855e+01
   0.91118     1.97153e+02    -4.30463e+01     5.91112e+01
   0.91732     2.02240e+02    -5.57378e+01     8.40161e+01
   0.92346     2.07634e+02    -6.63469e+01     1.15744e+02
   0.92959     2.00101e+02    -4.50473e+01     1.00193e+02
   0.93573     1.92421e+02    -2.44494e+01     7.71444e+01
   0.94186     1.97747e+02    -3.54409e+01     9.29753e+01
   0.94800     2.01213e+02    -4.58707e+01     1.08856e+02
   0.95414     1.96287e+02    -3.88130e+01     9.50981e+01
   0.96027     1.90815e+02    -3.08167e+01     7.54402e+01
   0.96641     1.95886e+02    -4.54690e+01     8.86555e+01
   0.97254     1.98980e+02    -5.52402e+01     9.70315e+01
   0.97868     1.92472e+02    -4.06959e+01     7.46242e+01
   0.98482     1.86288e+02    -2.59106e+01     6.07101e+01
   0.99095     1.86995e+02    -2.96000e+01     7.78957e+01
   0.99709     1.89145e+02    -4.01911e+01     9.44368e+01
   1.00322     1.82781e+02    -2.92255e+01     7.26837e+01
   1.00936     1.78242e+02    -2.35684e+01     5.22082e+01
   1.01550     1.81791e+02    -3.21765e+01     6.40637e+01
   1.02163     1.84180e+02    -3.92905e+01     8.08053e+01
   1.02777     1.78422e+02    -2.82319e+01     6.94684e+01
   1.03390     1.73639e+02    -2.09986e+01     5.44261e+01
   1.04004     1.77081e+02    -3.32330e+01     6.46266e+01
   1.04617     1.79472e+02    -4.20938e+01     7.28433e+01
   1.05231     1.75210e+02    -3.23887e+01     5.94287e+01
   1.05845     1.70763e+02    -2.19894e+01     5.17840e+01
   1.06458     1.74010e+02    -2.46805e+01     6.33317e+01
   1.07072     1.77396e+02    -3.18932e+01     7.01849e+01
   1.07685     1.72777e+02    -2.60983e+01     5.43303e+01
   1.08299     1.68178e+02    -2.09931e+01     3.90600e+01
   1.08913     1.68999e+02    -2.85974e+01     4.83688e+01
   1.09526     1.70094e+02    -3.42620e+01     5.83812e+01
   1.10140     1.67525e+02    -2.77558e+01     5.37282e+01
   1.10753     1.64207e+02    -1.86321e+01     4.77400e+01
   1.11367     1.65829e+02    -2.22461e+01     5.76520e+01
   1.11981     1.66740e+02    -2.59187e+01     6.81391e+01
   1.12594     1.62665e+02    -1.88367e+01     5.53413e+01
   1.13208     1.59450e+02    -1.47341e+01     4.26575e+01
   1.13821     1.61117e+02    -2.18947e+01     4.89570e+01
   1.14435     1.63543e+02    -2.79479e+01     5.73596e+01
   1.15049     1.60780e+02    -2.04939e+01     4.87328e+01
   1.15662     1.58071e+02    -1.55178e+01     3.91417e+01
   1.16276     1.60176e+02    -2.30761e+01     4.35771e+01
   1.16889     1.61751e+02    -3.00375e+01     4.84193e+01
   1.17503     1.57630e+02    -2.13729e+01     3.82483e+01
   1.18117     1.54713e+02    -1.36971e+01     3.27294e+01
   1.18730     1.56743e+02    -1.84750e+01     4.18655e+01
   1.19344     1.57732e+02    -2.35354e+01     5.03507e+01
   1.19957     1.54010e+02    -1.94357e+01     4.37315e+01
   1.20571     1.50742e+02    -1.21299e+01     3.26213e+01
   1.21184     1.52721e+02    -1.72364e+01     3.81698e+01
   1.21798     1.54423e+02    -2.27189e+01     4.28194e+01
   1.22412     1.52586e+02    -2.18627e+01     4.19043e+01
   1.23025     1.49167e+02    -1.66414e+01     3.30140e+01
   1.23639     1.48643e+02    -1.67593e+01     3.49486e+01
   1.24252     1.48728e+02    -1.85808e+01     3.83901e+01
   1.24866     1.46644e+02    -1.49747e+01     3.27270e+01
   1.25480     1.44769e+02    -1.33995e+01     2.72340e+01
   1.26093     1.45716e+02    -1.95059e+01     3.20717e+01
   1.26707     1.46494e+02    -2.24272e+01     3.57024e+01
   1.27320     1.44888e+02    -1.75864e+01     3.07852e+01
   1.27934     1.43072e+02    -1.22911e+01     2.66487e+01
   1.28548     1.43527e+02    -1.43773e+01     3.49737e+01
   1.29161     1.44431e+02    -1.50308e+01     4.11700e+01
   1.29775     1.41644e+02    -7.77910e+00     3.62681e+01
   1.30388     1.39413e+02    -2.51052e+00     2.84136e+01
   1.31002     1.40162e+02    -7.55365e+00     3.01126e+01
   1.31616     1.41002e+02    -1.37445e+01     3.65137e+01
   1.32229     1.39533e+02    -1.14376e+01     3.39091e+01
   1.32843     1.38147e+02    -6.90890e+00     2.80191e+01
   1.33456     1.38376e+02    -8.96228e+00     2.84030e+01
   1.34070     1.37685e+02    -1.22480e+01     2.97529e+01
   1.34684     1.36344e+02    -1.17451e+01     2.54005e+01
   1.35297     1.35513e+02    -7.98741e+00     1.85546e+01
   1.35911     1.36579e+02    -7.86987e+00     2.20963e+01
   1.36524     1.36561e+02    -8.99754e+00     2.81746e+01
   1.37138     1.34650e+02    -8.88286e+00     2.70997e+01
   1.37751     1.33305e+02    -9.55855e+00     2.40698e+01
   1.38365     1.33424e+02    -1.29831e+01     2.63671e+01
   1.38979     1.32189e+02    -1.38613e+01     2.80698e+01
   1.39592     1.30090e+02    -1.13924e+01     2.43341e+01
   1.40206     1.29043e+02    -1.10881e+01     2.17823e+01
   1.40819     1.29601e+02    -1.52039e+01     2.37038e+01
   1.41433     1.30199e+02    -1.65721e+01     2.66253e+01
   1.42047     1.29374e+02    -1.21778e+01     2.16887e+01
   1.42660     1.28449e+02    -8.45080e+00     1.89669e+01
   1.43274     1.28701e+02    -9.97813e+00     2.07475e+01
   1.43887     1.28936e+02    -1.16137e+01     2.46212e+01
   1.44501     1.27824e+02    -8.54283e+00     2.21484e+01
   1.45115     1.26849e+02    -5.76758e+00     1.93935e+01
   1.45728     1.27157e+02    -6.06936e+00     2.26076e+01
   1.46342     1.27012e+02    -5.82143e+00     2.42034e+01
   1.46955     1.24838e+02    -3.85629e+00     2.13113e+01
   1.47569     1.22756e+02    -3.26971e+00     1.81429e+01
   1.48183     1.22415e+02    -7.46253e+00     1.93008e+01
   1.48796     1.22237e+02    -8.72146e+00     1.94045e+01
   1.49410     1.20756e+02    -5.40146e+00     1.60626e+01
   1.50023     1.19563e+02    -2.89303e+00     1.36476e+01
   1.50637     1.20342e+02    -4.73795e+00     1.44224e+01
   1.51251     1.21515e+02    -6.53940e+00     1.53733e+01
   1.51864     1.20709e+02    -5.14065e+00     1.29251e+01
   1.52478     1.19493e+02    -4.78472e+00     1.35655e+01
   1.53091     1.18945e+02    -7.58147e+00     1.65483e+01
   1.53705     1.18335e+02    -9.36615e+00     1.78696e+01
   1.54318     1.17498e+02    -7.47379e+00     1.47149e+01
   1.54932     1.16866e+02    -5.33002e+00     1.37302e+01
   1.55546     1.17072e+02    -6.42878e+00     1.44940e+01
   1.56159     1.17008e+02    -8.37318e+00     1.41512e+01
   1.56773     1.15963e+02    -7.95887e+00     1.32829e+01
   1.57386     1.14832e+02    -5.74274e+00     1.14814e+01
   1.58000     1.14663e+02    -4.64728e+00     1.36460e+01
   1.58614     1.14380e+02    -4.81651e+00     1.44361e+01
   1.59227     1.13600e+02    -4.39742e+00     1.32466e+01
   1.59841     1.13092e+02    -3.73231e+00     1.08990e+01
   1.60454     1.12691e+02    -3.70563e+00     1.18451e+01
   1.61068     1.12351e+02    -4.32985e+00     1.45097e+01
   1.61682     1.11466e+02    -3.63948e+00     1.37711e+01
   1.62295     1.11302e+02    -3.99182e+00     1.48545e+01
   1.62909     1.11333e+02    -5.81356e+00     1.49035e+01
   1.63522     1.10851e+02    -6.57978e+00     1.53106e+01
   1.64136     1.09226e+02    -5.44423e+00     1.32022e+01
   1.64750     1.08297e+02    -3.75167e+00     1.18465e+01
   1.65363     1.08378e+02    -4.53086e+00     1.41439e+01
   1.65977     1.08953e+02    -5.64793e+00     1.69333e+01
   1.66590     1.08349e+02    -4.32677e+00     1.64589e+01
   1.67204     1.07674e+02    -2.16238e+00     1.49427e+01
   1.67817     1.07728e+02    -4.21467e-01     1.34630e+01
   1.68431     1.07045e+02    -8.94447e-02     1.52188e+01
   1.69045     1.05493e+02     4.39670e-01     1.51092e+01
   1.69658     1.04609e+02    -8.16168e-01     1.44323e+01
   1.70272     1.05008e+02    -3.81370e+00     1.55570e+01
   1.70885     1.05020e+02    -5.87555e+00     1.46211e+01
   1.71499     1.04258e+02    -4.76068e+00     1.17917e+01
   1.72113     1.03622e+02    -3.99322e+00     9.05402e+00
   1.72726     1.04267e+02    -4.61174e+00     1.02327e+01
   1.73340     1.04291e+02    -4.68836e+00     1.22421e+01
   1.73953     1.03198e+02    -2.83473e+00     1.22420e+01
   1.74567     1.02115e+02    -1.15507e+00     1.09866e+01
   1.75181     1.01808e+02    -1.83754e+00     1.00209e+01
   1.75794     1.01496e+02    -3.22221e+00     1.04963e+01
   1.76408     1.00721e+02    -3.84994e+00     9.83173e+00
   1.77021     1.00389e+02    -3.49462e+00     9.90392e+00
   1.77635     1.00949e+02    -4.25825e+00     1.21533e+01
   1.78249     1.01490e+02    -3.85767e+00     1.23145e+01
   1.78862     1.00703e+02    -2.31058e+00     9.96122e+00
   1.79476     9.90534e+01    -1.83000e+00     9.14528e+00
   1.80089     9.80588e+01    -3.07385e+00     1.10706e+01
   1.80703     9.80774e+01    -3.22857e+00     1.07802e+01
   1.81317     9.73360e+01    -1.68947e+00     9.19136e+00
   1.81930     9.61347e+01    -9.97174e-01     9.36459e+00
   1.82544     9.56167e+01    -1.27907e+00     9.20504e+00
   1.83157     9.56727e+01    -1.34138e+00     8.64977e+00
   1.83771     9.53830e+01    -3.85097e-01     6.79837e+00
   1.84384     9.46875e+01    -7.84944e-01     8.22463e+00
   1.84998     9.46365e+01    -2.02573e+00     9.92833e+00
   1.85612     9.44254e+01    -2.19869e+00     9.15846e+00
   1.86225     9.36031e+01    -6.24806e-01     7.27110e+00
   1.86839     9.30599e+01     8.82909e-01     5.54522e+00
   1.87452     9.33835e+01     3.20960e-01     6.16699e+00
   1.88066     9.33427e+01    -5.52699e-01     7.74595e+00
   1.88680     9.28506e+01    -1.13493e+00     8.08721e+00
   1.89293     9.24188e+01    -1.94082e+00     8.42928e+00
   1.89907     9.24946e+01    -3.47297e+00     7.69494e+00
   1.90520     9.21283e+01    -4.24255e+00     8.15186e+00
   1.91134     9.12943e+01    -3.83995e+00     7.39292e+00
   1.91748     9.03676e+01    -2.42933e+00     6.85954e+00
   1.92361     9.01061e+01    -2.13183e+00     7.66113e+00
   1.92975     8.98895e+01    -1.78846e+00     6.43854e+00
   1.93588     8.93032e+01    -2.12436e+00     6.48706e+00
   1.94202     8.88266e+01    -3.04551e+00     5.71247e+00
   1.94816     8.86947e+01    -3.81160e+00     5.88502e+00
   1.95429     8.84736e+01    -3.86556e+00     6.73566e+00
   1.96043     8.77665e+01    -3.32951e+00     6.71323e+00
   1.96656     8.68556e+01    -3.27123e+00     7.19592e+00
   1.97270     8.63804e+01    -3.52557e+00     6.76859e+00
   1.97884     8.60529e+01    -3.25163e+00     6.47161e+00
   1.98497     8.59048e+01    -2.19481e+00     6.44230e+00
   1.99111     8.56771e+01    -1.70790e+00     7.36632e+00
   1.99724     8.54499e+01    -1.46256e+00     7.40467e+00
   2.00338     8.50989e+01    -1.32089e+00     6.73287e+00
   2.00951     8.44324e+01    -7.13647e-01     6.06948e+00
   2.01565     8.40109e+01    -4.66963e-01     6.00313e+00
   2.02179     8.37590e+01    -9.14783e-01     6.72294e+00
   2.02792     8.36180e+01    -1.54477e+00     7.96137e+00
   2.03406     8.32097e+01    -1.40179e+00     7.86809e+00
   2.04019     8.26070e+01    -1.34002e+00     7.75961e+00
   2.04633     8.19347e+01    -1.36000e+00     8.39682e+00
   2.05247     8.13445e+01    -1.79587e+00     9.49522e+00
   2.05860     8.09878e+01    -1.86511e+00     8.04510e+00
   2.06474     8.09622e+01    -1.79369e+00     5.29704e+00
   2.07087     8.09147e+01    -1.58170e+00     4.90984e+00
   2.07701     8.09820e+01    -1.07094e+00     5.02094e+00
   2.08315     8.05707e+01    -8.25827e-01     6.42282e+00
   2.08928     8.01704e+01    -4.93555e-01     6.46684e+00
   2.09542     7.99752e+01    -2.80308e-01     7.30959e+00
   2.10155     7.95767e+01    -2.11320e-01     8.32909e+00
   2.10769     7.93583e+01    -8.50015e-01     7.07360e+00
   2.11383     7.89966e+01    -1.45553e+00     5.71232e+00
   2.11996     7.86055e+01    -1.54612e+00     4.56470e+00
   2.12610     7.80084e+01    -9.23484e-01     5.21459e+00
   2.13223     7.72902e+01    -2.38014e-01     5.59761e+00
   2.13837     7.68443e+01    -4.36635e-01     5.90319e+00
   2.14451     7.63927e+01    -1.11494e+00     6.36000e+00
   2.15064     7.62217e+01    -1.10576e+00     6.89398e+00
   2.15678     7.60846e+01    -8.73576e-01     7.23009e+00
   2.16291     7.58822e+01    -1.06354e+00     6.93816e+00
   2.16905     7.56887e+01    -1.88586e+00     6.63098e+00
   2.17518     7.52842e+01    -2.09144e+00     6.22873e+00
   2.18132     7.48394e+01    -1.42575e+00     4.92839e+00
   2.18746     7.42713e+01    -5.31565e-01     4.42749e+00
   2.19359     7.37960e+01    -3.51851e-01     4.55591e+00
   2.19973     7.35857e+01    -6.85552e-01     4.87216e+00
   2.20586     7.34745e+01    -9.81369e-01     4.66668e+00
   2.21200     7.31231e+01    -1.54058e+00     4.33463e+00
   2.21814     7.26703e+01    -1.84496e+00     5.14295e+00
   2.22427     7.21740e+01    -1.97161e+00     5.99979e+00
   2.23041     7.19608e+01    -1.49351e+00     6.59967e+00
   2.23654     7.18243e+01    -1.02118e+00     5.70655e+00
   2.24268     7.16250e+01    -1.02679e+00     4.95330e+00
   2.24882     7.11279e+01    -9.13374e-01     5.13444e+00
   2.25495     7.05406e+01    -4.57995e-01     5.90539e+00
   2.26109     7.01164e+01    -3.44063e-01     6.59272e+00
   2.26722     6.97616e+01    -6.80737e-01     6.44366e+00
   2.27336     6.96514e+01    -8.94687e-01     5.87331e+00
   2.27950     6.95010e+01    -1.08324e+00     5.61895e+00
   2.28563     6.91508e+01    -1.43251e+00     5.66852e+00
   2.29177     6.88060e+01    -1.76046e+00     5.73220e+00
   2.29790     6.84754e+01    -1.94915e+00     5.26901e+00
   2.30404     6.81407e+01    -1.28320e+00     5.67780e+00
   2.31018     6.78077e+01    -7.06798e-01     5.54874e+00
   2.31631     6.75877e+01    -5.19239e-01     6.06037e+00
   2.32245     6.72476e+01    -6.59373e-01     6.49725e+00
   2.32858     6.70392e+01    -9.70722e-01     6.51301e+00
   2.33472     6.69133e+01    -1.60722e+00     6.46066e+00
   2.34085     6.66367e+01    -2.07076e+00     6.19625e+00
   2.34699     6.61118e+01    -1.71920e+00     6.29532e+00
   2.35313     6.58407e+01    -1.62039e+00     6.18473e+00
   2.35926     6.56513e+01    -1.93735e+00     6.02112e+00
   2.36540     6.56864e+01    -2.60914e+00     6.42891e+00
   2.37153     6.55804e+01    -2.51714e+00     6.78454e+00
   2.37767     6.51964e+01    -1.79029e+00     6.60215e+00
   2.38381     6.46804e+01    -9.33580e-01     7.48358e+00
   2.38994     6.42961e+01    -6.70575e-01     7.28851e+00
   2.39608     6.41663e+01    -9.42075e-01     7.07104e+00
   2.40221     6.37875e+01    -9.03571e-01     5.97779e+00
   2.40835     6.32011e+01    -7.35683e-01     5.46698e+00
   2.41449     6.25607e+01    -7.43726e-01     5.75612e+00
   2.42062     6.23058e+01    -8.07497e-01     6.05740e+00
   2.42676     6.24065e+01    -8.06657e-01     5.88625e+00
   2.43289     6.22359e+01    -9.69815e-01     5.49947e+00
   2.43903     6.19060e+01    -9.55109e-01     5.10175e+00
   2.44517     6.14820e+01    -7.96780e-01     4.71852e+00
   2.45130     6.11724e+01    -5.22851e-01     4.60794e+00
   2.45744     6.09253e+01    -3.90884e-01     5.26777e+00
   2.46357     6.07011e+01    -6.89370e-01     5.89308e+00
   2.46971     6.03987e+01    -9.66784e-01     6.60111e+00
   2.47584     5.98519e+01    -1.03997e+00     6.45975e+00
   2.48198     5.94774e+01    -7.80243e-01     6.64191e+00
   2.48812     5.92747e+01    -6.32782e-01     6.71274e+00
   2.49425     5.91032e+01    -9.02467e-01     6.77362e+00
   2.50039     5.85937e+01    -1.24205e+00     6.47953e+00
   2.50652     5.82122e+01    -1.35261e+00     5.83274e+00
   2.51266     5.82110e+01    -1.27132e+00     5.45097e+00
   2.51880     5.82551e+01    -1.24636e+00     5.53150e+00
   2.52493     5.81541e+01    -1.13497e+00     5.28240e+00
   2.53107     5.78644e+01    -8.12238e-01     4.94424e+00
   2.53720     5.76554e+01    -4.81322e-01     5.27266e+00
   2.54334     5.75125e+01    -2.59328e-01     5.68335e+00
   2.54948     5.72622e+01    -5.84604e-01     5.99093e+00
   2.55561     5.67191e+01    -1.12348e+00     6.10999e+00
   2.56175     5.62256e+01    -1.37484e+00     5.95281e+00
   2.56788     5.60333e+01    -1.18227e+00     4.73607e+00
   2.57402     5.57623e+01    -8.98559e-01     4.77824e+00
   2.58016     5.55278e+01    -9.76046e-01     4.84560e+00
   2.58629     5.55257e+01    -1.13284e+00     5.73380e+00
   2.59243     5.55110e+01    -1.06250e+00     6.59878e+00
   2.59856     5.52985e+01    -9.68255e-01     7.21747e+00
   2.60470     5.49666e+01    -1.08275e+00     7.56753e+00
   2.61084     5.47535e+01    -1.31779e+00     7.32268e+00
   2.61697     5.45385e+01    -1.09237e+00     7.05524e+00
   2.62311     5.41680e+01    -8.03330e-01     6.82710e+00
   2.62924     5.36817e+01    -6.61558e-01     6.84770e+00
   2.63538     5.33976e+01    -6.30339e-01     6.41674e+00
   2.64151     5.32072e+01    -6.36856e-01     6.42280e+00
   2.64765     5.29760e+01    -3.19345e-01     6.74465e+00
   2.65379     5.27923e+01    -1.42332e-01     6.99724e+00
   2.65992     5.26115e+01    -3.05934e-01     6.73750e+00
   2.66606     5.25088e+01    -3.19987e-01     6.14183e+00
   2.67219     5.23017e+01    -5.46697e-01     6.44406e+00
   2.67833     5.19129e+01    -7.18882e-01     7.39010e+00
   2.68447     5.16683e+01    -8.42589e-01     7.54868e+00
   2.69060     5.14782e+01    -8.45549e-01     7.04337e+00
   2.69674     5.11830e+01    -8.21280e-01     6.64233e+00
   2.70287     5.08854e+01    -1.05300e+00     6.98736e+00
   2.70901     5.07841e+01    -1.07407e+00     7.46565e+00
   2.71515     5.07396e+01    -1.05288e+00     7.59401e+00
   2.72128     5.05068e+01    -8.26751e-01     7.31745e+00
   2.72742     5.01725e+01    -6.59538e-01     7.19577e+00
   2.73355     4.99266e+01    -5.13570e-01     7.13772e+00
   2.73969     4.97641e+01    -4.83193e-01     7.75534e+00
   2.74583     4.95958e+01    -9.96254e-01     8.22657e+00
   2.75196     4.94110e+01    -1.48208e+00     8.14434e+00
   2.75810     4.91596e+01    -1.59337e+00     7.35018e+00
   2.76423     4.88958e+01    -1.14072e+00     7.28564e+00
   2.77037     4.85973e+01    -7.30198e-01     7.52862e+00
   2.77651     4.83639e+01    -8.92899e-01     7.75572e+00
   2.78264     4.81771e+01    -1.19434e+00     7.82062e+00
   2.78878     4.80898e+01    -1.37675e+00     7.53465e+00
   2.79491     4.79266e+01    -1.19903e+00     8.03765e+00
   2.80105     4.76990e+01    -1.03741e+00     8.09884e+00
   2.80718     4.74479e+01    -8.56246e-01     8.16826e+00
   2.81332     4.72938e+01    -7.15934e-01     7.77974e+00
   2.81946     4.70931e+01    -7.90738e-01     7.77165e+00
   2.82559     4.69905e+01    -8.22077e-01     8.40160e+00
   2.83173     4.68731e+01    -7.40965e-01     8.72336e+00
   2.83786     4.67122e+01    -5.01151e-01     8.80026e+00
   2.84400     4.65617e+01    -1.85373e-01     8.55570e+00
   2.85014     4.63035e+01    -2.68480e-01     8.78118e+00
   2.85627     4.59708e+01    -4.60386e-01     9.07321e+00
   2.86241     4.57811e+01    -6.66192e-01     9.23788e+00
   2.86854     4.56434e+01    -7.79627e-01     9.76186e+00
   2.87468     4.55049e+01    -7.21991e-01     9.72528e+00
   2.88082     4.52064e+01    -5.53324e-01     1.00409e+01
   2.88695     4.49286e+01    -4.87320e-01     9.84751e+00
   2.89309     4.48324e+01    -5.27939e-01     9.64363e+00
   2.89922     4.46891e+01    -4.28005e-01     9.25678e+00
   2.90536     4.44756e+01    -5.96820e-01     9.29426e+00
   2.91150     4.41922e+01    -6.34087e-01     9.30570e+00
   2.91763     4.40096e+01    -4.38147e-01     9.64040e+00
   2.92377     4.37963e+01    -2.59596e-01     9.79547e+00
   2.92990     4.35445e+01    -2.79917e-01     9.98460e+00
   2.93604     4.34322e+01    -4.35662e-01     9.81090e+00
   2.94218     4.33510e+01    -4.27156e-01     9.95951e+00
   2.94831     4.31931e+01    -2.65187e-01     1.01066e+01
   2.95445     4.29601e+01    -3.03408e-01     9.95830e+00
   2.96058     4.28031e+01    -6.40985e-01     1.03534e+01
   2.96672     4.26975e+01    -1.05202e+00     1.06100e+01
   2.97285     4.25829e+01    -1.25524e+00     1.12212e+01
   2.97899     4.23425e+01    -9.87081e-01     1.07427e+01
   2.98513     4.20915e+01    -7.54427e-01     1.05508e+01
   2.99126     4.19389e+01    -7.23716e-01     1.05592e+01
   2.99740     4.17406e+01    -1.05320e+00     1.07774e+01
   3.00353     4.16072e+01    -1.21095e+00     1.08164e+01
   3.00967     4.15462e+01    -1.08953e+00     1.06318e+01
   3.01581     4.15029e+01    -6.52190e-01     1.05971e+01
   3.02194     4.13246e+01    -4.54140e-01     1.11499e+01
   3.02808     4.11214e+01    -4.00757e-01     1.16392e+01
   3.03421     4.09489e+01    -4.13131e-01     1.17870e+01
   3.04035     4.07990e+01    -3.38435e-01     1.17321e+01
   3.04649     4.06208e+01    -4.06662e-01     1.15037e+01
   3.05262     4.05088e+01    -5.62184e-01     1.13436e+01
   3.05876     4.03996e+01    -7.89211e-01     1.16730e+01
   3.06489     4.02161e+01    -7.03226e-01     1.22637e+01
   3.07103     4.00309e+01    -6.60828e-01     1.24180e+01
   3.07717     3.99513e+01    -7.55899e-01     1.23438e+01
   3.08330     3.99064e+01    -1.03192e+00     1.21437e+01
   3.08944     3.97747e+01    -1.14848e+00     1.25466e+01
   3.09557     3.95389e+01    -1.15707e+00     1.28258e+01
   3.10171     3.93393e+01    -1.11888e+00     1.27999e+01
   3.10785     3.91304e+01    -9.99580e-01     1.30182e+01
   3.11398     3.89366e+01    -7.78361e-01     1.29804e+01
   3.12012     3.87912e+01    -4.04953e-01     1.31324e+01
   3.12625     3.86651e+01    -3.98983e-01     1.33299e+01
   3.13239     3.85191e+01    -5.09094e-01     1.35374e+01
   3.13852     3.83993e+01    -5.99459e-01     1.37291e+01
