# k, P(k, z) : [0.1429, 0.1538]
0.000000000000000000e+00 0.000000000000000000e+00 0.000000000000000000e+00
3.476422409025522325e-02 5.952888770237443969e+05 6.667551965729938820e+05
6.013017737617095543e-02 7.927121897765512404e+04 9.238504316126277263e+04
8.418151618618714693e-02 1.563866413944237866e+04 1.758793546030285870e+04
1.087367500886957938e-01 6.423409231671709676e+03 6.846110059973171701e+03
1.343722219507281490e-01 7.398562543934668611e+03 8.011821453804811426e+03
1.587124844392140688e-01 4.695120346782629895e+03 5.045717752890044721e+03
1.829253236177555419e-01 4.341711903575563156e+03 4.670571421688403461e+03
2.074764920249410893e-01 2.600239366374667497e+03 2.768092325427836386e+03
2.323188502694161217e-01 2.496706848737764631e+03 2.654627095991550959e+03
2.568837897152542737e-01 2.009288491335198614e+03 2.156664418206061328e+03
2.811677721420339782e-01 1.754666886151621611e+03 1.869170923214524692e+03
3.062790434346451818e-01 1.507859614688674128e+03 1.597075554119441449e+03
3.313311990205343727e-01 1.388559778183135677e+03 1.478949694616186662e+03
3.554505676832757644e-01 1.207821565356225392e+03 1.298989467503997503e+03
3.797409759428852505e-01 1.083537503480555188e+03 1.151191129897314795e+03
4.042043237165472980e-01 1.000860541894531025e+03 1.059773584769430727e+03
4.287673421450296507e-01 8.550123809473578831e+02 9.059161127217297462e+02
4.534562801006977173e-01 7.986869135916499545e+02 8.469919021346344152e+02
4.780738444491431371e-01 7.688109843772531349e+02 8.115757016199632972e+02
5.026630068413446839e-01 7.086706003686043687e+02 7.417615344447691541e+02
5.271487706313333632e-01 6.957499884704883470e+02 7.314392668131189339e+02
5.515550784249925176e-01 6.582431555610363603e+02 6.910186681708264587e+02
5.762450688919315001e-01 5.960493973251050193e+02 6.278922890524821696e+02
6.007380805735611506e-01 5.649400900348605319e+02 5.935044350483834705e+02
6.253672373831143938e-01 5.386441863786260456e+02 5.615646548343365794e+02
6.501755823830386305e-01 4.877086812172892678e+02 5.125747169130241900e+02
6.747760941225345865e-01 4.714198418144148945e+02 4.969343398265551741e+02
6.991949513373587610e-01 4.429161739251268841e+02 4.650411505485380417e+02
7.236228637511089579e-01 4.222923499711393447e+02 4.423146962254352275e+02
7.480317977018523523e-01 4.186828144862176373e+02 4.388329411989495838e+02
7.726576112572679511e-01 4.006939702818138471e+02 4.204162623506333034e+02
7.973030407408827624e-01 3.872654686453907402e+02 4.050777203049302102e+02
8.219050394031606199e-01 3.735942060259643540e+02 3.922232790187451883e+02
8.465029529859586788e-01 3.527350328770724559e+02 3.694506701789385374e+02
8.710314617807571880e-01 3.356766856883157857e+02 3.526942028252470891e+02
8.955964540390221051e-01 3.102947159418293950e+02 3.245527421724195278e+02
9.200327912485964932e-01 3.090328138393564359e+02 3.234951496385056657e+02
9.445818830773816677e-01 2.937932357266577696e+02 3.063921449273325379e+02
9.691428403852909712e-01 2.974906767808127483e+02 3.108443557418665364e+02
9.936398339652569023e-01 2.904711812479627042e+02 3.055500114432152259e+02
1.018176782820507942e+00 2.779880678412475277e+02 2.930371404385434175e+02
1.042766853365621582e+00 2.658967712723626278e+02 2.782897816285999966e+02
1.067432079366278153e+00 2.555389131104157059e+02 2.671569374931175389e+02
1.092007825972616253e+00 2.485229550590707959e+02 2.598874914067114901e+02
1.116555949281071269e+00 2.403667020974553452e+02 2.521749308493596686e+02
1.140969998657552109e+00 2.408977765993833486e+02 2.529489409678675145e+02
1.165412799157594437e+00 2.340890358658981825e+02 2.452871342150335181e+02
1.190057268598827767e+00 2.206822867373585666e+02 2.314880960663778637e+02
1.214617866389426926e+00 2.172971223683808830e+02 2.274719307757127638e+02
1.239153515017866303e+00 2.108659449234436352e+02 2.200472985119435521e+02
1.263794672254038076e+00 2.052747986514108334e+02 2.141428517509559413e+02
1.288426493777925508e+00 2.002593524927380884e+02 2.097111870799874964e+02
1.313029045166066222e+00 1.973111985910846897e+02 2.069238604492721549e+02
1.337417753268757670e+00 1.893008502032079150e+02 1.989291456748729559e+02
1.361925448145902662e+00 1.864578238824469736e+02 1.958193827739015660e+02
1.386503814700803305e+00 1.824506698920149006e+02 1.915810801796239957e+02
1.410925965910736268e+00 1.774175651073198878e+02 1.865192940718589796e+02
1.435480380696713132e+00 1.726576957845020388e+02 1.818573559753916129e+02
1.460033395611762819e+00 1.661619912455917927e+02 1.755044452416695719e+02
1.484681614846454778e+00 1.665077587942784021e+02 1.745161933782216579e+02
1.509254924902153627e+00 1.624949513835854020e+02 1.700617337244694909e+02
1.533680946131934064e+00 1.591364476812044302e+02 1.670700516148129964e+02
1.558325242020618395e+00 1.571186969619608362e+02 1.649745417047447233e+02
1.582898818657196172e+00 1.549934778578951011e+02 1.624750267535349053e+02
1.607456402752097668e+00 1.506444905379457566e+02 1.576089559296694063e+02
1.631994660923775875e+00 1.478648372305439409e+02 1.556983818329424025e+02
1.656426602680801441e+00 1.438913691303216353e+02 1.511861580310100237e+02
1.681030763944247663e+00 1.413996011652885159e+02 1.484606891888949747e+02
1.705626778692082679e+00 1.375900459068431587e+02 1.442733307395467364e+02
1.730101932693856259e+00 1.355824211325496833e+02 1.421813544956311262e+02
1.754558260322716334e+00 1.331139451494972832e+02 1.401540272975487369e+02
1.779072581939174391e+00 1.314572771185049476e+02 1.381584331273595581e+02
1.803774998375834437e+00 1.282834051111590838e+02 1.352755611784660630e+02
1.828415224475618661e+00 1.270944840271321254e+02 1.336629684526879487e+02
1.852957785002211422e+00 1.253192843259638494e+02 1.317225403497011484e+02
1.877516303117015672e+00 1.216374484606255777e+02 1.283650871296732134e+02
1.902003194583360202e+00 1.208542114602603306e+02 1.272235374706089033e+02
1.926459206259836909e+00 1.195200388597832131e+02 1.261086973946907932e+02
1.950979244101561871e+00 1.174912336129871875e+02 1.237733001489199722e+02
1.975457770288180148e+00 1.155786758927949194e+02 1.220001163781589355e+02
1.999996309013334805e+00 1.121371818038537072e+02 1.186762693582794839e+02
2.024695913452227547e+00 1.096241883114931710e+02 1.163596410281173803e+02
2.049270495590969521e+00 1.086267146805888331e+02 1.156349209861252376e+02
2.073767679346899317e+00 1.067926133098498838e+02 1.131335348545305095e+02
2.098324428534850128e+00 1.052604077124736364e+02 1.110216251414844777e+02
2.122935889074646809e+00 1.037177115927083406e+02 1.098483967488345172e+02
2.147465173093049629e+00 1.014446223509904286e+02 1.075023282834061717e+02
2.171851386770913273e+00 1.000575405960054525e+02 1.057874127377122733e+02
2.196429360365885319e+00 9.908396260843967696e+01 1.053371590618459095e+02
2.221105043850578831e+00 9.821412610715469782e+01 1.041356570424381403e+02
2.245633118720809840e+00 9.760952769551045094e+01 1.035441114170147330e+02
2.270148613403661475e+00 9.535927565013756180e+01 1.010499462716021384e+02
2.294696009023289740e+00 9.347849165143692574e+01 9.908639343836073010e+01
2.319241441457444708e+00 9.162303713080794410e+01 9.726246145715251146e+01
2.343770146594723602e+00 9.093270397389655102e+01 9.671477715240577311e+01
2.368234709664871041e+00 8.962089320500894019e+01 9.527516217005219801e+01
2.392776617152194252e+00 8.727623355411006401e+01 9.315674187590575173e+01
2.417436309943946426e+00 8.608619417653000028e+01 9.140488877373145726e+01
2.441964092100820327e+00 8.585697393963204149e+01 9.119316301079163622e+01
2.466420201333919149e+00 8.461456428989832546e+01 9.037629266831810071e+01
2.491026169981223948e+00 8.376627910553479239e+01 8.943583351829768446e+01
2.515591102978649296e+00 8.317516139079945958e+01 8.838752429809923683e+01
2.540133082400877651e+00 8.221606878496292836e+01 8.760562772401600284e+01
2.564697215405975061e+00 8.057448345143630775e+01 8.590591628403065272e+01
2.589228454518015088e+00 7.900688282764168946e+01 8.427707757580179759e+01
2.613757183180440702e+00 7.846208189475629524e+01 8.378914186204229964e+01
2.638313502207512595e+00 7.689573523716117620e+01 8.184336626759790079e+01
2.662834301341306720e+00 7.597523318267127479e+01 8.112419000582762862e+01
2.687347884782291363e+00 7.538758228659810356e+01 8.037458485865184343e+01
2.711870266169386756e+00 7.431532780013363038e+01 7.924558079201783301e+01
2.736410240969383345e+00 7.274180595502205904e+01 7.779637622717692125e+01
2.760989340439442330e+00 7.145523067550821850e+01 7.636528849861082335e+01
2.785558473191997120e+00 7.018259645352577536e+01 7.510859237980326952e+01
2.810141778825738346e+00 6.990875867871329774e+01 7.451112103769055750e+01
2.834718102903821535e+00 6.986372226372402849e+01 7.464589405169533620e+01
2.859242120224363859e+00 6.944653625223186566e+01 7.421351413605889036e+01
2.883795674146918397e+00 6.809081872671056601e+01 7.277287436176661117e+01
2.908310367032441501e+00 6.734541731448953783e+01 7.205174273176336897e+01
2.932762648979863496e+00 6.635754437171517850e+01 7.102317569424685928e+01
2.957354671686772463e+00 6.536344319552462423e+01 6.996697491431940819e+01
2.981929099202057287e+00 6.444615045593222646e+01 6.916177848553954277e+01
3.006447522980065568e+00 6.395549246397524712e+01 6.873435780713653287e+01
3.031021325283102197e+00 6.337363961958795500e+01 6.786687273571051549e+01
3.055617158894413432e+00 6.262503485260716474e+01 6.717063257274838861e+01
3.080222423553735211e+00 6.123184016701253540e+01 6.588491569386958702e+01
3.104658431249708972e+00 6.036516524874340206e+01 6.460805001593020336e+01
3.129104157143472342e+00 5.984913397747126851e+01 6.426220356692098790e+01
3.153666107892540982e+00 5.892798881158148561e+01 6.329915095254435187e+01
3.178236510403852577e+00 5.841788671418169798e+01 6.272299613505305160e+01
3.202807723967755482e+00 5.813469207499964853e+01 6.251636822476588407e+01
3.227328988644422747e+00 5.698791513330014880e+01 6.129872319295014194e+01
3.251918303643163366e+00 5.650327414909809676e+01 6.091692537579465494e+01
3.276553677281378363e+00 5.590739415834493542e+01 6.007593728070436612e+01
3.301054613449531328e+00 5.522874818674815600e+01 5.941356054671646092e+01
3.325520506708000035e+00 5.504561932603376562e+01 5.948214741382727766e+01
3.350082606911083172e+00 5.417392383937164624e+01 5.862367254114938930e+01
3.374638471491168357e+00 5.327926005699033851e+01 5.740979820471999773e+01
3.399170621190092056e+00 5.282412786160876550e+01 5.677783396695632234e+01
3.423704409844894769e+00 5.134239980458065133e+01 5.549203812199080232e+01
3.448254086667305707e+00 5.119101881529896048e+01 5.529724543901297551e+01
3.472796448581847439e+00 5.067780530845475795e+01 5.469417731208100264e+01
3.497303225853108266e+00 5.000652199176028034e+01 5.413713432545276305e+01
3.521859985192977938e+00 4.961114159138947599e+01 5.354648600277272408e+01
3.546424286340617904e+00 4.927778658721238259e+01 5.330728734180343054e+01
3.570998981027290409e+00 4.888509419333313133e+01 5.276570483711029169e+01
3.595600871653301223e+00 4.815799241424021204e+01 5.192945392149286477e+01
3.620133714506168499e+00 4.737579655024870817e+01 5.121884057224538367e+01
3.644665090967286414e+00 4.683719640087389990e+01 5.056078394463651193e+01
3.669256741163455349e+00 4.619499946179969641e+01 4.982615841526692435e+01
3.693754493622263713e+00 4.579075810527088208e+01 4.952189457957525320e+01
3.718234765907703743e+00 4.522294203427541959e+01 4.901096219353458849e+01
3.742746452707597093e+00 4.445310292540906971e+01 4.816643036950949863e+01
3.767336798239477424e+00 4.402036702698678994e+01 4.774851121643505536e+01
3.791942667298908720e+00 4.379969768591502088e+01 4.734913513997793899e+01
3.816441815281845340e+00 4.316274739816526562e+01 4.677354250418158443e+01
3.840963437352050036e+00 4.299753371751991438e+01 4.662755652780496973e+01
3.865469441448510679e+00 4.258953292095510790e+01 4.618459271326978666e+01
3.890043745248791485e+00 4.199601708400866329e+01 4.558831540393698845e+01
3.914615689522903175e+00 4.133122738824662434e+01 4.491458355477397646e+01
3.939097121164933490e+00 4.105389935091085363e+01 4.469235538730291779e+01
3.963665290400354202e+00 4.062202792575682508e+01 4.421597936100905457e+01
3.988256645205220607e+00 4.025930233434664274e+01 4.371013294687216444e+01
4.012797453054211871e+00 3.956478894638498645e+01 4.298790319674773741e+01
4.037351537842088334e+00 3.898411611045165159e+01 4.239821575061431247e+01
4.061914585401027900e+00 3.845810810859073570e+01 4.180166129989169832e+01
4.086437815517499850e+00 3.829347192030549252e+01 4.168788774661990715e+01
4.110951046617015159e+00 3.798355652689443218e+01 4.145186070706689918e+01
4.135472734262805261e+00 3.755845930124831256e+01 4.111220004990416754e+01
4.160026531205497591e+00 3.713117842225050680e+01 4.049994907998996752e+01
4.184627233559072401e+00 3.689821094267431789e+01 4.025508443512279655e+01
4.209183402302661747e+00 3.633645229464939064e+01 3.977260204815850386e+01
4.233703910607026444e+00 3.584454532412742367e+01 3.923461688500889721e+01
4.258250420165045291e+00 3.543849526576659059e+01 3.882769200253659392e+01
4.282795097965550468e+00 3.519152333827469903e+01 3.862988122237062072e+01
4.307362905596606950e+00 3.499196011601254952e+01 3.824132351541371122e+01
4.331889236955777100e+00 3.443967114803501062e+01 3.776482940694724277e+01
4.356351782716353149e+00 3.381277538802753924e+01 3.706667926020841719e+01
4.380869968189077035e+00 3.366658811230674075e+01 3.682908609584217885e+01
4.405442015258435262e+00 3.321870678726665460e+01 3.640454713464426106e+01
4.430038154713768606e+00 3.290535084620370299e+01 3.619456580554484759e+01
4.454549098485687253e+00 3.271570901684858512e+01 3.575877984753027050e+01
4.479064117175447279e+00 3.236899867907646211e+01 3.559525656076382916e+01
4.503684799355169410e+00 3.200231027923101124e+01 3.525775747998336129e+01
4.528242374938078463e+00 3.152182577894245696e+01 3.476066419679228403e+01
4.552775342002050252e+00 3.147096554513979427e+01 3.460085612008196421e+01
4.577325162575355044e+00 3.109139517649440165e+01 3.428758268543939636e+01
4.601909666628191786e+00 3.080317906126348504e+01 3.399754077861862811e+01
4.626452257502047694e+00 3.036753507838940180e+01 3.355510280645543730e+01
4.650940074150386572e+00 2.986918519704570940e+01 3.309841591941865602e+01
4.675452428806773142e+00 2.972157410840171821e+01 3.282306763357004087e+01
4.700012478571549579e+00 2.928298692550588811e+01 3.255007705406539742e+01
4.724564252754682947e+00 2.871523364106566589e+01 3.185089113025892260e+01
4.749083637952227654e+00 2.854952851253339219e+01 3.165322191838178867e+01
4.773640954484383414e+00 2.831139252733889577e+01 3.142051296269085370e+01
4.798218062373196702e+00 2.816290083053496218e+01 3.129619454917617816e+01
4.822796979808900097e+00 2.777286130094541150e+01 3.091708894943947428e+01
4.847294457657936206e+00 2.744858041209571198e+01 3.045624257591597939e+01
4.871792762736153470e+00 2.698624934040178402e+01 2.998014948155867643e+01
4.896353863643452264e+00 2.679231421794115064e+01 2.980502167345515474e+01
4.920905835235039660e+00 2.661891697520799482e+01 2.973105456854151996e+01
4.945446202376126088e+00 2.649563049406210169e+01 2.949083583359212568e+01
4.969987170607944371e+00 2.616789380142942179e+01 2.924570209473375471e+01
4.994549881773915345e+00 2.572600516239733892e+01 2.871876700013803685e+01
5.019089867533919502e+00 2.546893976509094060e+01 2.844437949243354069e+01
5.043657965768904461e+00 2.517273701668280950e+01 2.818940946313604101e+01
5.068231648991710081e+00 2.487428206218932658e+01 2.791015228389656500e+01
5.092745460766996857e+00 2.464241676848585882e+01 2.760286976089179589e+01
5.117271972670701885e+00 2.412740858390851528e+01 2.715736749420052831e+01
5.141819468888066069e+00 2.397072269713063619e+01 2.687923930312578946e+01
5.166361760711475348e+00 2.364458953859886492e+01 2.666201414258652136e+01
5.190889147532012693e+00 2.339968537232783063e+01 2.617219767444455414e+01
5.215413797921450545e+00 2.326784859051740284e+01 2.598125040767263272e+01
5.240003176458370326e+00 2.310220816866745608e+01 2.593682830428397068e+01
5.264574876720439001e+00 2.282450658960532763e+01 2.560464829824577748e+01
5.289071055375218045e+00 2.259760067534203998e+01 2.541418154430808940e+01
5.313607607293103108e+00 2.238088268700533945e+01 2.516124631332367656e+01
5.338150456576858716e+00 2.208984437123935507e+01 2.495371172441409513e+01
5.362714209695266909e+00 2.189226703798647122e+01 2.467641726049039974e+01
5.387260596384244593e+00 2.175968080426665452e+01 2.446591966770360926e+01
5.411760803823801425e+00 2.165130658402083341e+01 2.438864209713389286e+01
5.436329641198601514e+00 2.132125977511594783e+01 2.408760999786372636e+01
5.460880694997348073e+00 2.108536662661557770e+01 2.379411664535749793e+01
5.485422509986556783e+00 2.090488198478896464e+01 2.366323024685451415e+01
5.509989251405812638e+00 2.056835910641383336e+01 2.329176920988254551e+01
5.534532319035204928e+00 2.036988927315363540e+01 2.308683985033146158e+01
5.559065918477322121e+00 2.020932365089388583e+01 2.284560953635287817e+01
5.583595599117018082e+00 2.003622734229603353e+01 2.260851675126604476e+01
5.608152791658149283e+00 1.974360823777589857e+01 2.229499859428048225e+01
5.632726999598411943e+00 1.957402777568925245e+01 2.215872774775861842e+01
5.657254664025309410e+00 1.953266549266801277e+01 2.206433995200374909e+01
5.681777520433850981e+00 1.927153736051739585e+01 2.180187080469818994e+01
5.706331074527888347e+00 1.912143741484354464e+01 2.158219797812231278e+01
5.730904673352310574e+00 1.885150845403010322e+01 2.137601118393750355e+01
5.755446631809934210e+00 1.867198469677889605e+01 2.125588508625217443e+01
5.779967117268531851e+00 1.852405240524065277e+01 2.095087728077971789e+01
5.804518294020360791e+00 1.826519044702852668e+01 2.071516493906280942e+01
5.829038799766856904e+00 1.818668758031175514e+01 2.061926440288501539e+01
5.853525995437967033e+00 1.801772931509719555e+01 2.055257548469313633e+01
5.878070134362088695e+00 1.786179496959924506e+01 2.039582685669040174e+01
5.902642201624480833e+00 1.770071185987650253e+01 2.009752390814438527e+01
5.927201969622910127e+00 1.756243205862484658e+01 1.997746795960620148e+01
5.951774900213502306e+00 1.734373606683006486e+01 1.980422973185903501e+01
5.976339359209581481e+00 1.716605612718118934e+01 1.971952642932989264e+01
6.000923976643488977e+00 1.700022399441294496e+01 1.948052938640536169e+01
6.025455341312832225e+00 1.692289595078660014e+01 1.939291198791748272e+01
6.049944459359555715e+00 1.668911093828476311e+01 1.910834560054449938e+01
6.074510760121339281e+00 1.657328415843200986e+01 1.895863338159843181e+01
6.099061386538314977e+00 1.643831460797008148e+01 1.885420941439810960e+01
6.123563796207534438e+00 1.624785969713576250e+01 1.859671781300651361e+01
6.148112506352654272e+00 1.617932295572673596e+01 1.852538159570295306e+01
6.172679221737511490e+00 1.604273166866237688e+01 1.842652325522968226e+01
6.197226931636002689e+00 1.588274051159705280e+01 1.821607501037093613e+01
6.221737176806632519e+00 1.573978948875680040e+01 1.809818995282448739e+01
6.246285785358609566e+00 1.559351036149736558e+01 1.796057336333485566e+01
6.270876701768449024e+00 1.550449409076315455e+01 1.779907568878313739e+01
