    7.38550e-05     4.12990e+01
    7.43673e-05     4.15761e+01
    7.48832e-05     4.18550e+01
    7.54027e-05     4.21359e+01
    7.59258e-05     4.24188e+01
    7.64525e-05     4.27035e+01
    7.69829e-05     4.29902e+01
    7.75169e-05     4.32788e+01
    7.80547e-05     4.35694e+01
    7.85961e-05     4.38619e+01
    7.91414e-05     4.41565e+01
    7.96904e-05     4.44530e+01
    8.02432e-05     4.47515e+01
    8.07999e-05     4.50520e+01
    8.13604e-05     4.53546e+01
    8.19248e-05     4.56592e+01
    8.24931e-05     4.59658e+01
    8.30654e-05     4.62745e+01
    8.36416e-05     4.65852e+01
    8.42219e-05     4.68981e+01
    8.48061e-05     4.72130e+01
    8.53944e-05     4.75300e+01
    8.59868e-05     4.78491e+01
    8.65833e-05     4.81703e+01
    8.71840e-05     4.84937e+01
    8.77888e-05     4.88193e+01
    8.83978e-05     4.91470e+01
    8.90110e-05     4.94769e+01
    8.96285e-05     4.98090e+01
    9.02503e-05     5.01434e+01
    9.08764e-05     5.04799e+01
    9.15068e-05     5.08187e+01
    9.21416e-05     5.11598e+01
    9.27808e-05     5.15032e+01
    9.34244e-05     5.18490e+01
    9.40725e-05     5.21970e+01
    9.47251e-05     5.25475e+01
    9.53822e-05     5.29003e+01
    9.60439e-05     5.32556e+01
    9.67102e-05     5.36133e+01
    9.73811e-05     5.39734e+01
    9.80566e-05     5.43360e+01
    9.87369e-05     5.47011e+01
    9.94218e-05     5.50686e+01
    1.00112e-04     5.54386e+01
    1.00806e-04     5.58110e+01
    1.01505e-04     5.61859e+01
    1.02209e-04     5.65632e+01
    1.02919e-04     5.69429e+01
    1.03632e-04     5.73251e+01
    1.04351e-04     5.77097e+01
    1.05075e-04     5.80968e+01
    1.05804e-04     5.84865e+01
    1.06538e-04     5.88788e+01
    1.07277e-04     5.92736e+01
    1.08021e-04     5.96712e+01
    1.08771e-04     6.00715e+01
    1.09525e-04     6.04746e+01
    1.10285e-04     6.08805e+01
    1.11050e-04     6.12892e+01
    1.11821e-04     6.17008e+01
    1.12596e-04     6.21153e+01
    1.13377e-04     6.25326e+01
    1.14164e-04     6.29527e+01
    1.14956e-04     6.33757e+01
    1.15753e-04     6.38016e+01
    1.16556e-04     6.42302e+01
    1.17365e-04     6.46616e+01
    1.18179e-04     6.50959e+01
    1.18999e-04     6.55329e+01
    1.19825e-04     6.59728e+01
    1.20656e-04     6.64156e+01
    1.21493e-04     6.68613e+01
    1.22336e-04     6.73099e+01
    1.23184e-04     6.77615e+01
    1.24039e-04     6.82161e+01
    1.24899e-04     6.86738e+01
    1.25766e-04     6.91345e+01
    1.26638e-04     6.95984e+01
    1.27517e-04     7.00654e+01
    1.28401e-04     7.05356e+01
    1.29292e-04     7.10089e+01
    1.30189e-04     7.14855e+01
    1.31092e-04     7.19652e+01
    1.32001e-04     7.24482e+01
    1.32917e-04     7.29344e+01
    1.33839e-04     7.34239e+01
    1.34768e-04     7.39166e+01
    1.35703e-04     7.44126e+01
    1.36644e-04     7.49119e+01
    1.37592e-04     7.54146e+01
    1.38546e-04     7.59206e+01
    1.39508e-04     7.64299e+01
    1.40475e-04     7.69427e+01
    1.41450e-04     7.74588e+01
    1.42431e-04     7.79784e+01
    1.43419e-04     7.85014e+01
    1.44414e-04     7.90279e+01
    1.45416e-04     7.95578e+01
    1.46425e-04     8.00913e+01
    1.47440e-04     8.06283e+01
    1.48463e-04     8.11689e+01
    1.49493e-04     8.17131e+01
    1.50530e-04     8.22610e+01
    1.51574e-04     8.28125e+01
    1.52626e-04     8.33677e+01
    1.53685e-04     8.39266e+01
    1.54751e-04     8.44893e+01
    1.55824e-04     8.50557e+01
    1.56905e-04     8.56260e+01
    1.57994e-04     8.62002e+01
    1.59090e-04     8.67783e+01
    1.60194e-04     8.73603e+01
    1.61305e-04     8.79464e+01
    1.62424e-04     8.85365e+01
    1.63551e-04     8.91306e+01
    1.64685e-04     8.97290e+01
    1.65828e-04     9.03315e+01
    1.66978e-04     9.09381e+01
    1.68136e-04     9.15489e+01
    1.69303e-04     9.21638e+01
    1.70477e-04     9.27828e+01
    1.71660e-04     9.34059e+01
    1.72851e-04     9.40331e+01
    1.74050e-04     9.46644e+01
    1.75257e-04     9.52997e+01
    1.76473e-04     9.59390e+01
    1.77697e-04     9.65824e+01
    1.78930e-04     9.72299e+01
    1.80171e-04     9.78817e+01
    1.81421e-04     9.85376e+01
    1.82680e-04     9.91980e+01
    1.83947e-04     9.98627e+01
    1.85223e-04     1.00532e+02
    1.86508e-04     1.01206e+02
    1.87802e-04     1.01884e+02
    1.89105e-04     1.02567e+02
    1.90416e-04     1.03255e+02
    1.91737e-04     1.03948e+02
    1.93067e-04     1.04645e+02
    1.94407e-04     1.05347e+02
    1.95755e-04     1.06054e+02
    1.97113e-04     1.06766e+02
    1.98481e-04     1.07482e+02
    1.99858e-04     1.08203e+02
    2.01244e-04     1.08929e+02
    2.02640e-04     1.09659e+02
    2.04046e-04     1.10394e+02
    2.05461e-04     1.11134e+02
    2.06887e-04     1.11879e+02
    2.08322e-04     1.12629e+02
    2.09767e-04     1.13384e+02
    2.11222e-04     1.14144e+02
    2.12688e-04     1.14909e+02
    2.14163e-04     1.15679e+02
    2.15649e-04     1.16455e+02
    2.17145e-04     1.17236e+02
    2.18651e-04     1.18022e+02
    2.20168e-04     1.18814e+02
    2.21695e-04     1.19611e+02
    2.23233e-04     1.20414e+02
    2.24782e-04     1.21221e+02
    2.26341e-04     1.22034e+02
    2.27911e-04     1.22852e+02
    2.29492e-04     1.23675e+02
    2.31084e-04     1.24504e+02
    2.32687e-04     1.25338e+02
    2.34302e-04     1.26177e+02
    2.35927e-04     1.27021e+02
    2.37564e-04     1.27872e+02
    2.39212e-04     1.28727e+02
    2.40871e-04     1.29589e+02
    2.42542e-04     1.30457e+02
    2.44225e-04     1.31330e+02
    2.45919e-04     1.32210e+02
    2.47625e-04     1.33096e+02
    2.49343e-04     1.33988e+02
    2.51072e-04     1.34886e+02
    2.52814e-04     1.35790e+02
    2.54568e-04     1.36700e+02
    2.56334e-04     1.37616e+02
    2.58112e-04     1.38539e+02
    2.59903e-04     1.39467e+02
    2.61706e-04     1.40402e+02
    2.63521e-04     1.41342e+02
    2.65349e-04     1.42288e+02
    2.67190e-04     1.43241e+02
    2.69044e-04     1.44199e+02
    2.70910e-04     1.45164e+02
    2.72789e-04     1.46135e+02
    2.74682e-04     1.47113e+02
    2.76587e-04     1.48097e+02
    2.78506e-04     1.49088e+02
    2.80438e-04     1.50085e+02
    2.82383e-04     1.51089e+02
    2.84342e-04     1.52100e+02
    2.86315e-04     1.53118e+02
    2.88301e-04     1.54143e+02
    2.90301e-04     1.55174e+02
    2.92315e-04     1.56213e+02
    2.94343e-04     1.57258e+02
    2.96385e-04     1.58311e+02
    2.98441e-04     1.59371e+02
    3.00511e-04     1.60437e+02
    3.02596e-04     1.61511e+02
    3.04695e-04     1.62592e+02
    3.06809e-04     1.63681e+02
    3.08937e-04     1.64776e+02
    3.11080e-04     1.65879e+02
    3.13238e-04     1.66988e+02
    3.15411e-04     1.68105e+02
    3.17599e-04     1.69230e+02
    3.19802e-04     1.70361e+02
    3.22021e-04     1.71500e+02
    3.24255e-04     1.72646e+02
    3.26504e-04     1.73800e+02
    3.28769e-04     1.74961e+02
    3.31050e-04     1.76130e+02
    3.33347e-04     1.77306e+02
    3.35659e-04     1.78491e+02
    3.37988e-04     1.79683e+02
    3.40332e-04     1.80884e+02
    3.42693e-04     1.82093e+02
    3.45071e-04     1.83310e+02
    3.47464e-04     1.84536e+02
    3.49875e-04     1.85769e+02
    3.52302e-04     1.87012e+02
    3.54746e-04     1.88262e+02
    3.57207e-04     1.89521e+02
    3.59685e-04     1.90788e+02
    3.62180e-04     1.92063e+02
    3.64692e-04     1.93346e+02
    3.67222e-04     1.94637e+02
    3.69770e-04     1.95937e+02
    3.72335e-04     1.97245e+02
    3.74918e-04     1.98561e+02
    3.77519e-04     1.99886e+02
    3.80138e-04     2.01220e+02
    3.82775e-04     2.02562e+02
    3.85430e-04     2.03913e+02
    3.88104e-04     2.05274e+02
    3.90796e-04     2.06643e+02
    3.93507e-04     2.08022e+02
    3.96237e-04     2.09410e+02
    3.98986e-04     2.10808e+02
    4.01754e-04     2.12215e+02
    4.04541e-04     2.13632e+02
    4.07347e-04     2.15057e+02
    4.10173e-04     2.16492e+02
    4.13018e-04     2.17937e+02
    4.15884e-04     2.19391e+02
    4.18769e-04     2.20854e+02
    4.21674e-04     2.22327e+02
    4.24599e-04     2.23809e+02
    4.27544e-04     2.25300e+02
    4.30510e-04     2.26802e+02
    4.33497e-04     2.28313e+02
    4.36504e-04     2.29834e+02
    4.39532e-04     2.31365e+02
    4.42581e-04     2.32906e+02
    4.45652e-04     2.34457e+02
    4.48743e-04     2.36019e+02
    4.51856e-04     2.37591e+02
    4.54991e-04     2.39173e+02
    4.58147e-04     2.40766e+02
    4.61325e-04     2.42369e+02
    4.64526e-04     2.43983e+02
    4.67748e-04     2.45608e+02
    4.70993e-04     2.47243e+02
    4.74260e-04     2.48889e+02
    4.77550e-04     2.50546e+02
    4.80863e-04     2.52213e+02
    4.84199e-04     2.53892e+02
    4.87558e-04     2.55581e+02
    4.90940e-04     2.57281e+02
    4.94346e-04     2.58992e+02
    4.97775e-04     2.60715e+02
    5.01228e-04     2.62448e+02
    5.04706e-04     2.64193e+02
    5.08207e-04     2.65949e+02
    5.11732e-04     2.67717e+02
    5.15282e-04     2.69496e+02
    5.18857e-04     2.71287e+02
    5.22456e-04     2.73089e+02
    5.26081e-04     2.74903e+02
    5.29730e-04     2.76729e+02
    5.33405e-04     2.78566e+02
    5.37105e-04     2.80416e+02
    5.40831e-04     2.82278e+02
    5.44583e-04     2.84152e+02
    5.48361e-04     2.86038e+02
    5.52165e-04     2.87936e+02
    5.55995e-04     2.89847e+02
    5.59852e-04     2.91770e+02
    5.63736e-04     2.93705e+02
    5.67647e-04     2.95653e+02
    5.71585e-04     2.97614e+02
    5.75550e-04     2.99587e+02
    5.79543e-04     3.01573e+02
    5.83563e-04     3.03571e+02
    5.87611e-04     3.05582e+02
    5.91688e-04     3.07606e+02
    5.95792e-04     3.09643e+02
    5.99925e-04     3.11693e+02
    6.04087e-04     3.13756e+02
    6.08278e-04     3.15833e+02
    6.12498e-04     3.17923e+02
    6.16747e-04     3.20026e+02
    6.21025e-04     3.22143e+02
    6.25333e-04     3.24274e+02
    6.29671e-04     3.26419e+02
    6.34039e-04     3.28577e+02
    6.38438e-04     3.30750e+02
    6.42867e-04     3.32936e+02
    6.47326e-04     3.35137e+02
    6.51817e-04     3.37352e+02
    6.56339e-04     3.39580e+02
    6.60892e-04     3.41823e+02
    6.65477e-04     3.44080e+02
    6.70093e-04     3.46351e+02
    6.74742e-04     3.48637e+02
    6.79422e-04     3.50937e+02
    6.84136e-04     3.53252e+02
    6.88882e-04     3.55581e+02
    6.93661e-04     3.57925e+02
    6.98473e-04     3.60284e+02
    7.03318e-04     3.62658e+02
    7.08197e-04     3.65048e+02
    7.13110e-04     3.67452e+02
    7.18057e-04     3.69872e+02
    7.23038e-04     3.72308e+02
    7.28054e-04     3.74760e+02
    7.33105e-04     3.77227e+02
    7.38190e-04     3.79709e+02
    7.43311e-04     3.82208e+02
    7.48468e-04     3.84722e+02
    7.53660e-04     3.87252e+02
    7.58888e-04     3.89798e+02
    7.64153e-04     3.92359e+02
    7.69454e-04     3.94937e+02
    7.74792e-04     3.97531e+02
    7.80166e-04     4.00141e+02
    7.85579e-04     4.02767e+02
    7.91028e-04     4.05410e+02
    7.96516e-04     4.08070e+02
    8.02041e-04     4.10746e+02
    8.07605e-04     4.13439e+02
    8.13208e-04     4.16150e+02
    8.18849e-04     4.18877e+02
    8.24530e-04     4.21621e+02
    8.30249e-04     4.24383e+02
    8.36009e-04     4.27163e+02
    8.41808e-04     4.29959e+02
    8.47648e-04     4.32773e+02
    8.53529e-04     4.35605e+02
    8.59450e-04     4.38454e+02
    8.65412e-04     4.41321e+02
    8.71415e-04     4.44205e+02
    8.77460e-04     4.47107e+02
    8.83547e-04     4.50028e+02
    8.89677e-04     4.52966e+02
    8.95849e-04     4.55922e+02
    9.02063e-04     4.58896e+02
    9.08321e-04     4.61889e+02
    9.14622e-04     4.64900e+02
    9.20967e-04     4.67930e+02
    9.27356e-04     4.70979e+02
    9.33789e-04     4.74046e+02
    9.40267e-04     4.77132e+02
    9.46790e-04     4.80238e+02
    9.53358e-04     4.83362e+02
    9.59971e-04     4.86506e+02
    9.66631e-04     4.89670e+02
    9.73337e-04     4.92852e+02
    9.80089e-04     4.96055e+02
    9.86888e-04     4.99277e+02
    9.93734e-04     5.02519e+02
    1.00063e-03     5.05780e+02
    1.00757e-03     5.09062e+02
    1.01456e-03     5.12364e+02
    1.02160e-03     5.15686e+02
    1.02868e-03     5.19027e+02
    1.03582e-03     5.22390e+02
    1.04301e-03     5.25772e+02
    1.05024e-03     5.29174e+02
    1.05753e-03     5.32597e+02
    1.06486e-03     5.36040e+02
    1.07225e-03     5.39504e+02
    1.07969e-03     5.42988e+02
    1.08718e-03     5.46493e+02
    1.09472e-03     5.50019e+02
    1.10231e-03     5.53566e+02
    1.10996e-03     5.57135e+02
    1.11766e-03     5.60725e+02
    1.12542e-03     5.64337e+02
    1.13322e-03     5.67971e+02
    1.14108e-03     5.71628e+02
    1.14900e-03     5.75307e+02
    1.15697e-03     5.79008e+02
    1.16500e-03     5.82732e+02
    1.17308e-03     5.86478e+02
    1.18122e-03     5.90246e+02
    1.18941e-03     5.94036e+02
    1.19766e-03     5.97848e+02
    1.20597e-03     6.01682e+02
    1.21434e-03     6.05538e+02
    1.22276e-03     6.09416e+02
    1.23124e-03     6.13316e+02
    1.23978e-03     6.17239e+02
    1.24838e-03     6.21184e+02
    1.25704e-03     6.25151e+02
    1.26576e-03     6.29142e+02
    1.27455e-03     6.33156e+02
    1.28339e-03     6.37194e+02
    1.29229e-03     6.41256e+02
    1.30126e-03     6.45341e+02
    1.31028e-03     6.49451e+02
    1.31937e-03     6.53586e+02
    1.32852e-03     6.57745e+02
    1.33774e-03     6.61928e+02
    1.34702e-03     6.66137e+02
    1.35637e-03     6.70371e+02
    1.36577e-03     6.74629e+02
    1.37525e-03     6.78913e+02
    1.38479e-03     6.83222e+02
    1.39440e-03     6.87557e+02
    1.40407e-03     6.91917e+02
    1.41381e-03     6.96302e+02
    1.42362e-03     7.00713e+02
    1.43349e-03     7.05148e+02
    1.44344e-03     7.09609e+02
    1.45345e-03     7.14094e+02
    1.46353e-03     7.18604e+02
    1.47369e-03     7.23138e+02
    1.48391e-03     7.27696e+02
    1.49420e-03     7.32279e+02
    1.50457e-03     7.36886e+02
    1.51501e-03     7.41518e+02
    1.52552e-03     7.46176e+02
    1.53610e-03     7.50859e+02
    1.54676e-03     7.55570e+02
    1.55749e-03     7.60307e+02
    1.56829e-03     7.65072e+02
    1.57917e-03     7.69865e+02
    1.59012e-03     7.74687e+02
    1.60116e-03     7.79538e+02
    1.61226e-03     7.84417e+02
    1.62345e-03     7.89325e+02
    1.63471e-03     7.94261e+02
    1.64605e-03     7.99224e+02
    1.65747e-03     8.04214e+02
    1.66897e-03     8.09231e+02
    1.68054e-03     8.14274e+02
    1.69220e-03     8.19344e+02
    1.70394e-03     8.24439e+02
    1.71576e-03     8.29560e+02
    1.72767e-03     8.34707e+02
    1.73965e-03     8.39881e+02
    1.75172e-03     8.45082e+02
    1.76387e-03     8.50310e+02
    1.77611e-03     8.55567e+02
    1.78843e-03     8.60853e+02
    1.80083e-03     8.66167e+02
    1.81333e-03     8.71512e+02
    1.82591e-03     8.76886e+02
    1.83857e-03     8.82290e+02
    1.85133e-03     8.87725e+02
    1.86417e-03     8.93188e+02
    1.87710e-03     8.98681e+02
    1.89012e-03     9.04203e+02
    1.90324e-03     9.09754e+02
    1.91644e-03     9.15333e+02
    1.92973e-03     9.20941e+02
    1.94312e-03     9.26577e+02
    1.95660e-03     9.32241e+02
    1.97017e-03     9.37933e+02
    1.98384e-03     9.43654e+02
    1.99760e-03     9.49404e+02
    2.01146e-03     9.55183e+02
    2.02541e-03     9.60991e+02
    2.03947e-03     9.66830e+02
    2.05361e-03     9.72698e+02
    2.06786e-03     9.78597e+02
    2.08220e-03     9.84527e+02
    2.09665e-03     9.90487e+02
    2.11119e-03     9.96479e+02
    2.12584e-03     1.00250e+03
    2.14059e-03     1.00855e+03
    2.15544e-03     1.01464e+03
    2.17039e-03     1.02075e+03
    2.18545e-03     1.02690e+03
    2.20061e-03     1.03308e+03
    2.21587e-03     1.03928e+03
    2.23124e-03     1.04552e+03
    2.24672e-03     1.05179e+03
    2.26231e-03     1.05809e+03
    2.27800e-03     1.06442e+03
    2.29381e-03     1.07079e+03
    2.30972e-03     1.07718e+03
    2.32574e-03     1.08360e+03
    2.34188e-03     1.09006e+03
    2.35812e-03     1.09654e+03
    2.37448e-03     1.10306e+03
    2.39095e-03     1.10961e+03
    2.40754e-03     1.11618e+03
    2.42424e-03     1.12279e+03
    2.44106e-03     1.12943e+03
    2.45799e-03     1.13610e+03
    2.47504e-03     1.14280e+03
    2.49221e-03     1.14953e+03
    2.50950e-03     1.15630e+03
    2.52691e-03     1.16309e+03
    2.54444e-03     1.16992e+03
    2.56209e-03     1.17678e+03
    2.57986e-03     1.18366e+03
    2.59776e-03     1.19058e+03
    2.61578e-03     1.19754e+03
    2.63393e-03     1.20452e+03
    2.65220e-03     1.21153e+03
    2.67060e-03     1.21858e+03
    2.68913e-03     1.22566e+03
    2.70778e-03     1.23277e+03
    2.72656e-03     1.23991e+03
    2.74548e-03     1.24709e+03
    2.76453e-03     1.25429e+03
    2.78370e-03     1.26153e+03
    2.80301e-03     1.26880e+03
    2.82246e-03     1.27610e+03
    2.84204e-03     1.28343e+03
    2.86175e-03     1.29079e+03
    2.88161e-03     1.29818e+03
    2.90160e-03     1.30561e+03
    2.92173e-03     1.31306e+03
    2.94199e-03     1.32054e+03
    2.96240e-03     1.32806e+03
    2.98295e-03     1.33561e+03
    3.00365e-03     1.34318e+03
    3.02448e-03     1.35079e+03
    3.04547e-03     1.35843e+03
    3.06659e-03     1.36610e+03
    3.08787e-03     1.37380e+03
    3.10929e-03     1.38154e+03
    3.13086e-03     1.38930e+03
    3.15258e-03     1.39710e+03
    3.17445e-03     1.40493e+03
    3.19647e-03     1.41279e+03
    3.21864e-03     1.42068e+03
    3.24097e-03     1.42860e+03
    3.26345e-03     1.43655e+03
    3.28609e-03     1.44454e+03
    3.30889e-03     1.45255e+03
    3.33184e-03     1.46059e+03
    3.35496e-03     1.46866e+03
    3.37823e-03     1.47676e+03
    3.40167e-03     1.48490e+03
    3.42526e-03     1.49306e+03
    3.44902e-03     1.50125e+03
    3.47295e-03     1.50947e+03
    3.49704e-03     1.51772e+03
    3.52130e-03     1.52600e+03
    3.54573e-03     1.53432e+03
    3.57033e-03     1.54266e+03
    3.59510e-03     1.55103e+03
    3.62004e-03     1.55943e+03
    3.64515e-03     1.56786e+03
    3.67044e-03     1.57631e+03
    3.69590e-03     1.58480e+03
    3.72154e-03     1.59331e+03
    3.74735e-03     1.60186e+03
    3.77335e-03     1.61043e+03
    3.79953e-03     1.61902e+03
    3.82588e-03     1.62765e+03
    3.85242e-03     1.63630e+03
    3.87915e-03     1.64498e+03
    3.90606e-03     1.65368e+03
    3.93316e-03     1.66242e+03
    3.96044e-03     1.67118e+03
    3.98792e-03     1.67997e+03
    4.01558e-03     1.68879e+03
    4.04344e-03     1.69763e+03
    4.07149e-03     1.70651e+03
    4.09973e-03     1.71541e+03
    4.12817e-03     1.72434e+03
    4.15681e-03     1.73329e+03
    4.18565e-03     1.74227e+03
    4.21468e-03     1.75127e+03
    4.24392e-03     1.76030e+03
    4.27336e-03     1.76934e+03
    4.30301e-03     1.77841e+03
    4.33286e-03     1.78750e+03
    4.36292e-03     1.79661e+03
    4.39318e-03     1.80574e+03
    4.42366e-03     1.81490e+03
    4.45435e-03     1.82408e+03
    4.48525e-03     1.83329e+03
    4.51636e-03     1.84252e+03
    4.54769e-03     1.85178e+03
    4.57924e-03     1.86107e+03
    4.61101e-03     1.87040e+03
    4.64299e-03     1.87975e+03
    4.67520e-03     1.88913e+03
    4.70764e-03     1.89853e+03
    4.74029e-03     1.90795e+03
    4.77318e-03     1.91739e+03
    4.80629e-03     1.92683e+03
    4.83963e-03     1.93627e+03
    4.87321e-03     1.94572e+03
    4.90701e-03     1.95516e+03
    4.94105e-03     1.96459e+03
    4.97533e-03     1.97410e+03
    5.00984e-03     1.98367e+03
    5.04460e-03     1.99321e+03
    5.07959e-03     2.00280e+03
    5.11483e-03     2.01238e+03
    5.15031e-03     2.02197e+03
    5.18604e-03     2.03161e+03
    5.22202e-03     2.04122e+03
    5.25824e-03     2.05090e+03
    5.29472e-03     2.06054e+03
    5.33145e-03     2.07024e+03
    5.36844e-03     2.07994e+03
    5.40568e-03     2.08965e+03
    5.44318e-03     2.09935e+03
    5.48094e-03     2.10913e+03
    5.51896e-03     2.11882e+03
    5.55725e-03     2.12860e+03
    5.59580e-03     2.13839e+03
    5.63462e-03     2.14816e+03
    5.67371e-03     2.15793e+03
    5.71306e-03     2.16775e+03
    5.75270e-03     2.17757e+03
    5.79260e-03     2.18737e+03
    5.83279e-03     2.19720e+03
    5.87325e-03     2.20700e+03
    5.91400e-03     2.21686e+03
    5.95502e-03     2.22673e+03
    5.99633e-03     2.23658e+03
    6.03793e-03     2.24643e+03
    6.07982e-03     2.25630e+03
    6.12199e-03     2.26615e+03
    6.16446e-03     2.27600e+03
    6.20723e-03     2.28591e+03
    6.25029e-03     2.29579e+03
    6.29365e-03     2.30563e+03
    6.33731e-03     2.31550e+03
    6.38127e-03     2.32541e+03
    6.42554e-03     2.33528e+03
    6.47011e-03     2.34514e+03
    6.51500e-03     2.35507e+03
    6.56019e-03     2.36492e+03
    6.60570e-03     2.37478e+03
    6.65152e-03     2.38465e+03
    6.69767e-03     2.39449e+03
    6.74413e-03     2.40435e+03
    6.79092e-03     2.41422e+03
    6.83803e-03     2.42406e+03
    6.88546e-03     2.43391e+03
    6.93323e-03     2.44377e+03
    6.98132e-03     2.45361e+03
    7.02975e-03     2.46342e+03
    7.07852e-03     2.47325e+03
    7.12763e-03     2.48301e+03
    7.17707e-03     2.49280e+03
    7.22686e-03     2.50259e+03
    7.27699e-03     2.51231e+03
    7.32748e-03     2.52206e+03
    7.37831e-03     2.53180e+03
    7.42949e-03     2.54148e+03
    7.48103e-03     2.55118e+03
    7.53293e-03     2.56089e+03
    7.58519e-03     2.57060e+03
    7.63781e-03     2.58023e+03
    7.69079e-03     2.58987e+03
    7.74414e-03     2.59942e+03
    7.79786e-03     2.60903e+03
    7.85196e-03     2.61858e+03
    7.90643e-03     2.62814e+03
    7.96128e-03     2.63768e+03
    8.01651e-03     2.64716e+03
    8.07212e-03     2.65663e+03
    8.12812e-03     2.66608e+03
    8.18450e-03     2.67548e+03
    8.24128e-03     2.68485e+03
    8.29845e-03     2.69419e+03
    8.35602e-03     2.70355e+03
    8.41398e-03     2.71280e+03
    8.47235e-03     2.72210e+03
    8.53113e-03     2.73131e+03
    8.59031e-03     2.74047e+03
    8.64990e-03     2.74963e+03
    8.70991e-03     2.75876e+03
    8.77033e-03     2.76785e+03
    8.83117e-03     2.77689e+03
    8.89243e-03     2.78589e+03
    8.95412e-03     2.79485e+03
    9.01624e-03     2.80379e+03
    9.07879e-03     2.81267e+03
    9.14177e-03     2.82151e+03
    9.20518e-03     2.83032e+03
    9.26904e-03     2.83902e+03
    9.33334e-03     2.84773e+03
    9.39809e-03     2.85636e+03
    9.46329e-03     2.86498e+03
    9.52893e-03     2.87353e+03
    9.59504e-03     2.88199e+03
    9.66160e-03     2.89039e+03
    9.72862e-03     2.89879e+03
    9.79611e-03     2.90717e+03
    9.86407e-03     2.91539e+03
    9.93250e-03     2.92362e+03
    1.00014e-02     2.93177e+03
    1.00708e-02     2.93987e+03
    1.01406e-02     2.94794e+03
    1.02110e-02     2.95590e+03
    1.02818e-02     2.96380e+03
    1.03532e-02     2.97157e+03
    1.04250e-02     2.97940e+03
    1.04973e-02     2.98713e+03
    1.05701e-02     2.99471e+03
    1.06434e-02     3.00225e+03
    1.07173e-02     3.00978e+03
    1.07916e-02     3.01720e+03
    1.08665e-02     3.02457e+03
    1.09419e-02     3.03182e+03
    1.10178e-02     3.03902e+03
    1.10942e-02     3.04612e+03
    1.11712e-02     3.05306e+03
    1.12487e-02     3.06007e+03
    1.13267e-02     3.06688e+03
    1.14053e-02     3.07372e+03
    1.14844e-02     3.08037e+03
    1.15641e-02     3.08697e+03
    1.16443e-02     3.09354e+03
    1.17251e-02     3.09992e+03
    1.18064e-02     3.10632e+03
    1.18883e-02     3.11254e+03
    1.19708e-02     3.11871e+03
    1.20538e-02     3.12476e+03
    1.21374e-02     3.13070e+03
    1.22216e-02     3.13654e+03
    1.23064e-02     3.14229e+03
    1.23918e-02     3.14794e+03
    1.24778e-02     3.15354e+03
    1.25643e-02     3.15896e+03
    1.26515e-02     3.16428e+03
    1.27392e-02     3.16953e+03
    1.28276e-02     3.17465e+03
    1.29166e-02     3.17968e+03
    1.30062e-02     3.18456e+03
    1.30964e-02     3.18937e+03
    1.31873e-02     3.19402e+03
    1.32788e-02     3.19860e+03
    1.33709e-02     3.20302e+03
    1.34636e-02     3.20737e+03
    1.35570e-02     3.21151e+03
    1.36511e-02     3.21563e+03
    1.37458e-02     3.21962e+03
    1.38412e-02     3.22339e+03
    1.39372e-02     3.22711e+03
    1.40339e-02     3.23073e+03
    1.41312e-02     3.23417e+03
    1.42292e-02     3.23745e+03
    1.43279e-02     3.24059e+03
    1.44273e-02     3.24364e+03
    1.45274e-02     3.24656e+03
    1.46282e-02     3.24935e+03
    1.47297e-02     3.25193e+03
    1.48319e-02     3.25442e+03
    1.49348e-02     3.25678e+03
    1.50384e-02     3.25899e+03
    1.51427e-02     3.26103e+03
    1.52477e-02     3.26297e+03
    1.53535e-02     3.26474e+03
    1.54600e-02     3.26633e+03
    1.55673e-02     3.26784e+03
    1.56753e-02     3.26916e+03
    1.57840e-02     3.27027e+03
    1.58935e-02     3.27130e+03
    1.60038e-02     3.27213e+03
    1.61148e-02     3.27283e+03
    1.62266e-02     3.27341e+03
    1.63391e-02     3.27374e+03
    1.64525e-02     3.27398e+03
    1.65666e-02     3.27399e+03
    1.66815e-02     3.27392e+03
    1.67973e-02     3.27361e+03
    1.69138e-02     3.27322e+03
    1.70311e-02     3.27258e+03
    1.71493e-02     3.27180e+03
    1.72682e-02     3.27085e+03
    1.73880e-02     3.26972e+03
    1.75087e-02     3.26839e+03
    1.76301e-02     3.26695e+03
    1.77524e-02     3.26530e+03
    1.78756e-02     3.26355e+03
    1.79996e-02     3.26153e+03
    1.81244e-02     3.25934e+03
    1.82502e-02     3.25700e+03
    1.83768e-02     3.25445e+03
    1.85043e-02     3.25176e+03
    1.86326e-02     3.24890e+03
    1.87619e-02     3.24583e+03
    1.88920e-02     3.24258e+03
    1.90231e-02     3.23911e+03
    1.91551e-02     3.23551e+03
    1.92879e-02     3.23173e+03
    1.94217e-02     3.22776e+03
    1.95565e-02     3.22356e+03
    1.96921e-02     3.21919e+03
    1.98287e-02     3.21468e+03
    1.99663e-02     3.20989e+03
    2.01048e-02     3.20506e+03
    2.02443e-02     3.19988e+03
    2.03847e-02     3.19466e+03
    2.05261e-02     3.18916e+03
    2.06685e-02     3.18344e+03
    2.08119e-02     3.17764e+03
    2.09563e-02     3.17162e+03
    2.11017e-02     3.16535e+03
    2.12480e-02     3.15895e+03
    2.13954e-02     3.15234e+03
    2.15439e-02     3.14552e+03
    2.16933e-02     3.13854e+03
    2.18438e-02     3.13139e+03
    2.19953e-02     3.12403e+03
    2.21479e-02     3.11652e+03
    2.23016e-02     3.10875e+03
    2.24563e-02     3.10085e+03
    2.26121e-02     3.09279e+03
    2.27689e-02     3.08445e+03
    2.29269e-02     3.07604e+03
    2.30859e-02     3.06739e+03
    2.32461e-02     3.05851e+03
    2.34073e-02     3.04954e+03
    2.35697e-02     3.04036e+03
    2.37332e-02     3.03094e+03
    2.38979e-02     3.02141e+03
    2.40637e-02     3.01172e+03
    2.42306e-02     3.00179e+03
    2.43987e-02     2.99178e+03
    2.45679e-02     2.98158e+03
    2.47384e-02     2.97115e+03
    2.49100e-02     2.96057e+03
    2.50828e-02     2.94986e+03
    2.52568e-02     2.93887e+03
    2.54320e-02     2.92785e+03
    2.56084e-02     2.91666e+03
    2.57861e-02     2.90527e+03
    2.59650e-02     2.89366e+03
    2.61451e-02     2.88200e+03
    2.63265e-02     2.87015e+03
    2.65091e-02     2.85817e+03
    2.66930e-02     2.84606e+03
    2.68782e-02     2.83377e+03
    2.70646e-02     2.82135e+03
    2.72524e-02     2.80878e+03
    2.74414e-02     2.79614e+03
    2.76318e-02     2.78334e+03
    2.78235e-02     2.77036e+03
    2.80165e-02     2.75726e+03
    2.82108e-02     2.74405e+03
    2.84065e-02     2.73076e+03
    2.86036e-02     2.71729e+03
    2.88020e-02     2.70378e+03
    2.90018e-02     2.69004e+03
    2.92030e-02     2.67632e+03
    2.94056e-02     2.66251e+03
    2.96096e-02     2.64852e+03
    2.98150e-02     2.63443e+03
    3.00218e-02     2.62037e+03
    3.02301e-02     2.60606e+03
    3.04398e-02     2.59176e+03
    3.06510e-02     2.57744e+03
    3.08636e-02     2.56290e+03
    3.10777e-02     2.54843e+03
    3.12933e-02     2.53388e+03
    3.15104e-02     2.51922e+03
    3.17290e-02     2.50448e+03
    3.19491e-02     2.48972e+03
    3.21707e-02     2.47491e+03
    3.23939e-02     2.46007e+03
    3.26186e-02     2.44520e+03
    3.28449e-02     2.43030e+03
    3.30728e-02     2.41534e+03
    3.33022e-02     2.40042e+03
    3.35332e-02     2.38542e+03
    3.37658e-02     2.37042e+03
    3.40001e-02     2.35540e+03
    3.42359e-02     2.34039e+03
    3.44734e-02     2.32543e+03
    3.47126e-02     2.31044e+03
    3.49534e-02     2.29540e+03
    3.51959e-02     2.28047e+03
    3.54400e-02     2.26550e+03
    3.56859e-02     2.25057e+03
    3.59335e-02     2.23574e+03
    3.61827e-02     2.22086e+03
    3.64337e-02     2.20602e+03
    3.66865e-02     2.19129e+03
    3.69410e-02     2.17657e+03
    3.71972e-02     2.16187e+03
    3.74553e-02     2.14737e+03
    3.77151e-02     2.13278e+03
    3.79768e-02     2.11827e+03
    3.82402e-02     2.10395e+03
    3.85055e-02     2.08959e+03
    3.87726e-02     2.07533e+03
    3.90416e-02     2.06122e+03
    3.93124e-02     2.04717e+03
    3.95851e-02     2.03321e+03
    3.98597e-02     2.01936e+03
    4.01363e-02     2.00561e+03
    4.04147e-02     1.99199e+03
    4.06950e-02     1.97846e+03
    4.09774e-02     1.96505e+03
    4.12616e-02     1.95176e+03
    4.15479e-02     1.93861e+03
    4.18361e-02     1.92558e+03
    4.21263e-02     1.91264e+03
    4.24185e-02     1.89986e+03
    4.27128e-02     1.88724e+03
    4.30091e-02     1.87474e+03
    4.33075e-02     1.86237e+03
    4.36079e-02     1.85013e+03
    4.39104e-02     1.83809e+03
    4.42150e-02     1.82616e+03
    4.45218e-02     1.81441e+03
    4.48306e-02     1.80282e+03
    4.51416e-02     1.79132e+03
    4.54548e-02     1.78004e+03
    4.57701e-02     1.76889e+03
    4.60876e-02     1.75790e+03
    4.64073e-02     1.74707e+03
    4.67293e-02     1.73641e+03
    4.70534e-02     1.72590e+03
    4.73798e-02     1.71556e+03
    4.77085e-02     1.70539e+03
    4.80395e-02     1.69532e+03
    4.83727e-02     1.68549e+03
    4.87083e-02     1.67576e+03
    4.90462e-02     1.66622e+03
    4.93865e-02     1.65681e+03
    4.97291e-02     1.64762e+03
    5.00740e-02     1.63853e+03
    5.04214e-02     1.62957e+03
    5.07712e-02     1.62077e+03
    5.11234e-02     1.61215e+03
    5.14780e-02     1.60360e+03
    5.18352e-02     1.59528e+03
    5.21947e-02     1.58707e+03
    5.25568e-02     1.57899e+03
    5.29214e-02     1.57100e+03
    5.32885e-02     1.56319e+03
    5.36582e-02     1.55551e+03
    5.40305e-02     1.54789e+03
    5.44053e-02     1.54040e+03
    5.47827e-02     1.53303e+03
    5.51627e-02     1.52574e+03
    5.55454e-02     1.51853e+03
    5.59307e-02     1.51145e+03
    5.63187e-02     1.50444e+03
    5.67094e-02     1.49750e+03
    5.71028e-02     1.49067e+03
    5.74990e-02     1.48386e+03
    5.78978e-02     1.47708e+03
    5.82995e-02     1.47035e+03
    5.87039e-02     1.46371e+03
    5.91111e-02     1.45710e+03
    5.95212e-02     1.45046e+03
    5.99341e-02     1.44386e+03
    6.03499e-02     1.43728e+03
    6.07685e-02     1.43069e+03
    6.11901e-02     1.42411e+03
    6.16146e-02     1.41748e+03
    6.20420e-02     1.41083e+03
    6.24724e-02     1.40418e+03
    6.29058e-02     1.39748e+03
    6.33422e-02     1.39067e+03
    6.37816e-02     1.38380e+03
    6.42241e-02     1.37690e+03
    6.46696e-02     1.36994e+03
    6.51182e-02     1.36287e+03
    6.55700e-02     1.35570e+03
    6.60248e-02     1.34851e+03
    6.64829e-02     1.34114e+03
    6.69441e-02     1.33361e+03
    6.74085e-02     1.32603e+03
    6.78761e-02     1.31828e+03
    6.83469e-02     1.31042e+03
    6.88211e-02     1.30241e+03
    6.92985e-02     1.29422e+03
    6.97792e-02     1.28589e+03
    7.02633e-02     1.27744e+03
    7.07507e-02     1.26879e+03
    7.12415e-02     1.25998e+03
    7.17358e-02     1.25105e+03
    7.22334e-02     1.24186e+03
    7.27345e-02     1.23255e+03
    7.32391e-02     1.22306e+03
    7.37471e-02     1.21343e+03
    7.42587e-02     1.20362e+03
    7.47739e-02     1.19359e+03
    7.52926e-02     1.18341e+03
    7.58149e-02     1.17306e+03
    7.63409e-02     1.16252e+03
    7.68704e-02     1.15185e+03
    7.74037e-02     1.14104e+03
    7.79407e-02     1.13005e+03
    7.84814e-02     1.11887e+03
    7.90258e-02     1.10765e+03
    7.95740e-02     1.09629e+03
    8.01260e-02     1.08473e+03
    8.06819e-02     1.07313e+03
    8.12416e-02     1.06145e+03
    8.18052e-02     1.04962e+03
    8.23727e-02     1.03771e+03
    8.29441e-02     1.02578e+03
    8.35195e-02     1.01374e+03
    8.40989e-02     1.00167e+03
    8.46823e-02     9.89619e+02
    8.52697e-02     9.77486e+02
    8.58613e-02     9.65419e+02
    8.64569e-02     9.53290e+02
    8.70567e-02     9.41242e+02
    8.76606e-02     9.29274e+02
    8.82687e-02     9.17285e+02
    8.88810e-02     9.05435e+02
    8.94976e-02     8.93618e+02
    9.01185e-02     8.81908e+02
    9.07436e-02     8.70390e+02
    9.13731e-02     8.58927e+02
    9.20070e-02     8.47657e+02
    9.26453e-02     8.36507e+02
    9.32880e-02     8.25521e+02
    9.39351e-02     8.14724e+02
    9.45868e-02     8.04115e+02
    9.52429e-02     7.93779e+02
    9.59036e-02     7.83584e+02
    9.65689e-02     7.73649e+02
    9.72389e-02     7.63986e+02
    9.79134e-02     7.54514e+02
    9.85927e-02     7.45298e+02
    9.92766e-02     7.36358e+02
    9.99653e-02     7.27687e+02
    1.00659e-01     7.19333e+02
    1.01357e-01     7.11099e+02
    1.02060e-01     7.03306e+02
    1.02768e-01     6.95659e+02
    1.03481e-01     6.88368e+02
    1.04199e-01     6.81330e+02
    1.04922e-01     6.74536e+02
    1.05650e-01     6.68075e+02
    1.06383e-01     6.61847e+02
    1.07121e-01     6.55840e+02
    1.07864e-01     6.50153e+02
    1.08612e-01     6.44626e+02
    1.09365e-01     6.39418e+02
    1.10124e-01     6.34412e+02
    1.10888e-01     6.29569e+02
    1.11657e-01     6.24988e+02
    1.12432e-01     6.20534e+02
    1.13212e-01     6.16311e+02
    1.13997e-01     6.12227e+02
    1.14788e-01     6.08253e+02
    1.15584e-01     6.04448e+02
    1.16386e-01     6.00702e+02
    1.17194e-01     5.97094e+02
    1.18007e-01     5.93506e+02
    1.18825e-01     5.90022e+02
    1.19650e-01     5.86543e+02
    1.20480e-01     5.83079e+02
    1.21315e-01     5.79603e+02
    1.22157e-01     5.76114e+02
    1.23004e-01     5.72608e+02
    1.23858e-01     5.68974e+02
    1.24717e-01     5.65331e+02
    1.25582e-01     5.61534e+02
    1.26453e-01     5.57682e+02
    1.27330e-01     5.53654e+02
    1.28214e-01     5.49544e+02
    1.29103e-01     5.45226e+02
    1.29999e-01     5.40809e+02
    1.30901e-01     5.36157e+02
    1.31809e-01     5.31401e+02
    1.32723e-01     5.26440e+02
    1.33644e-01     5.21304e+02
    1.34571e-01     5.15953e+02
    1.35504e-01     5.10477e+02
    1.36444e-01     5.04818e+02
    1.37391e-01     4.98968e+02
    1.38344e-01     4.92948e+02
    1.39304e-01     4.86827e+02
    1.40270e-01     4.80502e+02
    1.41243e-01     4.74135e+02
    1.42223e-01     4.67592e+02
    1.43210e-01     4.61025e+02
    1.44203e-01     4.54306e+02
    1.45204e-01     4.47623e+02
    1.46211e-01     4.40825e+02
    1.47225e-01     4.34102e+02
    1.48246e-01     4.27313e+02
    1.49275e-01     4.20634e+02
    1.50310e-01     4.13921e+02
    1.51353e-01     4.07331e+02
    1.52403e-01     4.00853e+02
    1.53460e-01     3.94427e+02
    1.54525e-01     3.88222e+02
    1.55597e-01     3.82093e+02
    1.56676e-01     3.76187e+02
    1.57763e-01     3.70439e+02
    1.58858e-01     3.64906e+02
    1.59960e-01     3.59556e+02
    1.61069e-01     3.54392e+02
    1.62187e-01     3.49504e+02
    1.63312e-01     3.44819e+02
    1.64445e-01     3.40365e+02
    1.65585e-01     3.36145e+02
    1.66734e-01     3.32119e+02
    1.67891e-01     3.28361e+02
    1.69055e-01     3.24775e+02
    1.70228e-01     3.21399e+02
    1.71409e-01     3.18244e+02
    1.72598e-01     3.15234e+02
    1.73796e-01     3.12412e+02
    1.75001e-01     3.09739e+02
    1.76215e-01     3.07179e+02
    1.77438e-01     3.04756e+02
    1.78669e-01     3.02407e+02
    1.79908e-01     3.00129e+02
    1.81156e-01     2.97912e+02
    1.82413e-01     2.95719e+02
    1.83678e-01     2.93516e+02
    1.84952e-01     2.91316e+02
    1.86235e-01     2.89088e+02
    1.87527e-01     2.86790e+02
    1.88828e-01     2.84429e+02
    1.90138e-01     2.82007e+02
    1.91457e-01     2.79464e+02
    1.92785e-01     2.76814e+02
    1.94123e-01     2.74079e+02
    1.95469e-01     2.71194e+02
    1.96825e-01     2.68181e+02
    1.98191e-01     2.65044e+02
    1.99566e-01     2.61821e+02
    2.00950e-01     2.58451e+02
    2.02344e-01     2.54973e+02
    2.03748e-01     2.51423e+02
    2.05161e-01     2.47783e+02
    2.06585e-01     2.44075e+02
    2.08018e-01     2.40316e+02
    2.09461e-01     2.36544e+02
    2.10914e-01     2.32763e+02
    2.12377e-01     2.28993e+02
    2.13850e-01     2.25240e+02
    2.15334e-01     2.21533e+02
    2.16828e-01     2.17916e+02
    2.18332e-01     2.14347e+02
    2.19846e-01     2.10918e+02
    2.21371e-01     2.07577e+02
    2.22907e-01     2.04366e+02
    2.24453e-01     2.01313e+02
    2.26011e-01     1.98368e+02
    2.27578e-01     1.95581e+02
    2.29157e-01     1.92932e+02
    2.30747e-01     1.90435e+02
    2.32348e-01     1.88070e+02
    2.33959e-01     1.85840e+02
    2.35582e-01     1.83740e+02
    2.37217e-01     1.81743e+02
    2.38862e-01     1.79845e+02
    2.40519e-01     1.78037e+02
    2.42188e-01     1.76294e+02
    2.43868e-01     1.74609e+02
    2.45560e-01     1.72963e+02
    2.47263e-01     1.71334e+02
    2.48979e-01     1.69701e+02
    2.50706e-01     1.68057e+02
    2.52445e-01     1.66395e+02
    2.54196e-01     1.64693e+02
    2.55960e-01     1.62940e+02
    2.57735e-01     1.61130e+02
    2.59523e-01     1.59263e+02
    2.61323e-01     1.57331e+02
    2.63136e-01     1.55332e+02
    2.64962e-01     1.53274e+02
    2.66800e-01     1.51163e+02
    2.68651e-01     1.49005e+02
    2.70514e-01     1.46807e+02
    2.72391e-01     1.44589e+02
    2.74281e-01     1.42363e+02
    2.76183e-01     1.40123e+02
    2.78099e-01     1.37908e+02
    2.80028e-01     1.35720e+02
    2.81971e-01     1.33562e+02
    2.83927e-01     1.31465e+02
    2.85897e-01     1.29426e+02
    2.87880e-01     1.27458e+02
    2.89877e-01     1.25568e+02
    2.91888e-01     1.23753e+02
    2.93913e-01     1.22017e+02
    2.95952e-01     1.20366e+02
    2.98005e-01     1.18791e+02
    3.00072e-01     1.17285e+02
    3.02154e-01     1.15848e+02
    3.04250e-01     1.14464e+02
    3.06361e-01     1.13132e+02
    3.08486e-01     1.11832e+02
    3.10626e-01     1.10558e+02
    3.12781e-01     1.09301e+02
    3.14951e-01     1.08054e+02
    3.17135e-01     1.06804e+02
    3.19335e-01     1.05536e+02
    3.21551e-01     1.04251e+02
    3.23781e-01     1.02949e+02
    3.26027e-01     1.01618e+02
    3.28289e-01     1.00268e+02
    3.30567e-01     9.88922e+01
    3.32860e-01     9.74928e+01
    3.35169e-01     9.60780e+01
    3.37494e-01     9.46564e+01
    3.39835e-01     9.32394e+01
    3.42193e-01     9.18161e+01
    3.44567e-01     9.04141e+01
    3.46957e-01     8.90355e+01
    3.49364e-01     8.76786e+01
    3.51787e-01     8.63525e+01
    3.54228e-01     8.50739e+01
    3.56685e-01     8.38386e+01
    3.59159e-01     8.26331e+01
    3.61651e-01     8.14750e+01
    3.64160e-01     8.03599e+01
    3.66686e-01     7.92852e+01
    3.69230e-01     7.82439e+01
    3.71791e-01     7.72291e+01
    3.74370e-01     7.62372e+01
    3.76968e-01     7.52602e+01
    3.79583e-01     7.42947e+01
    3.82216e-01     7.33430e+01
    3.84867e-01     7.23872e+01
    3.87537e-01     7.14284e+01
    3.90226e-01     7.04639e+01
    3.92933e-01     6.94952e+01
    3.95658e-01     6.85232e+01
    3.98403e-01     6.75475e+01
    4.01167e-01     6.65682e+01
    4.03950e-01     6.55885e+01
    4.06752e-01     6.46161e+01
    4.09574e-01     6.36505e+01
    4.12415e-01     6.26992e+01
    4.15276e-01     6.17655e+01
    4.18157e-01     6.08502e+01
    4.21058e-01     5.99541e+01
    4.23979e-01     5.90804e+01
    4.26920e-01     5.82314e+01
    4.29882e-01     5.74048e+01
    4.32864e-01     5.65985e+01
    4.35867e-01     5.58137e+01
    4.38890e-01     5.50422e+01
    4.41935e-01     5.42856e+01
    4.45001e-01     5.35410e+01
    4.48088e-01     5.28031e+01
    4.51196e-01     5.20711e+01
    4.54326e-01     5.13429e+01
    4.57478e-01     5.06167e+01
    4.60652e-01     4.98959e+01
    4.63847e-01     4.91754e+01
    4.67065e-01     4.84578e+01
    4.70305e-01     4.77458e+01
    4.73568e-01     4.70409e+01
    4.76853e-01     4.63431e+01
    4.80161e-01     4.56535e+01
    4.83492e-01     4.49777e+01
    4.86846e-01     4.43139e+01
    4.90223e-01     4.36623e+01
    4.93624e-01     4.30247e+01
    4.97048e-01     4.24002e+01
    5.00496e-01     4.17887e+01
    5.03968e-01     4.11879e+01
    5.07465e-01     4.05954e+01
    5.10985e-01     4.00137e+01
    5.14530e-01     3.94403e+01
    5.18099e-01     3.88718e+01
    5.21693e-01     3.83087e+01
    5.25312e-01     3.77507e+01
    5.28956e-01     3.71982e+01
    5.32626e-01     3.66503e+01
    5.36321e-01     3.61075e+01
    5.40041e-01     3.55722e+01
    5.43788e-01     3.50433e+01
    5.47560e-01     3.45208e+01
    5.51359e-01     3.40069e+01
    5.55183e-01     3.35022e+01
    5.59035e-01     3.30047e+01
    5.62913e-01     3.25157e+01
    5.66818e-01     3.20361e+01
    5.70750e-01     3.15638e+01
    5.74709e-01     3.10988e+01
    5.78696e-01     3.06402e+01
    5.82711e-01     3.01883e+01
    5.86753e-01     2.97429e+01
    5.90824e-01     2.93017e+01
    5.94922e-01     2.88660e+01
    5.99049e-01     2.84355e+01
    6.03205e-01     2.80093e+01
    6.07390e-01     2.75894e+01
    6.11603e-01     2.71755e+01
    6.15846e-01     2.67675e+01
    6.20118e-01     2.63652e+01
    6.24420e-01     2.59694e+01
    6.28752e-01     2.55798e+01
    6.33113e-01     2.51957e+01
    6.37505e-01     2.48178e+01
    6.41928e-01     2.44462e+01
    6.46381e-01     2.40795e+01
    6.50865e-01     2.37168e+01
    6.55380e-01     2.33590e+01
    6.59927e-01     2.30065e+01
    6.64505e-01     2.26590e+01
    6.69114e-01     2.23165e+01
    6.73756e-01     2.19791e+01
    6.78430e-01     2.16465e+01
    6.83137e-01     2.13187e+01
    6.87876e-01     2.09956e+01
    6.92647e-01     2.06772e+01
    6.97453e-01     2.03634e+01
    7.02291e-01     2.00540e+01
    7.07163e-01     1.97492e+01
    7.12068e-01     1.94487e+01
    7.17008e-01     1.91525e+01
    7.21982e-01     1.88606e+01
    7.26991e-01     1.85729e+01
    7.32034e-01     1.82894e+01
    7.37112e-01     1.80100e+01
    7.42226e-01     1.77347e+01
    7.47375e-01     1.74634e+01
    7.52559e-01     1.71962e+01
    7.57780e-01     1.69328e+01
    7.63037e-01     1.66733e+01
    7.68330e-01     1.64175e+01
    7.73660e-01     1.61655e+01
    7.79027e-01     1.59171e+01
    7.84431e-01     1.56723e+01
    7.89873e-01     1.54311e+01
    7.95352e-01     1.51933e+01
    8.00870e-01     1.49590e+01
    8.06426e-01     1.47282e+01
    8.12020e-01     1.45007e+01
    8.17653e-01     1.42766e+01
    8.23325e-01     1.40558e+01
    8.29037e-01     1.38383e+01
    8.34788e-01     1.36240e+01
    8.40579e-01     1.34128e+01
    8.46410e-01     1.32048e+01
    8.52282e-01     1.29999e+01
    8.58194e-01     1.27980e+01
    8.64148e-01     1.25991e+01
    8.70143e-01     1.24032e+01
    8.76179e-01     1.22103e+01
    8.82257e-01     1.20202e+01
    8.88377e-01     1.18329e+01
    8.94540e-01     1.16485e+01
    9.00746e-01     1.14668e+01
    9.06994e-01     1.12878e+01
    9.13286e-01     1.11115e+01
    9.19622e-01     1.09379e+01
    9.26002e-01     1.07668e+01
    9.32425e-01     1.05983e+01
    9.38894e-01     1.04324e+01
    9.45407e-01     1.02689e+01
    9.51965e-01     1.01078e+01
    9.58569e-01     9.94911e+00
    9.65219e-01     9.79279e+00
    9.71915e-01     9.63879e+00
    9.78657e-01     9.48706e+00
    9.85446e-01     9.33760e+00
    9.92283e-01     9.19040e+00
    9.99166e-01     9.04544e+00
    1.00610e+00     8.90272e+00
    1.01308e+00     8.76223e+00
    1.02010e+00     8.62394e+00
    1.02718e+00     8.48782e+00
    1.03431e+00     8.35382e+00
    1.04148e+00     8.22189e+00
    1.04871e+00     8.09198e+00
    1.05598e+00     7.96404e+00
    1.06331e+00     7.83802e+00
    1.07068e+00     7.71388e+00
    1.07811e+00     7.59159e+00
    1.08559e+00     7.47113e+00
    1.09312e+00     7.35245e+00
    1.10070e+00     7.23554e+00
    1.10834e+00     7.12036e+00
    1.11603e+00     7.00690e+00
    1.12377e+00     6.89513e+00
    1.13157e+00     6.78507e+00
    1.13942e+00     6.67670e+00
    1.14732e+00     6.57003e+00
    1.15528e+00     6.46506e+00
    1.16329e+00     6.36177e+00
    1.17136e+00     6.26015e+00
    1.17949e+00     6.16014e+00
    1.18767e+00     6.06170e+00
    1.19591e+00     5.96477e+00
    1.20421e+00     5.86931e+00
    1.21256e+00     5.77528e+00
    1.22097e+00     5.68263e+00
    1.22944e+00     5.59136e+00
    1.23797e+00     5.50147e+00
    1.24656e+00     5.41297e+00
    1.25521e+00     5.32585e+00
    1.26392e+00     5.24012e+00
    1.27268e+00     5.15577e+00
    1.28151e+00     5.07279e+00
    1.29040e+00     4.99112e+00
    1.29935e+00     4.91074e+00
    1.30837e+00     4.83161e+00
    1.31744e+00     4.75368e+00
    1.32658e+00     4.67692e+00
    1.33579e+00     4.60131e+00
    1.34505e+00     4.52684e+00
    1.35438e+00     4.45351e+00
    1.36378e+00     4.38132e+00
    1.37324e+00     4.31025e+00
    1.38277e+00     4.24032e+00
    1.39236e+00     4.17151e+00
    1.40202e+00     4.10381e+00
    1.41174e+00     4.03720e+00
    1.42154e+00     3.97165e+00
    1.43140e+00     3.90715e+00
    1.44133e+00     3.84366e+00
    1.45133e+00     3.78118e+00
    1.46140e+00     3.71967e+00
    1.47153e+00     3.65913e+00
    1.48174e+00     3.59955e+00
    1.49202e+00     3.54091e+00
    1.50237e+00     3.48320e+00
    1.51279e+00     3.42640e+00
    1.52329e+00     3.37050e+00
    1.53386e+00     3.31549e+00
    1.54450e+00     3.26136e+00
    1.55521e+00     3.20808e+00
    1.56600e+00     3.15564e+00
    1.57686e+00     3.10402e+00
    1.58780e+00     3.05321e+00
    1.59882e+00     3.00321e+00
    1.60991e+00     2.95399e+00
    1.62108e+00     2.90555e+00
    1.63232e+00     2.85788e+00
    1.64365e+00     2.81096e+00
    1.65505e+00     2.76480e+00
    1.66653e+00     2.71938e+00
    1.67809e+00     2.67469e+00
    1.68973e+00     2.63071e+00
    1.70145e+00     2.58744e+00
    1.71326e+00     2.54487e+00
    1.72514e+00     2.50297e+00
    1.73711e+00     2.46175e+00
    1.74916e+00     2.42119e+00
    1.76129e+00     2.38127e+00
    1.77351e+00     2.34199e+00
    1.78582e+00     2.30333e+00
    1.79820e+00     2.26529e+00
    1.81068e+00     2.22785e+00
    1.82324e+00     2.19100e+00
    1.83589e+00     2.15473e+00
    1.84862e+00     2.11905e+00
    1.86145e+00     2.08394e+00
    1.87436e+00     2.04939e+00
    1.88736e+00     2.01541e+00
    1.90046e+00     1.98198e+00
    1.91364e+00     1.94910e+00
    1.92692e+00     1.91676e+00
    1.94028e+00     1.88494e+00
    1.95374e+00     1.85364e+00
    1.96730e+00     1.82285e+00
    1.98094e+00     1.79257e+00
    1.99469e+00     1.76277e+00
    2.00852e+00     1.73346e+00
    2.02246e+00     1.70462e+00
    2.03649e+00     1.67626e+00
    2.05061e+00     1.64835e+00
    2.06484e+00     1.62090e+00
    2.07916e+00     1.59390e+00
    2.09359e+00     1.56733e+00
    2.10811e+00     1.54119e+00
    2.12274e+00     1.51547e+00
    2.13746e+00     1.49016e+00
    2.15229e+00     1.46526e+00
    2.16722e+00     1.44075e+00
    2.18225e+00     1.41662e+00
    2.19739e+00     1.39289e+00
    2.21264e+00     1.36954e+00
    2.22799e+00     1.34658e+00
    2.24344e+00     1.32400e+00
    2.25900e+00     1.30180e+00
    2.27468e+00     1.27997e+00
    2.29046e+00     1.25852e+00
    2.30634e+00     1.23742e+00
    2.32234e+00     1.21668e+00
    2.33845e+00     1.19627e+00
    2.35468e+00     1.17619e+00
    2.37101e+00     1.15643e+00
    2.38746e+00     1.13698e+00
    2.40402e+00     1.11785e+00
    2.42070e+00     1.09903e+00
    2.43749e+00     1.08051e+00
    2.45440e+00     1.06230e+00
    2.47143e+00     1.04440e+00
    2.48857e+00     1.02680e+00
    2.50584e+00     1.00949e+00
    2.52322e+00     9.92466e-01
    2.54072e+00     9.75727e-01
    2.55835e+00     9.59262e-01
    2.57610e+00     9.43066e-01
    2.59397e+00     9.27134e-01
    2.61196e+00     9.11460e-01
    2.63008e+00     8.96043e-01
    2.64833e+00     8.80878e-01
    2.66670e+00     8.65963e-01
    2.68520e+00     8.51295e-01
    2.70383e+00     8.36871e-01
    2.72258e+00     8.22687e-01
    2.74147e+00     8.08740e-01
    2.76049e+00     7.95025e-01
    2.77964e+00     7.81539e-01
    2.79892e+00     7.68276e-01
    2.81834e+00     7.55234e-01
    2.83789e+00     7.42409e-01
    2.85757e+00     7.29797e-01
    2.87740e+00     7.17395e-01
    2.89736e+00     7.05200e-01
    2.91746e+00     6.93209e-01
    2.93770e+00     6.81419e-01
    2.95808e+00     6.69826e-01
    2.97860e+00     6.58427e-01
    2.99926e+00     6.47219e-01
    3.02007e+00     6.36198e-01
    3.04102e+00     6.25360e-01
    3.06211e+00     6.14702e-01
    3.08336e+00     6.04220e-01
    3.10475e+00     5.93911e-01
    3.12628e+00     5.83773e-01
    3.14797e+00     5.73803e-01
    3.16981e+00     5.63999e-01
    3.19180e+00     5.54359e-01
    3.21394e+00     5.44880e-01
    3.23624e+00     5.35561e-01
    3.25869e+00     5.26399e-01
    3.28129e+00     5.17391e-01
    3.30406e+00     5.08534e-01
    3.32698e+00     4.99827e-01
    3.35006e+00     4.91266e-01
    3.37330e+00     4.82849e-01
    3.39670e+00     4.74574e-01
    3.42026e+00     4.66438e-01
    3.44399e+00     4.58439e-01
    3.46788e+00     4.50574e-01
    3.49194e+00     4.42843e-01
    3.51616e+00     4.35241e-01
    3.54055e+00     4.27768e-01
    3.56511e+00     4.20421e-01
    3.58985e+00     4.13197e-01
    3.61475e+00     4.06096e-01
    3.63982e+00     3.99114e-01
    3.66508e+00     3.92249e-01
    3.69050e+00     3.85500e-01
    3.71610e+00     3.78864e-01
    3.74188e+00     3.72340e-01
    3.76784e+00     3.65926e-01
    3.79398e+00     3.59620e-01
    3.82030e+00     3.53421e-01
    3.84680e+00     3.47325e-01
    3.87348e+00     3.41333e-01
    3.90036e+00     3.35441e-01
    3.92741e+00     3.29650e-01
    3.95466e+00     3.23956e-01
    3.98209e+00     3.18359e-01
    4.00972e+00     3.12858e-01
    4.03753e+00     3.07450e-01
    4.06554e+00     3.02134e-01
    4.09374e+00     2.96908e-01
    4.12214e+00     2.91772e-01
    4.15074e+00     2.86723e-01
    4.17953e+00     2.81760e-01
    4.20853e+00     2.76881e-01
    4.23772e+00     2.72085e-01
    4.26712e+00     2.67371e-01
    4.29672e+00     2.62737e-01
    4.32653e+00     2.58182e-01
    4.35654e+00     2.53704e-01
    4.38677e+00     2.49303e-01
    4.41720e+00     2.44977e-01
    4.44784e+00     2.40725e-01
    4.47870e+00     2.36546e-01
    4.50976e+00     2.32438e-01
    4.54105e+00     2.28401e-01
    4.57255e+00     2.24432e-01
    4.60427e+00     2.20531e-01
    4.63621e+00     2.16697e-01
    4.66837e+00     2.12928e-01
    4.70076e+00     2.09223e-01
    4.73337e+00     2.05582e-01
    4.76621e+00     2.02003e-01
    4.79927e+00     1.98485e-01
    4.83256e+00     1.95026e-01
    4.86609e+00     1.91627e-01
    4.89984e+00     1.88287e-01
    4.93384e+00     1.85003e-01
    4.96806e+00     1.81776e-01
    5.00253e+00     1.78605e-01
    5.03723e+00     1.75489e-01
    5.07217e+00     1.72426e-01
    5.10736e+00     1.69417e-01
    5.14279e+00     1.66459e-01
    5.17847e+00     1.63551e-01
    5.21439e+00     1.60693e-01
    5.25056e+00     1.57884e-01
    5.28699e+00     1.55122e-01
    5.32366e+00     1.52407e-01
    5.36060e+00     1.49738e-01
    5.39778e+00     1.47115e-01
    5.43523e+00     1.44538e-01
    5.47293e+00     1.42006e-01
    5.51090e+00     1.39518e-01
    5.54913e+00     1.37073e-01
    5.58763e+00     1.34671e-01
    5.62639e+00     1.32312e-01
    5.66542e+00     1.29993e-01
    5.70472e+00     1.27714e-01
    5.74430e+00     1.25474e-01
    5.78414e+00     1.23272e-01
    5.82427e+00     1.21108e-01
    5.86467e+00     1.18982e-01
    5.90536e+00     1.16891e-01
    5.94632e+00     1.14837e-01
    5.98758e+00     1.12818e-01
    6.02911e+00     1.10834e-01
    6.07094e+00     1.08885e-01
    6.11305e+00     1.06969e-01
    6.15546e+00     1.05086e-01
    6.19816e+00     1.03237e-01
    6.24116e+00     1.01419e-01
    6.28445e+00     9.96329e-02
    6.32805e+00     9.78780e-02
    6.37195e+00     9.61538e-02
    6.41615e+00     9.44596e-02
    6.46066e+00     9.27951e-02
    6.50548e+00     9.11597e-02
    6.55061e+00     8.95529e-02
    6.59605e+00     8.79742e-02
    6.64181e+00     8.64231e-02
    6.68789e+00     8.48990e-02
    6.73428e+00     8.34014e-02
    6.78100e+00     8.19297e-02
    6.82804e+00     8.04833e-02
    6.87541e+00     7.90618e-02
    6.92310e+00     7.76647e-02
    6.97113e+00     7.62916e-02
    7.01949e+00     7.49423e-02
    7.06818e+00     7.36164e-02
    7.11722e+00     7.23136e-02
    7.16659e+00     7.10337e-02
    7.21631e+00     6.97762e-02
    7.26637e+00     6.85408e-02
    7.31677e+00     6.73271e-02
    7.36753e+00     6.61347e-02
    7.41864e+00     6.49632e-02
    7.47011e+00     6.38121e-02
    7.52193e+00     6.26812e-02
    7.57411e+00     6.15700e-02
    7.62665e+00     6.04783e-02
    7.67956e+00     5.94056e-02
    7.73283e+00     5.83517e-02
    7.78648e+00     5.73162e-02
    7.84049e+00     5.62988e-02
    7.89488e+00     5.52993e-02
    7.94965e+00     5.43173e-02
    8.00480e+00     5.33525e-02
    8.06033e+00     5.24045e-02
    8.11624e+00     5.14732e-02
    8.17255e+00     5.05581e-02
    8.22924e+00     4.96591e-02
    8.28633e+00     4.87758e-02
    8.34381e+00     4.79080e-02
    8.40170e+00     4.70555e-02
    8.45998e+00     4.62179e-02
    8.51867e+00     4.53951e-02
    8.57776e+00     4.45868e-02
    8.63727e+00     4.37928e-02
    8.69719e+00     4.30129e-02
    8.75752e+00     4.22466e-02
    8.81827e+00     4.14939e-02
    8.87945e+00     4.07544e-02
    8.94105e+00     4.00279e-02
    9.00307e+00     3.93142e-02
    9.06553e+00     3.86130e-02
    9.12842e+00     3.79241e-02
    9.19174e+00     3.72473e-02
    9.25551e+00     3.65825e-02
    9.31971e+00     3.59293e-02
    9.38436e+00     3.52877e-02
    9.44947e+00     3.46574e-02
    9.51502e+00     3.40382e-02
    9.58102e+00     3.34299e-02
    9.64749e+00     3.28323e-02
    9.71442e+00     3.22453e-02
    9.78181e+00     3.16686e-02
    9.84966e+00     3.11020e-02
    9.91799e+00     3.05455e-02
    9.98680e+00     2.99987e-02
    1.00561e+01     2.94617e-02
    1.01258e+01     2.89342e-02
    1.01961e+01     2.84161e-02
    1.02668e+01     2.79072e-02
    1.03380e+01     2.74074e-02
    1.04098e+01     2.69166e-02
    1.04820e+01     2.64345e-02
    1.05547e+01     2.59611e-02
    1.06279e+01     2.54960e-02
    1.07016e+01     2.50393e-02
    1.07759e+01     2.45908e-02
    1.08506e+01     2.41501e-02
    1.09259e+01     2.37173e-02
    1.10017e+01     2.32919e-02
    1.10780e+01     2.28740e-02
    1.11549e+01     2.24633e-02
    1.12322e+01     2.20595e-02
    1.13102e+01     2.16627e-02
    1.13886e+01     2.12728e-02
    1.14676e+01     2.08897e-02
    1.15472e+01     2.05134e-02
    1.16273e+01     2.01439e-02
    1.17079e+01     1.97810e-02
    1.17892e+01     1.94248e-02
    1.18709e+01     1.90750e-02
    1.19533e+01     1.87317e-02
    1.20362e+01     1.83946e-02
    1.21197e+01     1.80636e-02
    1.22038e+01     1.77387e-02
    1.22885e+01     1.74197e-02
    1.23737e+01     1.71065e-02
    1.24595e+01     1.67989e-02
    1.25460e+01     1.64968e-02
    1.26330e+01     1.62000e-02
    1.27206e+01     1.59084e-02
    1.28089e+01     1.56218e-02
    1.28977e+01     1.53401e-02
    1.29872e+01     1.50634e-02
    1.30773e+01     1.47915e-02
    1.31680e+01     1.45243e-02
    1.32594e+01     1.42620e-02
    1.33514e+01     1.40043e-02
    1.34440e+01     1.37513e-02
    1.35372e+01     1.35028e-02
    1.36312e+01     1.32589e-02
    1.37257e+01     1.30194e-02
    1.38209e+01     1.27842e-02
    1.39168e+01     1.25533e-02
    1.40134e+01     1.23265e-02
    1.41106e+01     1.21039e-02
    1.42085e+01     1.18853e-02
    1.43070e+01     1.16706e-02
    1.44063e+01     1.14597e-02
    1.45062e+01     1.12525e-02
    1.46068e+01     1.10490e-02
    1.47082e+01     1.08489e-02
    1.48102e+01     1.06524e-02
    1.49129e+01     1.04593e-02
    1.50164e+01     1.02696e-02
    1.51206e+01     1.00834e-02
    1.52255e+01     9.90056e-03
    1.53311e+01     9.72106e-03
    1.54374e+01     9.54486e-03
    1.55445e+01     9.37187e-03
    1.56524e+01     9.20204e-03
    1.57610e+01     9.03529e-03
    1.58703e+01     8.87154e-03
    1.59804e+01     8.71073e-03
    1.60912e+01     8.55280e-03
    1.62029e+01     8.39769e-03
    1.63153e+01     8.24535e-03
    1.64285e+01     8.09571e-03
    1.65424e+01     7.94873e-03
    1.66572e+01     7.80435e-03
    1.67727e+01     7.66252e-03
    1.68891e+01     7.52321e-03
    1.70062e+01     7.38639e-03
    1.71242e+01     7.25204e-03
    1.72430e+01     7.12011e-03
    1.73626e+01     6.99060e-03
    1.74831e+01     6.86346e-03
    1.76044e+01     6.73866e-03
    1.77265e+01     6.61614e-03
    1.78495e+01     6.49584e-03
    1.79733e+01     6.37770e-03
    1.80980e+01     6.26167e-03
    1.82235e+01     6.14770e-03
    1.83499e+01     6.03572e-03
    1.84772e+01     5.92572e-03
    1.86054e+01     5.81768e-03
    1.87345e+01     5.71158e-03
    1.88644e+01     5.60741e-03
    1.89953e+01     5.50514e-03
    1.91271e+01     5.40476e-03
    1.92598e+01     5.30624e-03
    1.93934e+01     5.20953e-03
    1.95279e+01     5.11459e-03
    1.96634e+01     5.02138e-03
    1.97998e+01     4.92986e-03
    1.99371e+01     4.83998e-03
    2.00755e+01     4.75171e-03
    2.02147e+01     4.66501e-03
    2.03549e+01     4.57988e-03
    2.04962e+01     4.49627e-03
    2.06383e+01     4.41416e-03
    2.07815e+01     4.33354e-03
    2.09257e+01     4.25437e-03
    2.10708e+01     4.17663e-03
    2.12170e+01     4.10030e-03
    2.13642e+01     4.02535e-03
    2.15124e+01     3.95175e-03
    2.16616e+01     3.87949e-03
    2.18119e+01     3.80853e-03
    2.19632e+01     3.73886e-03
    2.21156e+01     3.67045e-03
    2.22690e+01     3.60328e-03
    2.24235e+01     3.53732e-03
    2.25790e+01     3.47256e-03
    2.27357e+01     3.40897e-03
    2.28934e+01     3.34653e-03
    2.30522e+01     3.28523e-03
    2.32121e+01     3.22505e-03
    2.33732e+01     3.16596e-03
    2.35353e+01     3.10796e-03
    2.36986e+01     3.05102e-03
    2.38630e+01     2.99513e-03
    2.40285e+01     2.94027e-03
    2.41952e+01     2.88641e-03
    2.43630e+01     2.83353e-03
    2.45321e+01     2.78161e-03
    2.47022e+01     2.73062e-03
    2.48736e+01     2.68054e-03
    2.50462e+01     2.63135e-03
    2.52199e+01     2.58304e-03
    2.53949e+01     2.53559e-03
    2.55710e+01     2.48900e-03
    2.57484e+01     2.44326e-03
    2.59270e+01     2.39836e-03
    2.61069e+01     2.35429e-03
    2.62880e+01     2.31103e-03
    2.64704e+01     2.26858e-03
    2.66540e+01     2.22690e-03
    2.68389e+01     2.18599e-03
    2.70251e+01     2.14583e-03
    2.72126e+01     2.10640e-03
    2.74013e+01     2.06768e-03
    2.75914e+01     2.02967e-03
    2.77828e+01     1.99235e-03
    2.79756e+01     1.95570e-03
    2.81696e+01     1.91972e-03
    2.83651e+01     1.88440e-03
    2.85618e+01     1.84972e-03
    2.87600e+01     1.81567e-03
    2.89595e+01     1.78223e-03
    2.91604e+01     1.74941e-03
    2.93627e+01     1.71719e-03
    2.95664e+01     1.68555e-03
    2.97715e+01     1.65448e-03
    2.99780e+01     1.62399e-03
    3.01860e+01     1.59405e-03
    3.03954e+01     1.56466e-03
    3.06062e+01     1.53581e-03
    3.08185e+01     1.50750e-03
    3.10323e+01     1.47970e-03
    3.12476e+01     1.45243e-03
    3.14644e+01     1.42566e-03
    3.16827e+01     1.39938e-03
    3.19024e+01     1.37358e-03
    3.21238e+01     1.34824e-03
    3.23466e+01     1.32337e-03
    3.25710e+01     1.29894e-03
    3.27969e+01     1.27495e-03
    3.30245e+01     1.25139e-03
    3.32536e+01     1.22826e-03
    3.34842e+01     1.20555e-03
    3.37165e+01     1.18325e-03
    3.39504e+01     1.16138e-03
    3.41859e+01     1.13991e-03
    3.44231e+01     1.11884e-03
    3.46619e+01     1.09816e-03
    3.49024e+01     1.07787e-03
    3.51445e+01     1.05794e-03
    3.53883e+01     1.03839e-03
    3.56338e+01     1.01918e-03
    3.58810e+01     1.00033e-03
    3.61299e+01     9.81821e-04
    3.63805e+01     9.63648e-04
    3.66329e+01     9.45808e-04
    3.68870e+01     9.28294e-04
    3.71429e+01     9.11101e-04
    3.74006e+01     8.94225e-04
    3.76600e+01     8.77659e-04
    3.79213e+01     8.61399e-04
    3.81844e+01     8.45437e-04
    3.84492e+01     8.29770e-04
    3.87160e+01     8.14392e-04
    3.89846e+01     7.99297e-04
    3.92550e+01     7.84481e-04
    3.95273e+01     7.69938e-04
    3.98015e+01     7.55662e-04
    4.00776e+01     7.41650e-04
    4.03557e+01     7.27896e-04
    4.06356e+01     7.14395e-04
    4.09175e+01     7.01142e-04
    4.12014e+01     6.88134e-04
    4.14872e+01     6.75363e-04
    4.17750e+01     6.62827e-04
    4.20648e+01     6.50521e-04
    4.23566e+01     6.38439e-04
    4.26504e+01     6.26579e-04
    4.29463e+01     6.14935e-04
    4.32442e+01     6.03506e-04
    4.35442e+01     5.92287e-04
    4.38463e+01     5.81275e-04
    4.41505e+01     5.70469e-04
    4.44567e+01     5.59863e-04
    4.47651e+01     5.49455e-04
    4.50757e+01     5.39241e-04
    4.53884e+01     5.29217e-04
    4.57032e+01     5.19377e-04
    4.60203e+01     5.09718e-04
    4.63395e+01     5.00236e-04
    4.66610e+01     4.90927e-04
    4.69847e+01     4.81789e-04
    4.73106e+01     4.72817e-04
    4.76388e+01     4.64011e-04
    4.79693e+01     4.55368e-04
    4.83021e+01     4.46884e-04
    4.86372e+01     4.38558e-04
    4.89746e+01     4.30386e-04
    4.93143e+01     4.22366e-04
    4.96564e+01     4.14495e-04
    5.00009e+01     4.06770e-04
    5.03478e+01     3.99187e-04
    5.06970e+01     3.91744e-04
    5.10487e+01     3.84438e-04
    5.14029e+01     3.77267e-04
    5.17595e+01     3.70228e-04
    5.21185e+01     3.63319e-04
    5.24801e+01     3.56539e-04
    5.28441e+01     3.49884e-04
    5.32107e+01     3.43353e-04
    5.35799e+01     3.36943e-04
    5.39515e+01     3.30651e-04
    5.43258e+01     3.24477e-04
    5.47027e+01     3.18416e-04
    5.50822e+01     3.12466e-04
    5.54643e+01     3.06626e-04
    5.58490e+01     3.00894e-04
    5.62365e+01     2.95266e-04
    5.66266e+01     2.89743e-04
    5.70194e+01     2.84323e-04
    5.74150e+01     2.79004e-04
    5.78133e+01     2.73784e-04
    5.82143e+01     2.68663e-04
    5.86182e+01     2.63638e-04
    5.90248e+01     2.58707e-04
    5.94343e+01     2.53868e-04
    5.98466e+01     2.49117e-04
    6.02618e+01     2.44455e-04
    6.06798e+01     2.39877e-04
    6.11007e+01     2.35383e-04
    6.15246e+01     2.30972e-04
    6.19514e+01     2.26642e-04
    6.23812e+01     2.22392e-04
    6.28139e+01     2.18221e-04
    6.32497e+01     2.14129e-04
    6.36885e+01     2.10114e-04
    6.41303e+01     2.06174e-04
    6.45752e+01     2.02309e-04
    6.50231e+01     1.98515e-04
    6.54742e+01     1.94793e-04
    6.59284e+01     1.91140e-04
    6.63858e+01     1.87554e-04
    6.68463e+01     1.84034e-04
    6.73100e+01     1.80580e-04
    6.77769e+01     1.77190e-04
    6.82471e+01     1.73862e-04
    6.87206e+01     1.70596e-04
    6.91973e+01     1.67390e-04
    6.96773e+01     1.64244e-04
    7.01607e+01     1.61156e-04
    7.06474e+01     1.58126e-04
    7.11375e+01     1.55152e-04
    7.16310e+01     1.52233e-04
    7.21279e+01     1.49368e-04
    7.26283e+01     1.46557e-04
    7.31321e+01     1.43798e-04
    7.36394e+01     1.41091e-04
    7.41503e+01     1.38435e-04
    7.46647e+01     1.35829e-04
    7.51826e+01     1.33271e-04
    7.57042e+01     1.30762e-04
    7.62294e+01     1.28300e-04
    7.67582e+01     1.25885e-04
    7.72907e+01     1.23515e-04
    7.78268e+01     1.21188e-04
    7.83667e+01     1.18905e-04
    7.89104e+01     1.16664e-04
    7.94578e+01     1.14463e-04
    8.00090e+01     1.12303e-04
    8.05640e+01     1.10183e-04
    8.11229e+01     1.08103e-04
    8.16857e+01     1.06061e-04
    8.22523e+01     1.04058e-04
    8.28229e+01     1.02093e-04
    8.33975e+01     1.00165e-04
    8.39760e+01     9.82739e-05
    8.45586e+01     9.64183e-05
    8.51452e+01     9.45975e-05
    8.57359e+01     9.28105e-05
    8.63306e+01     9.10565e-05
    8.69295e+01     8.93348e-05
    8.75326e+01     8.76448e-05
    8.81398e+01     8.59861e-05
    8.87512e+01     8.43583e-05
    8.93669e+01     8.27609e-05
    8.99869e+01     8.11937e-05
    9.06111e+01     7.96561e-05
    9.12397e+01     7.81477e-05
    9.18726e+01     7.66678e-05
    9.25100e+01     7.52158e-05
    9.31517e+01     7.37910e-05
    9.37979e+01     7.23929e-05
    9.44486e+01     7.10209e-05
    9.51038e+01     6.96744e-05
    9.57636e+01     6.83529e-05
    9.64279e+01     6.70561e-05
    9.70968e+01     6.57835e-05
    9.77704e+01     6.45347e-05
    9.84487e+01     6.33093e-05
    9.91316e+01     6.21070e-05
    9.98193e+01     6.09274e-05
    1.00512e+02     5.97700e-05
    1.01209e+02     5.86345e-05
    1.01911e+02     5.75205e-05
    1.02618e+02     5.64277e-05
    1.03330e+02     5.53556e-05
