    7.38550e-05     1.69554e+01
    7.43673e-05     1.70691e+01
    7.48832e-05     1.71837e+01
    7.54027e-05     1.72990e+01
    7.59258e-05     1.74151e+01
    7.64525e-05     1.75320e+01
    7.69829e-05     1.76497e+01
    7.75169e-05     1.77682e+01
    7.80547e-05     1.78875e+01
    7.85961e-05     1.80076e+01
    7.91414e-05     1.81285e+01
    7.96904e-05     1.82503e+01
    8.02432e-05     1.83728e+01
    8.07999e-05     1.84962e+01
    8.13604e-05     1.86204e+01
    8.19248e-05     1.87455e+01
    8.24931e-05     1.88714e+01
    8.30654e-05     1.89981e+01
    8.36416e-05     1.91257e+01
    8.42219e-05     1.92541e+01
    8.48061e-05     1.93834e+01
    8.53944e-05     1.95135e+01
    8.59868e-05     1.96446e+01
    8.65833e-05     1.97764e+01
    8.71840e-05     1.99092e+01
    8.77888e-05     2.00429e+01
    8.83978e-05     2.01774e+01
    8.90110e-05     2.03129e+01
    8.96285e-05     2.04492e+01
    9.02503e-05     2.05865e+01
    9.08764e-05     2.07246e+01
    9.15068e-05     2.08637e+01
    9.21416e-05     2.10038e+01
    9.27808e-05     2.11448e+01
    9.34244e-05     2.12867e+01
    9.40725e-05     2.14296e+01
    9.47251e-05     2.15735e+01
    9.53822e-05     2.17183e+01
    9.60439e-05     2.18642e+01
    9.67102e-05     2.20110e+01
    9.73811e-05     2.21589e+01
    9.80566e-05     2.23078e+01
    9.87369e-05     2.24577e+01
    9.94218e-05     2.26086e+01
    1.00112e-04     2.27605e+01
    1.00806e-04     2.29134e+01
    1.01505e-04     2.30673e+01
    1.02209e-04     2.32222e+01
    1.02919e-04     2.33781e+01
    1.03632e-04     2.35349e+01
    1.04351e-04     2.36929e+01
    1.05075e-04     2.38518e+01
    1.05804e-04     2.40118e+01
    1.06538e-04     2.41728e+01
    1.07277e-04     2.43349e+01
    1.08021e-04     2.44981e+01
    1.08771e-04     2.46625e+01
    1.09525e-04     2.48280e+01
    1.10285e-04     2.49946e+01
    1.11050e-04     2.51624e+01
    1.11821e-04     2.53314e+01
    1.12596e-04     2.55016e+01
    1.13377e-04     2.56729e+01
    1.14164e-04     2.58454e+01
    1.14956e-04     2.60191e+01
    1.15753e-04     2.61939e+01
    1.16556e-04     2.63698e+01
    1.17365e-04     2.65470e+01
    1.18179e-04     2.67253e+01
    1.18999e-04     2.69047e+01
    1.19825e-04     2.70853e+01
    1.20656e-04     2.72671e+01
    1.21493e-04     2.74500e+01
    1.22336e-04     2.76342e+01
    1.23184e-04     2.78196e+01
    1.24039e-04     2.80063e+01
    1.24899e-04     2.81942e+01
    1.25766e-04     2.83833e+01
    1.26638e-04     2.85738e+01
    1.27517e-04     2.87655e+01
    1.28401e-04     2.89585e+01
    1.29292e-04     2.91529e+01
    1.30189e-04     2.93485e+01
    1.31092e-04     2.95455e+01
    1.32001e-04     2.97438e+01
    1.32917e-04     2.99434e+01
    1.33839e-04     3.01443e+01
    1.34768e-04     3.03466e+01
    1.35703e-04     3.05503e+01
    1.36644e-04     3.07553e+01
    1.37592e-04     3.09616e+01
    1.38546e-04     3.11694e+01
    1.39508e-04     3.13785e+01
    1.40475e-04     3.15890e+01
    1.41450e-04     3.18009e+01
    1.42431e-04     3.20142e+01
    1.43419e-04     3.22289e+01
    1.44414e-04     3.24451e+01
    1.45416e-04     3.26626e+01
    1.46425e-04     3.28817e+01
    1.47440e-04     3.31021e+01
    1.48463e-04     3.33241e+01
    1.49493e-04     3.35475e+01
    1.50530e-04     3.37724e+01
    1.51574e-04     3.39989e+01
    1.52626e-04     3.42268e+01
    1.53685e-04     3.44563e+01
    1.54751e-04     3.46873e+01
    1.55824e-04     3.49198e+01
    1.56905e-04     3.51540e+01
    1.57994e-04     3.53897e+01
    1.59090e-04     3.56270e+01
    1.60194e-04     3.58660e+01
    1.61305e-04     3.61066e+01
    1.62424e-04     3.63488e+01
    1.63551e-04     3.65928e+01
    1.64685e-04     3.68384e+01
    1.65828e-04     3.70858e+01
    1.66978e-04     3.73348e+01
    1.68136e-04     3.75856e+01
    1.69303e-04     3.78381e+01
    1.70477e-04     3.80922e+01
    1.71660e-04     3.83480e+01
    1.72851e-04     3.86055e+01
    1.74050e-04     3.88647e+01
    1.75257e-04     3.91255e+01
    1.76473e-04     3.93880e+01
    1.77697e-04     3.96521e+01
    1.78930e-04     3.99180e+01
    1.80171e-04     4.01855e+01
    1.81421e-04     4.04548e+01
    1.82680e-04     4.07259e+01
    1.83947e-04     4.09989e+01
    1.85223e-04     4.12736e+01
    1.86508e-04     4.15503e+01
    1.87802e-04     4.18288e+01
    1.89105e-04     4.21093e+01
    1.90416e-04     4.23917e+01
    1.91737e-04     4.26761e+01
    1.93067e-04     4.29624e+01
    1.94407e-04     4.32506e+01
    1.95755e-04     4.35408e+01
    1.97113e-04     4.38329e+01
    1.98481e-04     4.41270e+01
    1.99858e-04     4.44230e+01
    2.01244e-04     4.47209e+01
    2.02640e-04     4.50207e+01
    2.04046e-04     4.53225e+01
    2.05461e-04     4.56263e+01
    2.06887e-04     4.59321e+01
    2.08322e-04     4.62400e+01
    2.09767e-04     4.65499e+01
    2.11222e-04     4.68619e+01
    2.12688e-04     4.71760e+01
    2.14163e-04     4.74923e+01
    2.15649e-04     4.78108e+01
    2.17145e-04     4.81315e+01
    2.18651e-04     4.84544e+01
    2.20168e-04     4.87795e+01
    2.21695e-04     4.91067e+01
    2.23233e-04     4.94361e+01
    2.24782e-04     4.97676e+01
    2.26341e-04     5.01014e+01
    2.27911e-04     5.04372e+01
    2.29492e-04     5.07752e+01
    2.31084e-04     5.11153e+01
    2.32687e-04     5.14577e+01
    2.34302e-04     5.18022e+01
    2.35927e-04     5.21489e+01
    2.37564e-04     5.24980e+01
    2.39212e-04     5.28494e+01
    2.40871e-04     5.32031e+01
    2.42542e-04     5.35593e+01
    2.44225e-04     5.39179e+01
    2.45919e-04     5.42791e+01
    2.47625e-04     5.46427e+01
    2.49343e-04     5.50089e+01
    2.51072e-04     5.53776e+01
    2.52814e-04     5.57488e+01
    2.54568e-04     5.61225e+01
    2.56334e-04     5.64987e+01
    2.58112e-04     5.68774e+01
    2.59903e-04     5.72586e+01
    2.61706e-04     5.76422e+01
    2.63521e-04     5.80282e+01
    2.65349e-04     5.84167e+01
    2.67190e-04     5.88078e+01
    2.69044e-04     5.92013e+01
    2.70910e-04     5.95974e+01
    2.72789e-04     5.99961e+01
    2.74682e-04     6.03975e+01
    2.76587e-04     6.08015e+01
    2.78506e-04     6.12083e+01
    2.80438e-04     6.16178e+01
    2.82383e-04     6.20300e+01
    2.84342e-04     6.24451e+01
    2.86315e-04     6.28629e+01
    2.88301e-04     6.32836e+01
    2.90301e-04     6.37072e+01
    2.92315e-04     6.41335e+01
    2.94343e-04     6.45628e+01
    2.96385e-04     6.49949e+01
    2.98441e-04     6.54300e+01
    3.00511e-04     6.58680e+01
    3.02596e-04     6.63089e+01
    3.04695e-04     6.67527e+01
    3.06809e-04     6.71995e+01
    3.08937e-04     6.76492e+01
    3.11080e-04     6.81018e+01
    3.13238e-04     6.85575e+01
    3.15411e-04     6.90161e+01
    3.17599e-04     6.94776e+01
    3.19802e-04     6.99422e+01
    3.22021e-04     7.04097e+01
    3.24255e-04     7.08803e+01
    3.26504e-04     7.13539e+01
    3.28769e-04     7.18306e+01
    3.31050e-04     7.23104e+01
    3.33347e-04     7.27935e+01
    3.35659e-04     7.32798e+01
    3.37988e-04     7.37694e+01
    3.40332e-04     7.42623e+01
    3.42693e-04     7.47586e+01
    3.45071e-04     7.52584e+01
    3.47464e-04     7.57615e+01
    3.49875e-04     7.62681e+01
    3.52302e-04     7.67780e+01
    3.54746e-04     7.72914e+01
    3.57207e-04     7.78082e+01
    3.59685e-04     7.83283e+01
    3.62180e-04     7.88518e+01
    3.64692e-04     7.93786e+01
    3.67222e-04     7.99088e+01
    3.69770e-04     8.04423e+01
    3.72335e-04     8.09793e+01
    3.74918e-04     8.15197e+01
    3.77519e-04     8.20637e+01
    3.80138e-04     8.26111e+01
    3.82775e-04     8.31623e+01
    3.85430e-04     8.37170e+01
    3.88104e-04     8.42755e+01
    3.90796e-04     8.48378e+01
    3.93507e-04     8.54040e+01
    3.96237e-04     8.59739e+01
    3.98986e-04     8.65477e+01
    4.01754e-04     8.71254e+01
    4.04541e-04     8.77069e+01
    4.07347e-04     8.82923e+01
    4.10173e-04     8.88815e+01
    4.13018e-04     8.94745e+01
    4.15884e-04     9.00714e+01
    4.18769e-04     9.06721e+01
    4.21674e-04     9.12767e+01
    4.24599e-04     9.18852e+01
    4.27544e-04     9.24976e+01
    4.30510e-04     9.31139e+01
    4.33497e-04     9.37343e+01
    4.36504e-04     9.43588e+01
    4.39532e-04     9.49873e+01
    4.42581e-04     9.56200e+01
    4.45652e-04     9.62569e+01
    4.48743e-04     9.68980e+01
    4.51856e-04     9.75434e+01
    4.54991e-04     9.81930e+01
    4.58147e-04     9.88470e+01
    4.61325e-04     9.95053e+01
    4.64526e-04     1.00168e+02
    4.67748e-04     1.00835e+02
    4.70993e-04     1.01506e+02
    4.74260e-04     1.02182e+02
    4.77550e-04     1.02862e+02
    4.80863e-04     1.03547e+02
    4.84199e-04     1.04236e+02
    4.87558e-04     1.04929e+02
    4.90940e-04     1.05627e+02
    4.94346e-04     1.06330e+02
    4.97775e-04     1.07037e+02
    5.01228e-04     1.07749e+02
    5.04706e-04     1.08465e+02
    5.08207e-04     1.09186e+02
    5.11732e-04     1.09912e+02
    5.15282e-04     1.10642e+02
    5.18857e-04     1.11377e+02
    5.22456e-04     1.12117e+02
    5.26081e-04     1.12862e+02
    5.29730e-04     1.13612e+02
    5.33405e-04     1.14366e+02
    5.37105e-04     1.15125e+02
    5.40831e-04     1.15890e+02
    5.44583e-04     1.16659e+02
    5.48361e-04     1.17433e+02
    5.52165e-04     1.18213e+02
    5.55995e-04     1.18997e+02
    5.59852e-04     1.19787e+02
    5.63736e-04     1.20581e+02
    5.67647e-04     1.21381e+02
    5.71585e-04     1.22186e+02
    5.75550e-04     1.22996e+02
    5.79543e-04     1.23811e+02
    5.83563e-04     1.24632e+02
    5.87611e-04     1.25458e+02
    5.91688e-04     1.26289e+02
    5.95792e-04     1.27125e+02
    5.99925e-04     1.27966e+02
    6.04087e-04     1.28813e+02
    6.08278e-04     1.29666e+02
    6.12498e-04     1.30524e+02
    6.16747e-04     1.31387e+02
    6.21025e-04     1.32257e+02
    6.25333e-04     1.33131e+02
    6.29671e-04     1.34012e+02
    6.34039e-04     1.34898e+02
    6.38438e-04     1.35790e+02
    6.42867e-04     1.36688e+02
    6.47326e-04     1.37591e+02
    6.51817e-04     1.38500e+02
    6.56339e-04     1.39415e+02
    6.60892e-04     1.40336e+02
    6.65477e-04     1.41263e+02
    6.70093e-04     1.42195e+02
    6.74742e-04     1.43134e+02
    6.79422e-04     1.44078e+02
    6.84136e-04     1.45028e+02
    6.88882e-04     1.45985e+02
    6.93661e-04     1.46947e+02
    6.98473e-04     1.47915e+02
    7.03318e-04     1.48890e+02
    7.08197e-04     1.49871e+02
    7.13110e-04     1.50858e+02
    7.18057e-04     1.51852e+02
    7.23038e-04     1.52852e+02
    7.28054e-04     1.53858e+02
    7.33105e-04     1.54871e+02
    7.38190e-04     1.55890e+02
    7.43311e-04     1.56916e+02
    7.48468e-04     1.57948e+02
    7.53660e-04     1.58987e+02
    7.58888e-04     1.60032e+02
    7.64153e-04     1.61084e+02
    7.69454e-04     1.62142e+02
    7.74792e-04     1.63207e+02
    7.80166e-04     1.64279e+02
    7.85579e-04     1.65357e+02
    7.91028e-04     1.66442e+02
    7.96516e-04     1.67534e+02
    8.02041e-04     1.68633e+02
    8.07605e-04     1.69738e+02
    8.13208e-04     1.70851e+02
    8.18849e-04     1.71971e+02
    8.24530e-04     1.73098e+02
    8.30249e-04     1.74232e+02
    8.36009e-04     1.75373e+02
    8.41808e-04     1.76521e+02
    8.47648e-04     1.77676e+02
    8.53529e-04     1.78839e+02
    8.59450e-04     1.80008e+02
    8.65412e-04     1.81185e+02
    8.71415e-04     1.82369e+02
    8.77460e-04     1.83561e+02
    8.83547e-04     1.84760e+02
    8.89677e-04     1.85966e+02
    8.95849e-04     1.87180e+02
    9.02063e-04     1.88401e+02
    9.08321e-04     1.89630e+02
    9.14622e-04     1.90866e+02
    9.20967e-04     1.92110e+02
    9.27356e-04     1.93361e+02
    9.33789e-04     1.94621e+02
    9.40267e-04     1.95888e+02
    9.46790e-04     1.97163e+02
    9.53358e-04     1.98446e+02
    9.59971e-04     1.99736e+02
    9.66631e-04     2.01035e+02
    9.73337e-04     2.02342e+02
    9.80089e-04     2.03656e+02
    9.86888e-04     2.04979e+02
    9.93734e-04     2.06310e+02
    1.00063e-03     2.07649e+02
    1.00757e-03     2.08997e+02
    1.01456e-03     2.10352e+02
    1.02160e-03     2.11716e+02
    1.02868e-03     2.13088e+02
    1.03582e-03     2.14468e+02
    1.04301e-03     2.15857e+02
    1.05024e-03     2.17254e+02
    1.05753e-03     2.18659e+02
    1.06486e-03     2.20073e+02
    1.07225e-03     2.21494e+02
    1.07969e-03     2.22925e+02
    1.08718e-03     2.24364e+02
    1.09472e-03     2.25811e+02
    1.10231e-03     2.27268e+02
    1.10996e-03     2.28733e+02
    1.11766e-03     2.30207e+02
    1.12542e-03     2.31690e+02
    1.13322e-03     2.33182e+02
    1.14108e-03     2.34683e+02
    1.14900e-03     2.36194e+02
    1.15697e-03     2.37713e+02
    1.16500e-03     2.39242e+02
    1.17308e-03     2.40780e+02
    1.18122e-03     2.42327e+02
    1.18941e-03     2.43883e+02
    1.19766e-03     2.45448e+02
    1.20597e-03     2.47022e+02
    1.21434e-03     2.48605e+02
    1.22276e-03     2.50197e+02
    1.23124e-03     2.51798e+02
    1.23978e-03     2.53409e+02
    1.24838e-03     2.55028e+02
    1.25704e-03     2.56657e+02
    1.26576e-03     2.58296e+02
    1.27455e-03     2.59944e+02
    1.28339e-03     2.61601e+02
    1.29229e-03     2.63269e+02
    1.30126e-03     2.64946e+02
    1.31028e-03     2.66634e+02
    1.31937e-03     2.68331e+02
    1.32852e-03     2.70039e+02
    1.33774e-03     2.71756e+02
    1.34702e-03     2.73484e+02
    1.35637e-03     2.75222e+02
    1.36577e-03     2.76971e+02
    1.37525e-03     2.78729e+02
    1.38479e-03     2.80498e+02
    1.39440e-03     2.82278e+02
    1.40407e-03     2.84068e+02
    1.41381e-03     2.85868e+02
    1.42362e-03     2.87679e+02
    1.43349e-03     2.89500e+02
    1.44344e-03     2.91331e+02
    1.45345e-03     2.93173e+02
    1.46353e-03     2.95024e+02
    1.47369e-03     2.96886e+02
    1.48391e-03     2.98757e+02
    1.49420e-03     3.00639e+02
    1.50457e-03     3.02530e+02
    1.51501e-03     3.04432e+02
    1.52552e-03     3.06344e+02
    1.53610e-03     3.08267e+02
    1.54676e-03     3.10201e+02
    1.55749e-03     3.12146e+02
    1.56829e-03     3.14102e+02
    1.57917e-03     3.16070e+02
    1.59012e-03     3.18050e+02
    1.60116e-03     3.20041e+02
    1.61226e-03     3.22044e+02
    1.62345e-03     3.24059e+02
    1.63471e-03     3.26085e+02
    1.64605e-03     3.28123e+02
    1.65747e-03     3.30172e+02
    1.66897e-03     3.32232e+02
    1.68054e-03     3.34302e+02
    1.69220e-03     3.36383e+02
    1.70394e-03     3.38475e+02
    1.71576e-03     3.40578e+02
    1.72767e-03     3.42691e+02
    1.73965e-03     3.44815e+02
    1.75172e-03     3.46950e+02
    1.76387e-03     3.49097e+02
    1.77611e-03     3.51255e+02
    1.78843e-03     3.53425e+02
    1.80083e-03     3.55607e+02
    1.81333e-03     3.57801e+02
    1.82591e-03     3.60008e+02
    1.83857e-03     3.62226e+02
    1.85133e-03     3.64457e+02
    1.86417e-03     3.66700e+02
    1.87710e-03     3.68956e+02
    1.89012e-03     3.71223e+02
    1.90324e-03     3.73502e+02
    1.91644e-03     3.75792e+02
    1.92973e-03     3.78094e+02
    1.94312e-03     3.80408e+02
    1.95660e-03     3.82734e+02
    1.97017e-03     3.85071e+02
    1.98384e-03     3.87419e+02
    1.99760e-03     3.89780e+02
    2.01146e-03     3.92152e+02
    2.02541e-03     3.94537e+02
    2.03947e-03     3.96934e+02
    2.05361e-03     3.99343e+02
    2.06786e-03     4.01765e+02
    2.08220e-03     4.04200e+02
    2.09665e-03     4.06647e+02
    2.11119e-03     4.09107e+02
    2.12584e-03     4.11579e+02
    2.14059e-03     4.14064e+02
    2.15544e-03     4.16562e+02
    2.17039e-03     4.19073e+02
    2.18545e-03     4.21596e+02
    2.20061e-03     4.24132e+02
    2.21587e-03     4.26680e+02
    2.23124e-03     4.29242e+02
    2.24672e-03     4.31816e+02
    2.26231e-03     4.34402e+02
    2.27800e-03     4.37002e+02
    2.29381e-03     4.39614e+02
    2.30972e-03     4.42238e+02
    2.32574e-03     4.44876e+02
    2.34188e-03     4.47525e+02
    2.35812e-03     4.50188e+02
    2.37448e-03     4.52863e+02
    2.39095e-03     4.55551e+02
    2.40754e-03     4.58251e+02
    2.42424e-03     4.60964e+02
    2.44106e-03     4.63690e+02
    2.45799e-03     4.66429e+02
    2.47504e-03     4.69180e+02
    2.49221e-03     4.71944e+02
    2.50950e-03     4.74721e+02
    2.52691e-03     4.77510e+02
    2.54444e-03     4.80313e+02
    2.56209e-03     4.83128e+02
    2.57986e-03     4.85956e+02
    2.59776e-03     4.88797e+02
    2.61578e-03     4.91651e+02
    2.63393e-03     4.94518e+02
    2.65220e-03     4.97398e+02
    2.67060e-03     5.00291e+02
    2.68913e-03     5.03197e+02
    2.70778e-03     5.06116e+02
    2.72656e-03     5.09049e+02
    2.74548e-03     5.11994e+02
    2.76453e-03     5.14953e+02
    2.78370e-03     5.17924e+02
    2.80301e-03     5.20908e+02
    2.82246e-03     5.23905e+02
    2.84204e-03     5.26915e+02
    2.86175e-03     5.29937e+02
    2.88161e-03     5.32972e+02
    2.90160e-03     5.36020e+02
    2.92173e-03     5.39080e+02
    2.94199e-03     5.42153e+02
    2.96240e-03     5.45238e+02
    2.98295e-03     5.48336e+02
    3.00365e-03     5.51447e+02
    3.02448e-03     5.54570e+02
    3.04547e-03     5.57707e+02
    3.06659e-03     5.60856e+02
    3.08787e-03     5.64018e+02
    3.10929e-03     5.67194e+02
    3.13086e-03     5.70382e+02
    3.15258e-03     5.73583e+02
    3.17445e-03     5.76797e+02
    3.19647e-03     5.80024e+02
    3.21864e-03     5.83263e+02
    3.24097e-03     5.86516e+02
    3.26345e-03     5.89780e+02
    3.28609e-03     5.93057e+02
    3.30889e-03     5.96347e+02
    3.33184e-03     5.99648e+02
    3.35496e-03     6.02962e+02
    3.37823e-03     6.06289e+02
    3.40167e-03     6.09627e+02
    3.42526e-03     6.12978e+02
    3.44902e-03     6.16341e+02
    3.47295e-03     6.19717e+02
    3.49704e-03     6.23104e+02
    3.52130e-03     6.26504e+02
    3.54573e-03     6.29917e+02
    3.57033e-03     6.33341e+02
    3.59510e-03     6.36778e+02
    3.62004e-03     6.40226e+02
    3.64515e-03     6.43687e+02
    3.67044e-03     6.47159e+02
    3.69590e-03     6.50643e+02
    3.72154e-03     6.54139e+02
    3.74735e-03     6.57646e+02
    3.77335e-03     6.61164e+02
    3.79953e-03     6.64693e+02
    3.82588e-03     6.68234e+02
    3.85242e-03     6.71786e+02
    3.87915e-03     6.75349e+02
    3.90606e-03     6.78923e+02
    3.93316e-03     6.82509e+02
    3.96044e-03     6.86107e+02
    3.98792e-03     6.89715e+02
    4.01558e-03     6.93336e+02
    4.04344e-03     6.96968e+02
    4.07149e-03     7.00611e+02
    4.09973e-03     7.04265e+02
    4.12817e-03     7.07931e+02
    4.15681e-03     7.11607e+02
    4.18565e-03     7.15292e+02
    4.21468e-03     7.18988e+02
    4.24392e-03     7.22694e+02
    4.27336e-03     7.26408e+02
    4.30301e-03     7.30131e+02
    4.33286e-03     7.33863e+02
    4.36292e-03     7.37603e+02
    4.39318e-03     7.41353e+02
    4.42366e-03     7.45112e+02
    4.45435e-03     7.48881e+02
    4.48525e-03     7.52660e+02
    4.51636e-03     7.56451e+02
    4.54769e-03     7.60253e+02
    4.57924e-03     7.64068e+02
    4.61101e-03     7.67895e+02
    4.64299e-03     7.71735e+02
    4.67520e-03     7.75586e+02
    4.70764e-03     7.79446e+02
    4.74029e-03     7.83314e+02
    4.77318e-03     7.87187e+02
    4.80629e-03     7.91064e+02
    4.83963e-03     7.94942e+02
    4.87321e-03     7.98820e+02
    4.90701e-03     8.02695e+02
    4.94105e-03     8.06567e+02
    4.97533e-03     8.10473e+02
    5.00984e-03     8.14400e+02
    5.04460e-03     8.18315e+02
    5.07959e-03     8.22253e+02
    5.11483e-03     8.26185e+02
    5.15031e-03     8.30126e+02
    5.18604e-03     8.34083e+02
    5.22202e-03     8.38026e+02
    5.25824e-03     8.42003e+02
    5.29472e-03     8.45959e+02
    5.33145e-03     8.49943e+02
    5.36844e-03     8.53926e+02
    5.40568e-03     8.57912e+02
    5.44318e-03     8.61891e+02
    5.48094e-03     8.65906e+02
    5.51896e-03     8.69885e+02
    5.55725e-03     8.73902e+02
    5.59580e-03     8.77920e+02
    5.63462e-03     8.81933e+02
    5.67371e-03     8.85943e+02
    5.71306e-03     8.89974e+02
    5.75270e-03     8.94008e+02
    5.79260e-03     8.98030e+02
    5.83279e-03     9.02065e+02
    5.87325e-03     9.06088e+02
    5.91400e-03     9.10139e+02
    5.95502e-03     9.14187e+02
    5.99633e-03     9.18232e+02
    6.03793e-03     9.22279e+02
    6.07982e-03     9.26328e+02
    6.12199e-03     9.30372e+02
    6.16446e-03     9.34419e+02
    6.20723e-03     9.38486e+02
    6.25029e-03     9.42540e+02
    6.29365e-03     9.46583e+02
    6.33731e-03     9.50632e+02
    6.38127e-03     9.54704e+02
    6.42554e-03     9.58756e+02
    6.47011e-03     9.62801e+02
    6.51500e-03     9.66879e+02
    6.56019e-03     9.70925e+02
    6.60570e-03     9.74970e+02
    6.65152e-03     9.79022e+02
    6.69767e-03     9.83065e+02
    6.74413e-03     9.87110e+02
    6.79092e-03     9.91161e+02
    6.83803e-03     9.95204e+02
    6.88546e-03     9.99247e+02
    6.93323e-03     1.00330e+03
    6.98132e-03     1.00734e+03
    7.02975e-03     1.01136e+03
    7.07852e-03     1.01540e+03
    7.12763e-03     1.01940e+03
    7.17707e-03     1.02342e+03
    7.22686e-03     1.02744e+03
    7.27699e-03     1.03143e+03
    7.32748e-03     1.03544e+03
    7.37831e-03     1.03943e+03
    7.42949e-03     1.04341e+03
    7.48103e-03     1.04739e+03
    7.53293e-03     1.05138e+03
    7.58519e-03     1.05536e+03
    7.63781e-03     1.05932e+03
    7.69079e-03     1.06328e+03
    7.74414e-03     1.06720e+03
    7.79786e-03     1.07114e+03
    7.85196e-03     1.07507e+03
    7.90643e-03     1.07899e+03
    7.96128e-03     1.08291e+03
    8.01651e-03     1.08680e+03
    8.07212e-03     1.09068e+03
    8.12812e-03     1.09457e+03
    8.18450e-03     1.09842e+03
    8.24128e-03     1.10227e+03
    8.29845e-03     1.10611e+03
    8.35602e-03     1.10995e+03
    8.41398e-03     1.11374e+03
    8.47235e-03     1.11757e+03
    8.53113e-03     1.12135e+03
    8.59031e-03     1.12510e+03
    8.64990e-03     1.12887e+03
    8.70991e-03     1.13261e+03
    8.77033e-03     1.13635e+03
    8.83117e-03     1.14006e+03
    8.89243e-03     1.14375e+03
    8.95412e-03     1.14743e+03
    9.01624e-03     1.15110e+03
    9.07879e-03     1.15475e+03
    9.14177e-03     1.15838e+03
    9.20518e-03     1.16199e+03
    9.26904e-03     1.16556e+03
    9.33334e-03     1.16914e+03
    9.39809e-03     1.17268e+03
    9.46329e-03     1.17622e+03
    9.52893e-03     1.17973e+03
    9.59504e-03     1.18321e+03
    9.66160e-03     1.18666e+03
    9.72862e-03     1.19010e+03
    9.79611e-03     1.19354e+03
    9.86407e-03     1.19692e+03
    9.93250e-03     1.20030e+03
    1.00014e-02     1.20364e+03
    1.00708e-02     1.20697e+03
    1.01406e-02     1.21028e+03
    1.02110e-02     1.21355e+03
    1.02818e-02     1.21679e+03
    1.03532e-02     1.21999e+03
    1.04250e-02     1.22320e+03
    1.04973e-02     1.22637e+03
    1.05701e-02     1.22948e+03
    1.06434e-02     1.23258e+03
    1.07173e-02     1.23567e+03
    1.07916e-02     1.23872e+03
    1.08665e-02     1.24174e+03
    1.09419e-02     1.24472e+03
    1.10178e-02     1.24768e+03
    1.10942e-02     1.25059e+03
    1.11712e-02     1.25344e+03
    1.12487e-02     1.25632e+03
    1.13267e-02     1.25911e+03
    1.14053e-02     1.26192e+03
    1.14844e-02     1.26465e+03
    1.15641e-02     1.26736e+03
    1.16443e-02     1.27006e+03
    1.17251e-02     1.27268e+03
    1.18064e-02     1.27531e+03
    1.18883e-02     1.27786e+03
    1.19708e-02     1.28039e+03
    1.20538e-02     1.28288e+03
    1.21374e-02     1.28531e+03
    1.22216e-02     1.28771e+03
    1.23064e-02     1.29008e+03
    1.23918e-02     1.29239e+03
    1.24778e-02     1.29469e+03
    1.25643e-02     1.29692e+03
    1.26515e-02     1.29910e+03
    1.27392e-02     1.30126e+03
    1.28276e-02     1.30336e+03
    1.29166e-02     1.30542e+03
    1.30062e-02     1.30743e+03
    1.30964e-02     1.30940e+03
    1.31873e-02     1.31131e+03
    1.32788e-02     1.31319e+03
    1.33709e-02     1.31501e+03
    1.34636e-02     1.31679e+03
    1.35570e-02     1.31849e+03
    1.36511e-02     1.32018e+03
    1.37458e-02     1.32182e+03
    1.38412e-02     1.32337e+03
    1.39372e-02     1.32490e+03
    1.40339e-02     1.32638e+03
    1.41312e-02     1.32780e+03
    1.42292e-02     1.32914e+03
    1.43279e-02     1.33043e+03
    1.44273e-02     1.33168e+03
    1.45274e-02     1.33288e+03
    1.46282e-02     1.33403e+03
    1.47297e-02     1.33509e+03
    1.48319e-02     1.33611e+03
    1.49348e-02     1.33708e+03
    1.50384e-02     1.33799e+03
    1.51427e-02     1.33882e+03
    1.52477e-02     1.33962e+03
    1.53535e-02     1.34035e+03
    1.54600e-02     1.34100e+03
    1.55673e-02     1.34162e+03
    1.56753e-02     1.34216e+03
    1.57840e-02     1.34262e+03
    1.58935e-02     1.34304e+03
    1.60038e-02     1.34338e+03
    1.61148e-02     1.34367e+03
    1.62266e-02     1.34391e+03
    1.63391e-02     1.34404e+03
    1.64525e-02     1.34414e+03
    1.65666e-02     1.34415e+03
    1.66815e-02     1.34411e+03
    1.67973e-02     1.34399e+03
    1.69138e-02     1.34383e+03
    1.70311e-02     1.34357e+03
    1.71493e-02     1.34324e+03
    1.72682e-02     1.34286e+03
    1.73880e-02     1.34239e+03
    1.75087e-02     1.34185e+03
    1.76301e-02     1.34125e+03
    1.77524e-02     1.34058e+03
    1.78756e-02     1.33986e+03
    1.79996e-02     1.33903e+03
    1.81244e-02     1.33813e+03
    1.82502e-02     1.33717e+03
    1.83768e-02     1.33612e+03
    1.85043e-02     1.33502e+03
    1.86326e-02     1.33384e+03
    1.87619e-02     1.33258e+03
    1.88920e-02     1.33125e+03
    1.90231e-02     1.32983e+03
    1.91551e-02     1.32835e+03
    1.92879e-02     1.32679e+03
    1.94217e-02     1.32516e+03
    1.95565e-02     1.32344e+03
    1.96921e-02     1.32165e+03
    1.98287e-02     1.31979e+03
    1.99663e-02     1.31783e+03
    2.01048e-02     1.31584e+03
    2.02443e-02     1.31372e+03
    2.03847e-02     1.31157e+03
    2.05261e-02     1.30931e+03
    2.06685e-02     1.30697e+03
    2.08119e-02     1.30459e+03
    2.09563e-02     1.30211e+03
    2.11017e-02     1.29954e+03
    2.12480e-02     1.29691e+03
    2.13954e-02     1.29420e+03
    2.15439e-02     1.29140e+03
    2.16933e-02     1.28854e+03
    2.18438e-02     1.28560e+03
    2.19953e-02     1.28258e+03
    2.21479e-02     1.27949e+03
    2.23016e-02     1.27630e+03
    2.24563e-02     1.27306e+03
    2.26121e-02     1.26975e+03
    2.27689e-02     1.26633e+03
    2.29269e-02     1.26288e+03
    2.30859e-02     1.25933e+03
    2.32461e-02     1.25568e+03
    2.34073e-02     1.25199e+03
    2.35697e-02     1.24823e+03
    2.37332e-02     1.24436e+03
    2.38979e-02     1.24045e+03
    2.40637e-02     1.23647e+03
    2.42306e-02     1.23239e+03
    2.43987e-02     1.22828e+03
    2.45679e-02     1.22409e+03
    2.47384e-02     1.21981e+03
    2.49100e-02     1.21547e+03
    2.50828e-02     1.21107e+03
    2.52568e-02     1.20656e+03
    2.54320e-02     1.20204e+03
    2.56084e-02     1.19744e+03
    2.57861e-02     1.19276e+03
    2.59650e-02     1.18800e+03
    2.61451e-02     1.18321e+03
    2.63265e-02     1.17835e+03
    2.65091e-02     1.17343e+03
    2.66930e-02     1.16846e+03
    2.68782e-02     1.16341e+03
    2.70646e-02     1.15831e+03
    2.72524e-02     1.15315e+03
    2.74414e-02     1.14796e+03
    2.76318e-02     1.14271e+03
    2.78235e-02     1.13738e+03
    2.80165e-02     1.13200e+03
    2.82108e-02     1.12658e+03
    2.84065e-02     1.12112e+03
    2.86036e-02     1.11559e+03
    2.88020e-02     1.11004e+03
    2.90018e-02     1.10440e+03
    2.92030e-02     1.09877e+03
    2.94056e-02     1.09310e+03
    2.96096e-02     1.08736e+03
    2.98150e-02     1.08157e+03
    3.00218e-02     1.07580e+03
    3.02301e-02     1.06992e+03
    3.04398e-02     1.06405e+03
    3.06510e-02     1.05817e+03
    3.08636e-02     1.05220e+03
    3.10777e-02     1.04626e+03
    3.12933e-02     1.04029e+03
    3.15104e-02     1.03427e+03
    3.17290e-02     1.02822e+03
    3.19491e-02     1.02216e+03
    3.21707e-02     1.01608e+03
    3.23939e-02     1.00999e+03
    3.26186e-02     1.00388e+03
    3.28449e-02     9.97764e+02
    3.30728e-02     9.91625e+02
    3.33022e-02     9.85500e+02
    3.35332e-02     9.79341e+02
    3.37658e-02     9.73180e+02
    3.40001e-02     9.67013e+02
    3.42359e-02     9.60852e+02
    3.44734e-02     9.54712e+02
    3.47126e-02     9.48557e+02
    3.49534e-02     9.42383e+02
    3.51959e-02     9.36252e+02
    3.54400e-02     9.30108e+02
    3.56859e-02     9.23977e+02
    3.59335e-02     9.17886e+02
    3.61827e-02     9.11779e+02
    3.64337e-02     9.05688e+02
    3.66865e-02     8.99640e+02
    3.69410e-02     8.93594e+02
    3.71972e-02     8.87560e+02
    3.74553e-02     8.81610e+02
    3.77151e-02     8.75619e+02
    3.79768e-02     8.69660e+02
    3.82402e-02     8.63783e+02
    3.85055e-02     8.57885e+02
    3.87726e-02     8.52031e+02
    3.90416e-02     8.46240e+02
    3.93124e-02     8.40468e+02
    3.95851e-02     8.34738e+02
    3.98597e-02     8.29053e+02
    4.01363e-02     8.23408e+02
    4.04147e-02     8.17818e+02
    4.06950e-02     8.12261e+02
    4.09774e-02     8.06755e+02
    4.12616e-02     8.01301e+02
    4.15479e-02     7.95901e+02
    4.18361e-02     7.90552e+02
    4.21263e-02     7.85238e+02
    4.24185e-02     7.79990e+02
    4.27128e-02     7.74810e+02
    4.30091e-02     7.69679e+02
    4.33075e-02     7.64600e+02
    4.36079e-02     7.59574e+02
    4.39104e-02     7.54630e+02
    4.42150e-02     7.49733e+02
    4.45218e-02     7.44912e+02
    4.48306e-02     7.40154e+02
    4.51416e-02     7.35431e+02
    4.54548e-02     7.30798e+02
    4.57701e-02     7.26223e+02
    4.60876e-02     7.21708e+02
    4.64073e-02     7.17263e+02
    4.67293e-02     7.12885e+02
    4.70534e-02     7.08571e+02
    4.73798e-02     7.04325e+02
    4.77085e-02     7.00152e+02
    4.80395e-02     6.96019e+02
    4.83727e-02     6.91980e+02
    4.87083e-02     6.87988e+02
    4.90462e-02     6.84072e+02
    4.93865e-02     6.80209e+02
    4.97291e-02     6.76435e+02
    5.00740e-02     6.72700e+02
    5.04214e-02     6.69024e+02
    5.07712e-02     6.65410e+02
    5.11234e-02     6.61871e+02
    5.14780e-02     6.58362e+02
    5.18352e-02     6.54948e+02
    5.21947e-02     6.51573e+02
    5.25568e-02     6.48259e+02
    5.29214e-02     6.44977e+02
    5.32885e-02     6.41770e+02
    5.36582e-02     6.38617e+02
    5.40305e-02     6.35491e+02
    5.44053e-02     6.32414e+02
    5.47827e-02     6.29389e+02
    5.51627e-02     6.26394e+02
    5.55454e-02     6.23435e+02
    5.59307e-02     6.20530e+02
    5.63187e-02     6.17650e+02
    5.67094e-02     6.14804e+02
    5.71028e-02     6.11996e+02
    5.74990e-02     6.09203e+02
    5.78978e-02     6.06418e+02
    5.82995e-02     6.03654e+02
    5.87039e-02     6.00930e+02
    5.91111e-02     5.98215e+02
    5.95212e-02     5.95489e+02
    5.99341e-02     5.92779e+02
    6.03499e-02     5.90079e+02
    6.07685e-02     5.87375e+02
    6.11901e-02     5.84673e+02
    6.16146e-02     5.81951e+02
    6.20420e-02     5.79220e+02
    6.24724e-02     5.76490e+02
    6.29058e-02     5.73737e+02
    6.33422e-02     5.70943e+02
    6.37816e-02     5.68124e+02
    6.42241e-02     5.65291e+02
    6.46696e-02     5.62432e+02
    6.51182e-02     5.59531e+02
    6.55700e-02     5.56584e+02
    6.60248e-02     5.53632e+02
    6.64829e-02     5.50606e+02
    6.69441e-02     5.47516e+02
    6.74085e-02     5.44405e+02
    6.78761e-02     5.41222e+02
    6.83469e-02     5.37997e+02
    6.88211e-02     5.34708e+02
    6.92985e-02     5.31343e+02
    6.97792e-02     5.27926e+02
    7.02633e-02     5.24455e+02
    7.07507e-02     5.20904e+02
    7.12415e-02     5.17288e+02
    7.17358e-02     5.13620e+02
    7.22334e-02     5.09847e+02
    7.27345e-02     5.06024e+02
    7.32391e-02     5.02130e+02
    7.37471e-02     4.98176e+02
    7.42587e-02     4.94147e+02
    7.47739e-02     4.90030e+02
    7.52926e-02     4.85852e+02
    7.58149e-02     4.81601e+02
    7.63409e-02     4.77275e+02
    7.68704e-02     4.72894e+02
    7.74037e-02     4.68457e+02
    7.79407e-02     4.63943e+02
    7.84814e-02     4.59356e+02
    7.90258e-02     4.54750e+02
    7.95740e-02     4.50084e+02
    8.01260e-02     4.45340e+02
    8.06819e-02     4.40574e+02
    8.12416e-02     4.35780e+02
    8.18052e-02     4.30925e+02
    8.23727e-02     4.26035e+02
    8.29441e-02     4.21135e+02
    8.35195e-02     4.16194e+02
    8.40989e-02     4.11238e+02
    8.46823e-02     4.06290e+02
    8.52697e-02     4.01309e+02
    8.58613e-02     3.96355e+02
    8.64569e-02     3.91376e+02
    8.70567e-02     3.86429e+02
    8.76606e-02     3.81515e+02
    8.82687e-02     3.76593e+02
    8.88810e-02     3.71728e+02
    8.94976e-02     3.66877e+02
    9.01185e-02     3.62069e+02
    9.07436e-02     3.57341e+02
    9.13731e-02     3.52634e+02
    9.20070e-02     3.48008e+02
    9.26453e-02     3.43430e+02
    9.32880e-02     3.38920e+02
    9.39351e-02     3.34487e+02
    9.45868e-02     3.30131e+02
    9.52429e-02     3.25888e+02
    9.59036e-02     3.21702e+02
    9.65689e-02     3.17624e+02
    9.72389e-02     3.13656e+02
    9.79134e-02     3.09767e+02
    9.85927e-02     3.05984e+02
    9.92766e-02     3.02313e+02
    9.99653e-02     2.98754e+02
    1.00659e-01     2.95324e+02
    1.01357e-01     2.91943e+02
    1.02060e-01     2.88744e+02
    1.02768e-01     2.85604e+02
    1.03481e-01     2.82611e+02
    1.04199e-01     2.79722e+02
    1.04922e-01     2.76932e+02
    1.05650e-01     2.74280e+02
    1.06383e-01     2.71723e+02
    1.07121e-01     2.69257e+02
    1.07864e-01     2.66922e+02
    1.08612e-01     2.64653e+02
    1.09365e-01     2.62514e+02
    1.10124e-01     2.60459e+02
    1.10888e-01     2.58471e+02
    1.11657e-01     2.56590e+02
    1.12432e-01     2.54762e+02
    1.13212e-01     2.53028e+02
    1.13997e-01     2.51351e+02
    1.14788e-01     2.49720e+02
    1.15584e-01     2.48158e+02
    1.16386e-01     2.46619e+02
    1.17194e-01     2.45138e+02
    1.18007e-01     2.43665e+02
    1.18825e-01     2.42235e+02
    1.19650e-01     2.40807e+02
    1.20480e-01     2.39384e+02
    1.21315e-01     2.37957e+02
    1.22157e-01     2.36525e+02
    1.23004e-01     2.35085e+02
    1.23858e-01     2.33593e+02
    1.24717e-01     2.32098e+02
    1.25582e-01     2.30539e+02
    1.26453e-01     2.28958e+02
    1.27330e-01     2.27304e+02
    1.28214e-01     2.25616e+02
    1.29103e-01     2.23844e+02
    1.29999e-01     2.22030e+02
    1.30901e-01     2.20120e+02
    1.31809e-01     2.18168e+02
    1.32723e-01     2.16131e+02
    1.33644e-01     2.14023e+02
    1.34571e-01     2.11826e+02
    1.35504e-01     2.09578e+02
    1.36444e-01     2.07254e+02
    1.37391e-01     2.04852e+02
    1.38344e-01     2.02381e+02
    1.39304e-01     1.99868e+02
    1.40270e-01     1.97271e+02
    1.41243e-01     1.94657e+02
    1.42223e-01     1.91971e+02
    1.43210e-01     1.89275e+02
    1.44203e-01     1.86517e+02
    1.45204e-01     1.83773e+02
    1.46211e-01     1.80982e+02
    1.47225e-01     1.78222e+02
    1.48246e-01     1.75434e+02
    1.49275e-01     1.72692e+02
    1.50310e-01     1.69936e+02
    1.51353e-01     1.67230e+02
    1.52403e-01     1.64571e+02
    1.53460e-01     1.61933e+02
    1.54525e-01     1.59385e+02
    1.55597e-01     1.56869e+02
    1.56676e-01     1.54445e+02
    1.57763e-01     1.52085e+02
    1.58858e-01     1.49813e+02
    1.59960e-01     1.47616e+02
    1.61069e-01     1.45496e+02
    1.62187e-01     1.43490e+02
    1.63312e-01     1.41566e+02
    1.64445e-01     1.39738e+02
    1.65585e-01     1.38005e+02
    1.66734e-01     1.36352e+02
    1.67891e-01     1.34809e+02
    1.69055e-01     1.33337e+02
    1.70228e-01     1.31951e+02
    1.71409e-01     1.30656e+02
    1.72598e-01     1.29420e+02
    1.73796e-01     1.28261e+02
    1.75001e-01     1.27164e+02
    1.76215e-01     1.26113e+02
    1.77438e-01     1.25118e+02
    1.78669e-01     1.24154e+02
    1.79908e-01     1.23218e+02
    1.81156e-01     1.22308e+02
    1.82413e-01     1.21408e+02
    1.83678e-01     1.20504e+02
    1.84952e-01     1.19600e+02
    1.86235e-01     1.18686e+02
    1.87527e-01     1.17742e+02
    1.88828e-01     1.16773e+02
    1.90138e-01     1.15779e+02
    1.91457e-01     1.14735e+02
    1.92785e-01     1.13647e+02
    1.94123e-01     1.12524e+02
    1.95469e-01     1.11339e+02
    1.96825e-01     1.10102e+02
    1.98191e-01     1.08814e+02
    1.99566e-01     1.07491e+02
    2.00950e-01     1.06108e+02
    2.02344e-01     1.04680e+02
    2.03748e-01     1.03222e+02
    2.05161e-01     1.01728e+02
    2.06585e-01     1.00206e+02
    2.08018e-01     9.86622e+01
    2.09461e-01     9.71136e+01
    2.10914e-01     9.55614e+01
    2.12377e-01     9.40138e+01
    2.13850e-01     9.24726e+01
    2.15334e-01     9.09509e+01
    2.16828e-01     8.94660e+01
    2.18332e-01     8.80005e+01
    2.19846e-01     8.65930e+01
    2.21371e-01     8.52213e+01
    2.22907e-01     8.39030e+01
    2.24453e-01     8.26497e+01
    2.26011e-01     8.14406e+01
    2.27578e-01     8.02963e+01
    2.29157e-01     7.92085e+01
    2.30747e-01     7.81834e+01
    2.32348e-01     7.72126e+01
    2.33959e-01     7.62972e+01
    2.35582e-01     7.54349e+01
    2.37217e-01     7.46149e+01
    2.38862e-01     7.38358e+01
    2.40519e-01     7.30935e+01
    2.42188e-01     7.23778e+01
    2.43868e-01     7.16860e+01
    2.45560e-01     7.10104e+01
    2.47263e-01     7.03415e+01
    2.48979e-01     6.96711e+01
    2.50706e-01     6.89963e+01
    2.52445e-01     6.83139e+01
    2.54196e-01     6.76150e+01
    2.55960e-01     6.68952e+01
    2.57735e-01     6.61521e+01
    2.59523e-01     6.53859e+01
    2.61323e-01     6.45927e+01
    2.63136e-01     6.37718e+01
    2.64962e-01     6.29268e+01
    2.66800e-01     6.20603e+01
    2.68651e-01     6.11743e+01
    2.70514e-01     6.02719e+01
    2.72391e-01     5.93612e+01
    2.74281e-01     5.84473e+01
    2.76183e-01     5.75280e+01
    2.78099e-01     5.66186e+01
    2.80028e-01     5.57203e+01
    2.81971e-01     5.48340e+01
    2.83927e-01     5.39733e+01
    2.85897e-01     5.31360e+01
    2.87880e-01     5.23283e+01
    2.89877e-01     5.15521e+01
    2.91888e-01     5.08070e+01
    2.93913e-01     5.00944e+01
    2.95952e-01     4.94164e+01
    2.98005e-01     4.87698e+01
    3.00072e-01     4.81518e+01
    3.02154e-01     4.75619e+01
    3.04250e-01     4.69933e+01
    3.06361e-01     4.64466e+01
    3.08486e-01     4.59130e+01
    3.10626e-01     4.53900e+01
    3.12781e-01     4.48740e+01
    3.14951e-01     4.43618e+01
    3.17135e-01     4.38487e+01
    3.19335e-01     4.33280e+01
    3.21551e-01     4.28005e+01
    3.23781e-01     4.22661e+01
    3.26027e-01     4.17196e+01
    3.28289e-01     4.11652e+01
    3.30567e-01     4.06004e+01
    3.32860e-01     4.00259e+01
    3.35169e-01     3.94450e+01
    3.37494e-01     3.88614e+01
    3.39835e-01     3.82796e+01
    3.42193e-01     3.76953e+01
    3.44567e-01     3.71197e+01
    3.46957e-01     3.65537e+01
    3.49364e-01     3.59967e+01
    3.51787e-01     3.54522e+01
    3.54228e-01     3.49273e+01
    3.56685e-01     3.44201e+01
    3.59159e-01     3.39252e+01
    3.61651e-01     3.34497e+01
    3.64160e-01     3.29920e+01
    3.66686e-01     3.25507e+01
    3.69230e-01     3.21232e+01
    3.71791e-01     3.17066e+01
    3.74370e-01     3.12994e+01
    3.76968e-01     3.08983e+01
    3.79583e-01     3.05019e+01
    3.82216e-01     3.01111e+01
    3.84867e-01     2.97187e+01
    3.87537e-01     2.93251e+01
    3.90226e-01     2.89291e+01
    3.92933e-01     2.85314e+01
    3.95658e-01     2.81323e+01
    3.98403e-01     2.77318e+01
    4.01167e-01     2.73297e+01
    4.03950e-01     2.69275e+01
    4.06752e-01     2.65283e+01
    4.09574e-01     2.61319e+01
    4.12415e-01     2.57413e+01
    4.15276e-01     2.53580e+01
    4.18157e-01     2.49822e+01
    4.21058e-01     2.46143e+01
    4.23979e-01     2.42556e+01
    4.26920e-01     2.39071e+01
    4.29882e-01     2.35677e+01
    4.32864e-01     2.32367e+01
    4.35867e-01     2.29144e+01
    4.38890e-01     2.25977e+01
    4.41935e-01     2.22871e+01
    4.45001e-01     2.19814e+01
    4.48088e-01     2.16784e+01
    4.51196e-01     2.13779e+01
    4.54326e-01     2.10790e+01
    4.57478e-01     2.07808e+01
    4.60652e-01     2.04849e+01
    4.63847e-01     2.01891e+01
    4.67065e-01     1.98945e+01
    4.70305e-01     1.96022e+01
    4.73568e-01     1.93127e+01
    4.76853e-01     1.90263e+01
    4.80161e-01     1.87431e+01
    4.83492e-01     1.84657e+01
    4.86846e-01     1.81932e+01
    4.90223e-01     1.79256e+01
    4.93624e-01     1.76639e+01
    4.97048e-01     1.74075e+01
    5.00496e-01     1.71564e+01
    5.03968e-01     1.69098e+01
    5.07465e-01     1.66666e+01
    5.10985e-01     1.64277e+01
    5.14530e-01     1.61923e+01
    5.18099e-01     1.59589e+01
    5.21693e-01     1.57277e+01
    5.25312e-01     1.54986e+01
    5.28956e-01     1.52718e+01
    5.32626e-01     1.50469e+01
    5.36321e-01     1.48240e+01
    5.40041e-01     1.46043e+01
    5.43788e-01     1.43871e+01
    5.47560e-01     1.41726e+01
    5.51359e-01     1.39616e+01
    5.55183e-01     1.37544e+01
    5.59035e-01     1.35501e+01
    5.62913e-01     1.33494e+01
    5.66818e-01     1.31525e+01
    5.70750e-01     1.29586e+01
    5.74709e-01     1.27677e+01
    5.78696e-01     1.25794e+01
    5.82711e-01     1.23939e+01
    5.86753e-01     1.22110e+01
    5.90824e-01     1.20299e+01
    5.94922e-01     1.18510e+01
    5.99049e-01     1.16743e+01
    6.03205e-01     1.14993e+01
    6.07390e-01     1.13269e+01
    6.11603e-01     1.11570e+01
    6.15846e-01     1.09895e+01
    6.20118e-01     1.08243e+01
    6.24420e-01     1.06618e+01
    6.28752e-01     1.05018e+01
    6.33113e-01     1.03441e+01
    6.37505e-01     1.01890e+01
    6.41928e-01     1.00364e+01
    6.46381e-01     9.88591e+00
    6.50865e-01     9.73700e+00
    6.55380e-01     9.59011e+00
    6.59927e-01     9.44535e+00
    6.64505e-01     9.30270e+00
    6.69114e-01     9.16211e+00
    6.73756e-01     9.02356e+00
    6.78430e-01     8.88701e+00
    6.83137e-01     8.75243e+00
    6.87876e-01     8.61980e+00
    6.92647e-01     8.48907e+00
    6.97453e-01     8.36023e+00
    7.02291e-01     8.23323e+00
    7.07163e-01     8.10807e+00
    7.12068e-01     7.98470e+00
    7.17008e-01     7.86310e+00
    7.21982e-01     7.74325e+00
    7.26991e-01     7.62513e+00
    7.32034e-01     7.50873e+00
    7.37112e-01     7.39403e+00
    7.42226e-01     7.28101e+00
    7.47375e-01     7.16965e+00
    7.52559e-01     7.05992e+00
    7.57780e-01     6.95180e+00
    7.63037e-01     6.84525e+00
    7.68330e-01     6.74026e+00
    7.73660e-01     6.63679e+00
    7.79027e-01     6.53481e+00
    7.84431e-01     6.43431e+00
    7.89873e-01     6.33526e+00
    7.95352e-01     6.23765e+00
    8.00870e-01     6.14147e+00
    8.06426e-01     6.04669e+00
    8.12020e-01     5.95331e+00
    8.17653e-01     5.86130e+00
    8.23325e-01     5.77065e+00
    8.29037e-01     5.68134e+00
    8.34788e-01     5.59335e+00
    8.40579e-01     5.50666e+00
    8.46410e-01     5.42126e+00
    8.52282e-01     5.33713e+00
    8.58194e-01     5.25425e+00
    8.64148e-01     5.17261e+00
    8.70143e-01     5.09218e+00
    8.76179e-01     5.01295e+00
    8.82257e-01     4.93491e+00
    8.88377e-01     4.85803e+00
    8.94540e-01     4.78230e+00
    9.00746e-01     4.70771e+00
    9.06994e-01     4.63424e+00
    9.13286e-01     4.56186e+00
    9.19622e-01     4.49057e+00
    9.26002e-01     4.42034e+00
    9.32425e-01     4.35117e+00
    9.38894e-01     4.28302e+00
    9.45407e-01     4.21590e+00
    9.51965e-01     4.14977e+00
    9.58569e-01     4.08463e+00
    9.65219e-01     4.02045e+00
    9.71915e-01     3.95723e+00
    9.78657e-01     3.89493e+00
    9.85446e-01     3.83357e+00
    9.92283e-01     3.77314e+00
    9.99166e-01     3.71363e+00
    1.00610e+00     3.65503e+00
    1.01308e+00     3.59735e+00
    1.02010e+00     3.54058e+00
    1.02718e+00     3.48469e+00
    1.03431e+00     3.42968e+00
    1.04148e+00     3.37552e+00
    1.04871e+00     3.32218e+00
    1.05598e+00     3.26965e+00
    1.06331e+00     3.21792e+00
    1.07068e+00     3.16695e+00
    1.07811e+00     3.11675e+00
    1.08559e+00     3.06729e+00
    1.09312e+00     3.01857e+00
    1.10070e+00     2.97057e+00
    1.10834e+00     2.92328e+00
    1.11603e+00     2.87670e+00
    1.12377e+00     2.83081e+00
    1.13157e+00     2.78562e+00
    1.13942e+00     2.74113e+00
    1.14732e+00     2.69734e+00
    1.15528e+00     2.65424e+00
    1.16329e+00     2.61184e+00
    1.17136e+00     2.57012e+00
    1.17949e+00     2.52906e+00
    1.18767e+00     2.48864e+00
    1.19591e+00     2.44885e+00
    1.20421e+00     2.40966e+00
    1.21256e+00     2.37105e+00
    1.22097e+00     2.33302e+00
    1.22944e+00     2.29555e+00
    1.23797e+00     2.25864e+00
    1.24656e+00     2.22231e+00
    1.25521e+00     2.18654e+00
    1.26392e+00     2.15134e+00
    1.27268e+00     2.11671e+00
    1.28151e+00     2.08264e+00
    1.29040e+00     2.04912e+00
    1.29935e+00     2.01612e+00
    1.30837e+00     1.98363e+00
    1.31744e+00     1.95163e+00
    1.32658e+00     1.92012e+00
    1.33579e+00     1.88908e+00
    1.34505e+00     1.85851e+00
    1.35438e+00     1.82840e+00
    1.36378e+00     1.79876e+00
    1.37324e+00     1.76958e+00
    1.38277e+00     1.74087e+00
    1.39236e+00     1.71262e+00
    1.40202e+00     1.68483e+00
    1.41174e+00     1.65748e+00
    1.42154e+00     1.63057e+00
    1.43140e+00     1.60409e+00
    1.44133e+00     1.57802e+00
    1.45133e+00     1.55237e+00
    1.46140e+00     1.52712e+00
    1.47153e+00     1.50227e+00
    1.48174e+00     1.47780e+00
    1.49202e+00     1.45373e+00
    1.50237e+00     1.43003e+00
    1.51279e+00     1.40672e+00
    1.52329e+00     1.38377e+00
    1.53386e+00     1.36118e+00
    1.54450e+00     1.33896e+00
    1.55521e+00     1.31708e+00
    1.56600e+00     1.29555e+00
    1.57686e+00     1.27436e+00
    1.58780e+00     1.25350e+00
    1.59882e+00     1.23297e+00
    1.60991e+00     1.21277e+00
    1.62108e+00     1.19288e+00
    1.63232e+00     1.17331e+00
    1.64365e+00     1.15405e+00
    1.65505e+00     1.13510e+00
    1.66653e+00     1.11645e+00
    1.67809e+00     1.09810e+00
    1.68973e+00     1.08005e+00
    1.70145e+00     1.06228e+00
    1.71326e+00     1.04480e+00
    1.72514e+00     1.02760e+00
    1.73711e+00     1.01068e+00
    1.74916e+00     9.94024e-01
    1.76129e+00     9.77636e-01
    1.77351e+00     9.61509e-01
    1.78582e+00     9.45638e-01
    1.79820e+00     9.30019e-01
    1.81068e+00     9.14647e-01
    1.82324e+00     8.99519e-01
    1.83589e+00     8.84631e-01
    1.84862e+00     8.69980e-01
    1.86145e+00     8.55566e-01
    1.87436e+00     8.41384e-01
    1.88736e+00     8.27432e-01
    1.90046e+00     8.13708e-01
    1.91364e+00     8.00208e-01
    1.92692e+00     7.86929e-01
    1.94028e+00     7.73867e-01
    1.95374e+00     7.61017e-01
    1.96730e+00     7.48377e-01
    1.98094e+00     7.35942e-01
    1.99469e+00     7.23709e-01
    2.00852e+00     7.11675e-01
    2.02246e+00     6.99837e-01
    2.03649e+00     6.88191e-01
    2.05061e+00     6.76735e-01
    2.06484e+00     6.65465e-01
    2.07916e+00     6.54378e-01
    2.09359e+00     6.43471e-01
    2.10811e+00     6.32739e-01
    2.12274e+00     6.22180e-01
    2.13746e+00     6.11790e-01
    2.15229e+00     6.01565e-01
    2.16722e+00     5.91501e-01
    2.18225e+00     5.81598e-01
    2.19739e+00     5.71854e-01
    2.21264e+00     5.62268e-01
    2.22799e+00     5.52840e-01
    2.24344e+00     5.43570e-01
    2.25900e+00     5.34455e-01
    2.27468e+00     5.25496e-01
    2.29046e+00     5.16688e-01
    2.30634e+00     5.08028e-01
    2.32234e+00     4.99510e-01
    2.33845e+00     4.91131e-01
    2.35468e+00     4.82887e-01
    2.37101e+00     4.74774e-01
    2.38746e+00     4.66791e-01
    2.40402e+00     4.58936e-01
    2.42070e+00     4.51208e-01
    2.43749e+00     4.43607e-01
    2.45440e+00     4.36131e-01
    2.47143e+00     4.28781e-01
    2.48857e+00     4.21553e-01
    2.50584e+00     4.14447e-01
    2.52322e+00     4.07459e-01
    2.54072e+00     4.00587e-01
    2.55835e+00     3.93827e-01
    2.57610e+00     3.87178e-01
    2.59397e+00     3.80637e-01
    2.61196e+00     3.74202e-01
    2.63008e+00     3.67872e-01
    2.64833e+00     3.61646e-01
    2.66670e+00     3.55523e-01
    2.68520e+00     3.49501e-01
    2.70383e+00     3.43579e-01
    2.72258e+00     3.37756e-01
    2.74147e+00     3.32030e-01
    2.76049e+00     3.26399e-01
    2.77964e+00     3.20862e-01
    2.79892e+00     3.15418e-01
    2.81834e+00     3.10063e-01
    2.83789e+00     3.04798e-01
    2.85757e+00     2.99620e-01
    2.87740e+00     2.94528e-01
    2.89736e+00     2.89522e-01
    2.91746e+00     2.84599e-01
    2.93770e+00     2.79758e-01
    2.95808e+00     2.74998e-01
    2.97860e+00     2.70319e-01
    2.99926e+00     2.65717e-01
    3.02007e+00     2.61193e-01
    3.04102e+00     2.56743e-01
    3.06211e+00     2.52367e-01
    3.08336e+00     2.48064e-01
    3.10475e+00     2.43832e-01
    3.12628e+00     2.39669e-01
    3.14797e+00     2.35576e-01
    3.16981e+00     2.31551e-01
    3.19180e+00     2.27593e-01
    3.21394e+00     2.23702e-01
    3.23624e+00     2.19876e-01
    3.25869e+00     2.16114e-01
    3.28129e+00     2.12416e-01
    3.30406e+00     2.08780e-01
    3.32698e+00     2.05205e-01
    3.35006e+00     2.01690e-01
    3.37330e+00     1.98235e-01
    3.39670e+00     1.94837e-01
    3.42026e+00     1.91497e-01
    3.44399e+00     1.88213e-01
    3.46788e+00     1.84984e-01
    3.49194e+00     1.81810e-01
    3.51616e+00     1.78689e-01
    3.54055e+00     1.75621e-01
    3.56511e+00     1.72605e-01
    3.58985e+00     1.69639e-01
    3.61475e+00     1.66723e-01
    3.63982e+00     1.63857e-01
    3.66508e+00     1.61039e-01
    3.69050e+00     1.58268e-01
    3.71610e+00     1.55544e-01
    3.74188e+00     1.52865e-01
    3.76784e+00     1.50232e-01
    3.79398e+00     1.47643e-01
    3.82030e+00     1.45098e-01
    3.84680e+00     1.42595e-01
    3.87348e+00     1.40135e-01
    3.90036e+00     1.37716e-01
    3.92741e+00     1.35338e-01
    3.95466e+00     1.33001e-01
    3.98209e+00     1.30703e-01
    4.00972e+00     1.28444e-01
    4.03753e+00     1.26224e-01
    4.06554e+00     1.24042e-01
    4.09374e+00     1.21896e-01
    4.12214e+00     1.19788e-01
    4.15074e+00     1.17715e-01
    4.17953e+00     1.15677e-01
    4.20853e+00     1.13674e-01
    4.23772e+00     1.11705e-01
    4.26712e+00     1.09770e-01
    4.29672e+00     1.07867e-01
    4.32653e+00     1.05997e-01
    4.35654e+00     1.04159e-01
    4.38677e+00     1.02352e-01
    4.41720e+00     1.00576e-01
    4.44784e+00     9.88304e-02
    4.47870e+00     9.71146e-02
    4.50976e+00     9.54281e-02
    4.54105e+00     9.37704e-02
    4.57255e+00     9.21411e-02
    4.60427e+00     9.05395e-02
    4.63621e+00     8.89653e-02
    4.66837e+00     8.74180e-02
    4.70076e+00     8.58971e-02
    4.73337e+00     8.44021e-02
    4.76621e+00     8.29327e-02
    4.79927e+00     8.14883e-02
    4.83256e+00     8.00686e-02
    4.86609e+00     7.86731e-02
    4.89984e+00     7.73015e-02
    4.93384e+00     7.59535e-02
    4.96806e+00     7.46287e-02
    5.00253e+00     7.33267e-02
    5.03723e+00     7.20473e-02
    5.07217e+00     7.07900e-02
    5.10736e+00     6.95543e-02
    5.14279e+00     6.83399e-02
    5.17847e+00     6.71463e-02
    5.21439e+00     6.59730e-02
    5.25056e+00     6.48195e-02
    5.28699e+00     6.36856e-02
    5.32366e+00     6.25710e-02
    5.36060e+00     6.14754e-02
    5.39778e+00     6.03986e-02
    5.43523e+00     5.93404e-02
    5.47293e+00     5.83007e-02
    5.51090e+00     5.72792e-02
    5.54913e+00     5.62757e-02
    5.58763e+00     5.52897e-02
    5.62639e+00     5.43208e-02
    5.66542e+00     5.33688e-02
    5.70472e+00     5.24331e-02
    5.74430e+00     5.15136e-02
    5.78414e+00     5.06097e-02
    5.82427e+00     4.97213e-02
    5.86467e+00     4.88482e-02
    5.90536e+00     4.79900e-02
    5.94632e+00     4.71467e-02
    5.98758e+00     4.63178e-02
    6.02911e+00     4.55033e-02
    6.07094e+00     4.47029e-02
    6.11305e+00     4.39164e-02
    6.15546e+00     4.31435e-02
    6.19816e+00     4.23840e-02
    6.24116e+00     4.16378e-02
    6.28445e+00     4.09045e-02
    6.32805e+00     4.01840e-02
    6.37195e+00     3.94762e-02
    6.41615e+00     3.87806e-02
    6.46066e+00     3.80972e-02
    6.50548e+00     3.74258e-02
    6.55061e+00     3.67661e-02
    6.59605e+00     3.61180e-02
    6.64181e+00     3.54812e-02
    6.68789e+00     3.48555e-02
    6.73428e+00     3.42406e-02
    6.78100e+00     3.36364e-02
    6.82804e+00     3.30426e-02
    6.87541e+00     3.24590e-02
    6.92310e+00     3.18854e-02
    6.97113e+00     3.13217e-02
    7.01949e+00     3.07677e-02
    7.06818e+00     3.02234e-02
    7.11722e+00     2.96885e-02
    7.16659e+00     2.91630e-02
    7.21631e+00     2.86468e-02
    7.26637e+00     2.81396e-02
    7.31677e+00     2.76413e-02
    7.36753e+00     2.71517e-02
    7.41864e+00     2.66708e-02
    7.47011e+00     2.61982e-02
    7.52193e+00     2.57339e-02
    7.57411e+00     2.52777e-02
    7.62665e+00     2.48295e-02
    7.67956e+00     2.43891e-02
    7.73283e+00     2.39564e-02
    7.78648e+00     2.35313e-02
    7.84049e+00     2.31136e-02
    7.89488e+00     2.27033e-02
    7.94965e+00     2.23001e-02
    8.00480e+00     2.19040e-02
    8.06033e+00     2.15148e-02
    8.11624e+00     2.11324e-02
    8.17255e+00     2.07568e-02
    8.22924e+00     2.03877e-02
    8.28633e+00     2.00250e-02
    8.34381e+00     1.96687e-02
    8.40170e+00     1.93187e-02
    8.45998e+00     1.89749e-02
    8.51867e+00     1.86371e-02
    8.57776e+00     1.83052e-02
    8.63727e+00     1.79792e-02
    8.69719e+00     1.76590e-02
    8.75752e+00     1.73445e-02
    8.81827e+00     1.70354e-02
    8.87945e+00     1.67318e-02
    8.94105e+00     1.64336e-02
    9.00307e+00     1.61405e-02
    9.06553e+00     1.58527e-02
    9.12842e+00     1.55698e-02
    9.19174e+00     1.52920e-02
    9.25551e+00     1.50190e-02
    9.31971e+00     1.47509e-02
    9.38436e+00     1.44874e-02
    9.44947e+00     1.42287e-02
    9.51502e+00     1.39745e-02
    9.58102e+00     1.37247e-02
    9.64749e+00     1.34794e-02
    9.71442e+00     1.32384e-02
    9.78181e+00     1.30016e-02
    9.84966e+00     1.27690e-02
    9.91799e+00     1.25405e-02
    9.98680e+00     1.23161e-02
    1.00561e+01     1.20956e-02
    1.01258e+01     1.18790e-02
    1.01961e+01     1.16663e-02
    1.02668e+01     1.14574e-02
    1.03380e+01     1.12522e-02
    1.04098e+01     1.10507e-02
    1.04820e+01     1.08528e-02
    1.05547e+01     1.06584e-02
    1.06279e+01     1.04675e-02
    1.07016e+01     1.02800e-02
    1.07759e+01     1.00958e-02
    1.08506e+01     9.91489e-03
    1.09259e+01     9.73717e-03
    1.10017e+01     9.56256e-03
    1.10780e+01     9.39097e-03
    1.11549e+01     9.22234e-03
    1.12322e+01     9.05660e-03
    1.13102e+01     8.89369e-03
    1.13886e+01     8.73361e-03
    1.14676e+01     8.57633e-03
    1.15472e+01     8.42184e-03
    1.16273e+01     8.27011e-03
    1.17079e+01     8.12113e-03
    1.17892e+01     7.97488e-03
    1.18709e+01     7.83129e-03
    1.19533e+01     7.69032e-03
    1.20362e+01     7.55193e-03
    1.21197e+01     7.41606e-03
    1.22038e+01     7.28267e-03
    1.22885e+01     7.15171e-03
    1.23737e+01     7.02312e-03
    1.24595e+01     6.89683e-03
    1.25460e+01     6.77280e-03
    1.26330e+01     6.65094e-03
    1.27206e+01     6.53122e-03
    1.28089e+01     6.41356e-03
    1.28977e+01     6.29793e-03
    1.29872e+01     6.18430e-03
    1.30773e+01     6.07267e-03
    1.31680e+01     5.96300e-03
    1.32594e+01     5.85528e-03
    1.33514e+01     5.74949e-03
    1.34440e+01     5.64561e-03
    1.35372e+01     5.54361e-03
    1.36312e+01     5.44346e-03
    1.37257e+01     5.34512e-03
    1.38209e+01     5.24857e-03
    1.39168e+01     5.15377e-03
    1.40134e+01     5.06069e-03
    1.41106e+01     4.96930e-03
    1.42085e+01     4.87955e-03
    1.43070e+01     4.79140e-03
    1.44063e+01     4.70482e-03
    1.45062e+01     4.61975e-03
    1.46068e+01     4.53617e-03
    1.47082e+01     4.45405e-03
    1.48102e+01     4.37335e-03
    1.49129e+01     4.29408e-03
    1.50164e+01     4.21622e-03
    1.51206e+01     4.13977e-03
    1.52255e+01     4.06470e-03
    1.53311e+01     3.99100e-03
    1.54374e+01     3.91866e-03
    1.55445e+01     3.84764e-03
    1.56524e+01     3.77792e-03
    1.57610e+01     3.70946e-03
    1.58703e+01     3.64223e-03
    1.59804e+01     3.57621e-03
    1.60912e+01     3.51137e-03
    1.62029e+01     3.44769e-03
    1.63153e+01     3.38515e-03
    1.64285e+01     3.32371e-03
    1.65424e+01     3.26337e-03
    1.66572e+01     3.20409e-03
    1.67727e+01     3.14587e-03
    1.68891e+01     3.08867e-03
    1.70062e+01     3.03250e-03
    1.71242e+01     2.97734e-03
    1.72430e+01     2.92318e-03
    1.73626e+01     2.87001e-03
    1.74831e+01     2.81781e-03
    1.76044e+01     2.76657e-03
    1.77265e+01     2.71627e-03
    1.78495e+01     2.66688e-03
    1.79733e+01     2.61838e-03
    1.80980e+01     2.57074e-03
    1.82235e+01     2.52395e-03
    1.83499e+01     2.47798e-03
    1.84772e+01     2.43282e-03
    1.86054e+01     2.38846e-03
    1.87345e+01     2.34490e-03
    1.88644e+01     2.30213e-03
    1.89953e+01     2.26015e-03
    1.91271e+01     2.21894e-03
    1.92598e+01     2.17849e-03
    1.93934e+01     2.13878e-03
    1.95279e+01     2.09981e-03
    1.96634e+01     2.06154e-03
    1.97998e+01     2.02396e-03
    1.99371e+01     1.98706e-03
    2.00755e+01     1.95082e-03
    2.02147e+01     1.91523e-03
    2.03549e+01     1.88028e-03
    2.04962e+01     1.84595e-03
    2.06383e+01     1.81224e-03
    2.07815e+01     1.77914e-03
    2.09257e+01     1.74664e-03
    2.10708e+01     1.71473e-03
    2.12170e+01     1.68339e-03
    2.13642e+01     1.65262e-03
    2.15124e+01     1.62240e-03
    2.16616e+01     1.59273e-03
    2.18119e+01     1.56360e-03
    2.19632e+01     1.53500e-03
    2.21156e+01     1.50691e-03
    2.22690e+01     1.47933e-03
    2.24235e+01     1.45225e-03
    2.25790e+01     1.42567e-03
    2.27357e+01     1.39956e-03
    2.28934e+01     1.37393e-03
    2.30522e+01     1.34876e-03
    2.32121e+01     1.32405e-03
    2.33732e+01     1.29979e-03
    2.35353e+01     1.27598e-03
    2.36986e+01     1.25260e-03
    2.38630e+01     1.22966e-03
    2.40285e+01     1.20713e-03
    2.41952e+01     1.18502e-03
    2.43630e+01     1.16331e-03
    2.45321e+01     1.14200e-03
    2.47022e+01     1.12106e-03
    2.48736e+01     1.10050e-03
    2.50462e+01     1.08031e-03
    2.52199e+01     1.06047e-03
    2.53949e+01     1.04099e-03
    2.55710e+01     1.02186e-03
    2.57484e+01     1.00309e-03
    2.59270e+01     9.84652e-04
    2.61069e+01     9.66558e-04
    2.62880e+01     9.48800e-04
    2.64704e+01     9.31369e-04
    2.66540e+01     9.14260e-04
    2.68389e+01     8.97464e-04
    2.70251e+01     8.80975e-04
    2.72126e+01     8.64786e-04
    2.74013e+01     8.48892e-04
    2.75914e+01     8.33285e-04
    2.77828e+01     8.17962e-04
    2.79756e+01     8.02918e-04
    2.81696e+01     7.88147e-04
    2.83651e+01     7.73644e-04
    2.85618e+01     7.59405e-04
    2.87600e+01     7.45425e-04
    2.89595e+01     7.31700e-04
    2.91604e+01     7.18224e-04
    2.93627e+01     7.04994e-04
    2.95664e+01     6.92005e-04
    2.97715e+01     6.79252e-04
    2.99780e+01     6.66732e-04
    3.01860e+01     6.54441e-04
    3.03954e+01     6.42376e-04
    3.06062e+01     6.30532e-04
    3.08185e+01     6.18906e-04
    3.10323e+01     6.07496e-04
    3.12476e+01     5.96298e-04
    3.14644e+01     5.85306e-04
    3.16827e+01     5.74517e-04
    3.19024e+01     5.63925e-04
    3.21238e+01     5.53525e-04
    3.23466e+01     5.43312e-04
    3.25710e+01     5.33283e-04
    3.27969e+01     5.23433e-04
    3.30245e+01     5.13760e-04
    3.32536e+01     5.04263e-04
    3.34842e+01     4.94939e-04
    3.37165e+01     4.85788e-04
    3.39504e+01     4.76806e-04
    3.41859e+01     4.67992e-04
    3.44231e+01     4.59342e-04
    3.46619e+01     4.50853e-04
    3.49024e+01     4.42520e-04
    3.51445e+01     4.34341e-04
    3.53883e+01     4.26312e-04
    3.56338e+01     4.18428e-04
    3.58810e+01     4.10688e-04
    3.61299e+01     4.03089e-04
    3.63805e+01     3.95628e-04
    3.66329e+01     3.88303e-04
    3.68870e+01     3.81113e-04
    3.71429e+01     3.74055e-04
    3.74006e+01     3.67126e-04
    3.76600e+01     3.60325e-04
    3.79213e+01     3.53649e-04
    3.81844e+01     3.47096e-04
    3.84492e+01     3.40664e-04
    3.87160e+01     3.34350e-04
    3.89846e+01     3.28153e-04
    3.92550e+01     3.22070e-04
    3.95273e+01     3.16100e-04
    3.98015e+01     3.10239e-04
    4.00776e+01     3.04486e-04
    4.03557e+01     2.98839e-04
    4.06356e+01     2.93296e-04
    4.09175e+01     2.87856e-04
    4.12014e+01     2.82515e-04
    4.14872e+01     2.77272e-04
    4.17750e+01     2.72125e-04
    4.20648e+01     2.67073e-04
    4.23566e+01     2.62113e-04
    4.26504e+01     2.57243e-04
    4.29463e+01     2.52463e-04
    4.32442e+01     2.47771e-04
    4.35442e+01     2.43165e-04
    4.38463e+01     2.38644e-04
    4.41505e+01     2.34207e-04
    4.44567e+01     2.29853e-04
    4.47651e+01     2.25580e-04
    4.50757e+01     2.21387e-04
    4.53884e+01     2.17271e-04
    4.57032e+01     2.13231e-04
    4.60203e+01     2.09266e-04
    4.63395e+01     2.05373e-04
    4.66610e+01     2.01551e-04
    4.69847e+01     1.97799e-04
    4.73106e+01     1.94116e-04
    4.76388e+01     1.90501e-04
    4.79693e+01     1.86952e-04
    4.83021e+01     1.83469e-04
    4.86372e+01     1.80051e-04
    4.89746e+01     1.76696e-04
    4.93143e+01     1.73403e-04
    4.96564e+01     1.70172e-04
    5.00009e+01     1.67000e-04
    5.03478e+01     1.63887e-04
    5.06970e+01     1.60831e-04
    5.10487e+01     1.57832e-04
    5.14029e+01     1.54888e-04
    5.17595e+01     1.51998e-04
    5.21185e+01     1.49162e-04
    5.24801e+01     1.46378e-04
    5.28441e+01     1.43646e-04
    5.32107e+01     1.40964e-04
    5.35799e+01     1.38333e-04
    5.39515e+01     1.35750e-04
    5.43258e+01     1.33215e-04
    5.47027e+01     1.30726e-04
    5.50822e+01     1.28284e-04
    5.54643e+01     1.25886e-04
    5.58490e+01     1.23533e-04
    5.62365e+01     1.21222e-04
    5.66266e+01     1.18955e-04
    5.70194e+01     1.16729e-04
    5.74150e+01     1.14546e-04
    5.78133e+01     1.12403e-04
    5.82143e+01     1.10300e-04
    5.86182e+01     1.08237e-04
    5.90248e+01     1.06213e-04
    5.94343e+01     1.04226e-04
    5.98466e+01     1.02276e-04
    6.02618e+01     1.00361e-04
    6.06798e+01     9.84822e-05
    6.11007e+01     9.66372e-05
    6.15246e+01     9.48260e-05
    6.19514e+01     9.30483e-05
    6.23812e+01     9.13035e-05
    6.28139e+01     8.95913e-05
    6.32497e+01     8.79112e-05
    6.36885e+01     8.62627e-05
    6.41303e+01     8.46453e-05
    6.45752e+01     8.30583e-05
    6.50231e+01     8.15010e-05
    6.54742e+01     7.99727e-05
    6.59284e+01     7.84728e-05
    6.63858e+01     7.70006e-05
    6.68463e+01     7.55557e-05
    6.73100e+01     7.41375e-05
    6.77769e+01     7.27456e-05
    6.82471e+01     7.13794e-05
    6.87206e+01     7.00385e-05
    6.91973e+01     6.87224e-05
    6.96773e+01     6.74308e-05
    7.01607e+01     6.61630e-05
    7.06474e+01     6.49189e-05
    7.11375e+01     6.36978e-05
    7.16310e+01     6.24995e-05
    7.21279e+01     6.13235e-05
    7.26283e+01     6.01694e-05
    7.31321e+01     5.90368e-05
    7.36394e+01     5.79254e-05
    7.41503e+01     5.68349e-05
    7.46647e+01     5.57648e-05
    7.51826e+01     5.47149e-05
    7.57042e+01     5.36847e-05
    7.62294e+01     5.26740e-05
    7.67582e+01     5.16823e-05
    7.72907e+01     5.07092e-05
    7.78268e+01     4.97541e-05
    7.83667e+01     4.88167e-05
    7.89104e+01     4.78965e-05
    7.94578e+01     4.69932e-05
    8.00090e+01     4.61064e-05
    8.05640e+01     4.52360e-05
    8.11229e+01     4.43818e-05
    8.16857e+01     4.35436e-05
    8.22523e+01     4.27212e-05
    8.28229e+01     4.19144e-05
    8.33975e+01     4.11230e-05
    8.39760e+01     4.03466e-05
    8.45586e+01     3.95848e-05
    8.51452e+01     3.88372e-05
    8.57359e+01     3.81036e-05
    8.63306e+01     3.73835e-05
    8.69295e+01     3.66766e-05
    8.75326e+01     3.59828e-05
    8.81398e+01     3.53018e-05
    8.87512e+01     3.46335e-05
    8.93669e+01     3.39777e-05
    8.99869e+01     3.33342e-05
    9.06111e+01     3.27030e-05
    9.12397e+01     3.20837e-05
    9.18726e+01     3.14761e-05
    9.25100e+01     3.08800e-05
    9.31517e+01     3.02951e-05
    9.37979e+01     2.97211e-05
    9.44486e+01     2.91578e-05
    9.51038e+01     2.86050e-05
    9.57636e+01     2.80624e-05
    9.64279e+01     2.75300e-05
    9.70968e+01     2.70075e-05
    9.77704e+01     2.64949e-05
    9.84487e+01     2.59918e-05
    9.91316e+01     2.54982e-05
    9.98193e+01     2.50139e-05
    1.00512e+02     2.45387e-05
    1.01209e+02     2.40725e-05
    1.01911e+02     2.36152e-05
    1.02618e+02     2.31665e-05
    1.03330e+02     2.27264e-05
