    7.38550e-05     1.21628e+01
    7.43673e-05     1.22444e+01
    7.48832e-05     1.23266e+01
    7.54027e-05     1.24093e+01
    7.59258e-05     1.24926e+01
    7.64525e-05     1.25765e+01
    7.69829e-05     1.26609e+01
    7.75169e-05     1.27459e+01
    7.80547e-05     1.28315e+01
    7.85961e-05     1.29177e+01
    7.91414e-05     1.30044e+01
    7.96904e-05     1.30917e+01
    8.02432e-05     1.31796e+01
    8.07999e-05     1.32681e+01
    8.13604e-05     1.33572e+01
    8.19248e-05     1.34470e+01
    8.24931e-05     1.35373e+01
    8.30654e-05     1.36282e+01
    8.36416e-05     1.37197e+01
    8.42219e-05     1.38118e+01
    8.48061e-05     1.39046e+01
    8.53944e-05     1.39979e+01
    8.59868e-05     1.40919e+01
    8.65833e-05     1.41865e+01
    8.71840e-05     1.42817e+01
    8.77888e-05     1.43776e+01
    8.83978e-05     1.44741e+01
    8.90110e-05     1.45713e+01
    8.96285e-05     1.46691e+01
    9.02503e-05     1.47676e+01
    9.08764e-05     1.48667e+01
    9.15068e-05     1.49665e+01
    9.21416e-05     1.50669e+01
    9.27808e-05     1.51681e+01
    9.34244e-05     1.52699e+01
    9.40725e-05     1.53724e+01
    9.47251e-05     1.54756e+01
    9.53822e-05     1.55795e+01
    9.60439e-05     1.56841e+01
    9.67102e-05     1.57895e+01
    9.73811e-05     1.58956e+01
    9.80566e-05     1.60024e+01
    9.87369e-05     1.61099e+01
    9.94218e-05     1.62181e+01
    1.00112e-04     1.63271e+01
    1.00806e-04     1.64367e+01
    1.01505e-04     1.65471e+01
    1.02209e-04     1.66583e+01
    1.02919e-04     1.67701e+01
    1.03632e-04     1.68826e+01
    1.04351e-04     1.69959e+01
    1.05075e-04     1.71099e+01
    1.05804e-04     1.72247e+01
    1.06538e-04     1.73402e+01
    1.07277e-04     1.74565e+01
    1.08021e-04     1.75736e+01
    1.08771e-04     1.76915e+01
    1.09525e-04     1.78102e+01
    1.10285e-04     1.79297e+01
    1.11050e-04     1.80501e+01
    1.11821e-04     1.81713e+01
    1.12596e-04     1.82934e+01
    1.13377e-04     1.84163e+01
    1.14164e-04     1.85400e+01
    1.14956e-04     1.86646e+01
    1.15753e-04     1.87900e+01
    1.16556e-04     1.89162e+01
    1.17365e-04     1.90433e+01
    1.18179e-04     1.91712e+01
    1.18999e-04     1.92999e+01
    1.19825e-04     1.94295e+01
    1.20656e-04     1.95599e+01
    1.21493e-04     1.96911e+01
    1.22336e-04     1.98232e+01
    1.23184e-04     1.99562e+01
    1.24039e-04     2.00901e+01
    1.24899e-04     2.02249e+01
    1.25766e-04     2.03606e+01
    1.26638e-04     2.04972e+01
    1.27517e-04     2.06348e+01
    1.28401e-04     2.07732e+01
    1.29292e-04     2.09126e+01
    1.30189e-04     2.10530e+01
    1.31092e-04     2.11943e+01
    1.32001e-04     2.13365e+01
    1.32917e-04     2.14797e+01
    1.33839e-04     2.16238e+01
    1.34768e-04     2.17690e+01
    1.35703e-04     2.19150e+01
    1.36644e-04     2.20621e+01
    1.37592e-04     2.22101e+01
    1.38546e-04     2.23591e+01
    1.39508e-04     2.25092e+01
    1.40475e-04     2.26602e+01
    1.41450e-04     2.28122e+01
    1.42431e-04     2.29652e+01
    1.43419e-04     2.31192e+01
    1.44414e-04     2.32743e+01
    1.45416e-04     2.34303e+01
    1.46425e-04     2.35875e+01
    1.47440e-04     2.37456e+01
    1.48463e-04     2.39048e+01
    1.49493e-04     2.40651e+01
    1.50530e-04     2.42264e+01
    1.51574e-04     2.43889e+01
    1.52626e-04     2.45524e+01
    1.53685e-04     2.47170e+01
    1.54751e-04     2.48827e+01
    1.55824e-04     2.50495e+01
    1.56905e-04     2.52175e+01
    1.57994e-04     2.53866e+01
    1.59090e-04     2.55568e+01
    1.60194e-04     2.57282e+01
    1.61305e-04     2.59008e+01
    1.62424e-04     2.60746e+01
    1.63551e-04     2.62496e+01
    1.64685e-04     2.64258e+01
    1.65828e-04     2.66033e+01
    1.66978e-04     2.67819e+01
    1.68136e-04     2.69618e+01
    1.69303e-04     2.71429e+01
    1.70477e-04     2.73252e+01
    1.71660e-04     2.75087e+01
    1.72851e-04     2.76934e+01
    1.74050e-04     2.78793e+01
    1.75257e-04     2.80664e+01
    1.76473e-04     2.82547e+01
    1.77697e-04     2.84442e+01
    1.78930e-04     2.86349e+01
    1.80171e-04     2.88268e+01
    1.81421e-04     2.90200e+01
    1.82680e-04     2.92145e+01
    1.83947e-04     2.94103e+01
    1.85223e-04     2.96074e+01
    1.86508e-04     2.98058e+01
    1.87802e-04     3.00056e+01
    1.89105e-04     3.02068e+01
    1.90416e-04     3.04094e+01
    1.91737e-04     3.06134e+01
    1.93067e-04     3.08188e+01
    1.94407e-04     3.10256e+01
    1.95755e-04     3.12337e+01
    1.97113e-04     3.14433e+01
    1.98481e-04     3.16542e+01
    1.99858e-04     3.18665e+01
    2.01244e-04     3.20802e+01
    2.02640e-04     3.22953e+01
    2.04046e-04     3.25118e+01
    2.05461e-04     3.27297e+01
    2.06887e-04     3.29491e+01
    2.08322e-04     3.31699e+01
    2.09767e-04     3.33923e+01
    2.11222e-04     3.36161e+01
    2.12688e-04     3.38414e+01
    2.14163e-04     3.40683e+01
    2.15649e-04     3.42968e+01
    2.17145e-04     3.45268e+01
    2.18651e-04     3.47585e+01
    2.20168e-04     3.49916e+01
    2.21695e-04     3.52264e+01
    2.23233e-04     3.54627e+01
    2.24782e-04     3.57005e+01
    2.26341e-04     3.59399e+01
    2.27911e-04     3.61808e+01
    2.29492e-04     3.64233e+01
    2.31084e-04     3.66673e+01
    2.32687e-04     3.69128e+01
    2.34302e-04     3.71600e+01
    2.35927e-04     3.74087e+01
    2.37564e-04     3.76591e+01
    2.39212e-04     3.79112e+01
    2.40871e-04     3.81649e+01
    2.42542e-04     3.84204e+01
    2.44225e-04     3.86777e+01
    2.45919e-04     3.89367e+01
    2.47625e-04     3.91976e+01
    2.49343e-04     3.94603e+01
    2.51072e-04     3.97248e+01
    2.52814e-04     3.99911e+01
    2.54568e-04     4.02592e+01
    2.56334e-04     4.05290e+01
    2.58112e-04     4.08007e+01
    2.59903e-04     4.10741e+01
    2.61706e-04     4.13492e+01
    2.63521e-04     4.16262e+01
    2.65349e-04     4.19049e+01
    2.67190e-04     4.21854e+01
    2.69044e-04     4.24677e+01
    2.70910e-04     4.27518e+01
    2.72789e-04     4.30379e+01
    2.74682e-04     4.33258e+01
    2.76587e-04     4.36156e+01
    2.78506e-04     4.39074e+01
    2.80438e-04     4.42011e+01
    2.82383e-04     4.44968e+01
    2.84342e-04     4.47946e+01
    2.86315e-04     4.50943e+01
    2.88301e-04     4.53961e+01
    2.90301e-04     4.56999e+01
    2.92315e-04     4.60058e+01
    2.94343e-04     4.63137e+01
    2.96385e-04     4.66237e+01
    2.98441e-04     4.69358e+01
    3.00511e-04     4.72500e+01
    3.02596e-04     4.75662e+01
    3.04695e-04     4.78846e+01
    3.06809e-04     4.82051e+01
    3.08937e-04     4.85277e+01
    3.11080e-04     4.88524e+01
    3.13238e-04     4.91793e+01
    3.15411e-04     4.95083e+01
    3.17599e-04     4.98394e+01
    3.19802e-04     5.01726e+01
    3.22021e-04     5.05080e+01
    3.24255e-04     5.08455e+01
    3.26504e-04     5.11853e+01
    3.28769e-04     5.15272e+01
    3.31050e-04     5.18714e+01
    3.33347e-04     5.22180e+01
    3.35659e-04     5.25668e+01
    3.37988e-04     5.29180e+01
    3.40332e-04     5.32716e+01
    3.42693e-04     5.36276e+01
    3.45071e-04     5.39861e+01
    3.47464e-04     5.43471e+01
    3.49875e-04     5.47104e+01
    3.52302e-04     5.50763e+01
    3.54746e-04     5.54445e+01
    3.57207e-04     5.58152e+01
    3.59685e-04     5.61883e+01
    3.62180e-04     5.65638e+01
    3.64692e-04     5.69418e+01
    3.67222e-04     5.73221e+01
    3.69770e-04     5.77048e+01
    3.72335e-04     5.80900e+01
    3.74918e-04     5.84777e+01
    3.77519e-04     5.88679e+01
    3.80138e-04     5.92606e+01
    3.82775e-04     5.96559e+01
    3.85430e-04     6.00539e+01
    3.88104e-04     6.04545e+01
    3.90796e-04     6.08579e+01
    3.93507e-04     6.12640e+01
    3.96237e-04     6.16729e+01
    3.98986e-04     6.20845e+01
    4.01754e-04     6.24989e+01
    4.04541e-04     6.29160e+01
    4.07347e-04     6.33359e+01
    4.10173e-04     6.37586e+01
    4.13018e-04     6.41840e+01
    4.15884e-04     6.46122e+01
    4.18769e-04     6.50431e+01
    4.21674e-04     6.54768e+01
    4.24599e-04     6.59133e+01
    4.27544e-04     6.63526e+01
    4.30510e-04     6.67947e+01
    4.33497e-04     6.72397e+01
    4.36504e-04     6.76877e+01
    4.39532e-04     6.81386e+01
    4.42581e-04     6.85924e+01
    4.45652e-04     6.90493e+01
    4.48743e-04     6.95092e+01
    4.51856e-04     6.99721e+01
    4.54991e-04     7.04382e+01
    4.58147e-04     7.09073e+01
    4.61325e-04     7.13795e+01
    4.64526e-04     7.18548e+01
    4.67748e-04     7.23333e+01
    4.70993e-04     7.28149e+01
    4.74260e-04     7.32996e+01
    4.77550e-04     7.37875e+01
    4.80863e-04     7.42786e+01
    4.84199e-04     7.47729e+01
    4.87558e-04     7.52703e+01
    4.90940e-04     7.57711e+01
    4.94346e-04     7.62750e+01
    4.97775e-04     7.67823e+01
    5.01228e-04     7.72929e+01
    5.04706e-04     7.78067e+01
    5.08207e-04     7.83239e+01
    5.11732e-04     7.88445e+01
    5.15282e-04     7.93685e+01
    5.18857e-04     7.98958e+01
    5.22456e-04     8.04266e+01
    5.26081e-04     8.09608e+01
    5.29730e-04     8.14985e+01
    5.33405e-04     8.20397e+01
    5.37105e-04     8.25845e+01
    5.40831e-04     8.31328e+01
    5.44583e-04     8.36846e+01
    5.48361e-04     8.42401e+01
    5.52165e-04     8.47992e+01
    5.55995e-04     8.53619e+01
    5.59852e-04     8.59283e+01
    5.63736e-04     8.64983e+01
    5.67647e-04     8.70720e+01
    5.71585e-04     8.76494e+01
    5.75550e-04     8.82305e+01
    5.79543e-04     8.88154e+01
    5.83563e-04     8.94039e+01
    5.87611e-04     8.99962e+01
    5.91688e-04     9.05923e+01
    5.95792e-04     9.11922e+01
    5.99925e-04     9.17959e+01
    6.04087e-04     9.24035e+01
    6.08278e-04     9.30150e+01
    6.12498e-04     9.36305e+01
    6.16747e-04     9.42500e+01
    6.21025e-04     9.48735e+01
    6.25333e-04     9.55010e+01
    6.29671e-04     9.61326e+01
    6.34039e-04     9.67683e+01
    6.38438e-04     9.74082e+01
    6.42867e-04     9.80521e+01
    6.47326e-04     9.87002e+01
    6.51817e-04     9.93524e+01
    6.56339e-04     1.00009e+02
    6.60892e-04     1.00669e+02
    6.65477e-04     1.01334e+02
    6.70093e-04     1.02003e+02
    6.74742e-04     1.02676e+02
    6.79422e-04     1.03353e+02
    6.84136e-04     1.04035e+02
    6.88882e-04     1.04721e+02
    6.93661e-04     1.05411e+02
    6.98473e-04     1.06106e+02
    7.03318e-04     1.06805e+02
    7.08197e-04     1.07509e+02
    7.13110e-04     1.08217e+02
    7.18057e-04     1.08930e+02
    7.23038e-04     1.09647e+02
    7.28054e-04     1.10369e+02
    7.33105e-04     1.11096e+02
    7.38190e-04     1.11827e+02
    7.43311e-04     1.12563e+02
    7.48468e-04     1.13303e+02
    7.53660e-04     1.14048e+02
    7.58888e-04     1.14798e+02
    7.64153e-04     1.15553e+02
    7.69454e-04     1.16312e+02
    7.74792e-04     1.17076e+02
    7.80166e-04     1.17844e+02
    7.85579e-04     1.18618e+02
    7.91028e-04     1.19396e+02
    7.96516e-04     1.20179e+02
    8.02041e-04     1.20968e+02
    8.07605e-04     1.21761e+02
    8.13208e-04     1.22559e+02
    8.18849e-04     1.23362e+02
    8.24530e-04     1.24171e+02
    8.30249e-04     1.24984e+02
    8.36009e-04     1.25802e+02
    8.41808e-04     1.26626e+02
    8.47648e-04     1.27455e+02
    8.53529e-04     1.28289e+02
    8.59450e-04     1.29128e+02
    8.65412e-04     1.29972e+02
    8.71415e-04     1.30822e+02
    8.77460e-04     1.31676e+02
    8.83547e-04     1.32536e+02
    8.89677e-04     1.33402e+02
    8.95849e-04     1.34272e+02
    9.02063e-04     1.35148e+02
    9.08321e-04     1.36030e+02
    9.14622e-04     1.36916e+02
    9.20967e-04     1.37809e+02
    9.27356e-04     1.38707e+02
    9.33789e-04     1.39610e+02
    9.40267e-04     1.40519e+02
    9.46790e-04     1.41433e+02
    9.53358e-04     1.42354e+02
    9.59971e-04     1.43280e+02
    9.66631e-04     1.44211e+02
    9.73337e-04     1.45149e+02
    9.80089e-04     1.46092e+02
    9.86888e-04     1.47041e+02
    9.93734e-04     1.47995e+02
    1.00063e-03     1.48956e+02
    1.00757e-03     1.49922e+02
    1.01456e-03     1.50895e+02
    1.02160e-03     1.51873e+02
    1.02868e-03     1.52857e+02
    1.03582e-03     1.53847e+02
    1.04301e-03     1.54844e+02
    1.05024e-03     1.55846e+02
    1.05753e-03     1.56854e+02
    1.06486e-03     1.57868e+02
    1.07225e-03     1.58888e+02
    1.07969e-03     1.59914e+02
    1.08718e-03     1.60946e+02
    1.09472e-03     1.61984e+02
    1.10231e-03     1.63029e+02
    1.10996e-03     1.64080e+02
    1.11766e-03     1.65137e+02
    1.12542e-03     1.66201e+02
    1.13322e-03     1.67272e+02
    1.14108e-03     1.68349e+02
    1.14900e-03     1.69432e+02
    1.15697e-03     1.70522e+02
    1.16500e-03     1.71619e+02
    1.17308e-03     1.72722e+02
    1.18122e-03     1.73832e+02
    1.18941e-03     1.74948e+02
    1.19766e-03     1.76071e+02
    1.20597e-03     1.77200e+02
    1.21434e-03     1.78335e+02
    1.22276e-03     1.79477e+02
    1.23124e-03     1.80626e+02
    1.23978e-03     1.81781e+02
    1.24838e-03     1.82943e+02
    1.25704e-03     1.84112e+02
    1.26576e-03     1.85287e+02
    1.27455e-03     1.86469e+02
    1.28339e-03     1.87658e+02
    1.29229e-03     1.88854e+02
    1.30126e-03     1.90058e+02
    1.31028e-03     1.91268e+02
    1.31937e-03     1.92486e+02
    1.32852e-03     1.93710e+02
    1.33774e-03     1.94943e+02
    1.34702e-03     1.96182e+02
    1.35637e-03     1.97429e+02
    1.36577e-03     1.98683e+02
    1.37525e-03     1.99945e+02
    1.38479e-03     2.01214e+02
    1.39440e-03     2.02490e+02
    1.40407e-03     2.03774e+02
    1.41381e-03     2.05066e+02
    1.42362e-03     2.06365e+02
    1.43349e-03     2.07671e+02
    1.44344e-03     2.08985e+02
    1.45345e-03     2.10306e+02
    1.46353e-03     2.11634e+02
    1.47369e-03     2.12969e+02
    1.48391e-03     2.14312e+02
    1.49420e-03     2.15661e+02
    1.50457e-03     2.17018e+02
    1.51501e-03     2.18382e+02
    1.52552e-03     2.19754e+02
    1.53610e-03     2.21133e+02
    1.54676e-03     2.22521e+02
    1.55749e-03     2.23916e+02
    1.56829e-03     2.25319e+02
    1.57917e-03     2.26731e+02
    1.59012e-03     2.28151e+02
    1.60116e-03     2.29580e+02
    1.61226e-03     2.31017e+02
    1.62345e-03     2.32462e+02
    1.63471e-03     2.33915e+02
    1.64605e-03     2.35377e+02
    1.65747e-03     2.36847e+02
    1.66897e-03     2.38324e+02
    1.68054e-03     2.39810e+02
    1.69220e-03     2.41303e+02
    1.70394e-03     2.42803e+02
    1.71576e-03     2.44311e+02
    1.72767e-03     2.45827e+02
    1.73965e-03     2.47351e+02
    1.75172e-03     2.48883e+02
    1.76387e-03     2.50422e+02
    1.77611e-03     2.51971e+02
    1.78843e-03     2.53527e+02
    1.80083e-03     2.55092e+02
    1.81333e-03     2.56666e+02
    1.82591e-03     2.58249e+02
    1.83857e-03     2.59841e+02
    1.85133e-03     2.61441e+02
    1.86417e-03     2.63050e+02
    1.87710e-03     2.64668e+02
    1.89012e-03     2.66294e+02
    1.90324e-03     2.67929e+02
    1.91644e-03     2.69572e+02
    1.92973e-03     2.71224e+02
    1.94312e-03     2.72884e+02
    1.95660e-03     2.74552e+02
    1.97017e-03     2.76228e+02
    1.98384e-03     2.77913e+02
    1.99760e-03     2.79606e+02
    2.01146e-03     2.81308e+02
    2.02541e-03     2.83019e+02
    2.03947e-03     2.84738e+02
    2.05361e-03     2.86466e+02
    2.06786e-03     2.88204e+02
    2.08220e-03     2.89950e+02
    2.09665e-03     2.91706e+02
    2.11119e-03     2.93470e+02
    2.12584e-03     2.95244e+02
    2.14059e-03     2.97026e+02
    2.15544e-03     2.98818e+02
    2.17039e-03     3.00619e+02
    2.18545e-03     3.02429e+02
    2.20061e-03     3.04248e+02
    2.21587e-03     3.06077e+02
    2.23124e-03     3.07914e+02
    2.24672e-03     3.09760e+02
    2.26231e-03     3.11616e+02
    2.27800e-03     3.13480e+02
    2.29381e-03     3.15354e+02
    2.30972e-03     3.17237e+02
    2.32574e-03     3.19129e+02
    2.34188e-03     3.21030e+02
    2.35812e-03     3.22940e+02
    2.37448e-03     3.24859e+02
    2.39095e-03     3.26787e+02
    2.40754e-03     3.28724e+02
    2.42424e-03     3.30670e+02
    2.44106e-03     3.32625e+02
    2.45799e-03     3.34590e+02
    2.47504e-03     3.36563e+02
    2.49221e-03     3.38546e+02
    2.50950e-03     3.40538e+02
    2.52691e-03     3.42539e+02
    2.54444e-03     3.44549e+02
    2.56209e-03     3.46569e+02
    2.57986e-03     3.48598e+02
    2.59776e-03     3.50636e+02
    2.61578e-03     3.52683e+02
    2.63393e-03     3.54739e+02
    2.65220e-03     3.56805e+02
    2.67060e-03     3.58881e+02
    2.68913e-03     3.60965e+02
    2.70778e-03     3.63059e+02
    2.72656e-03     3.65163e+02
    2.74548e-03     3.67276e+02
    2.76453e-03     3.69398e+02
    2.78370e-03     3.71530e+02
    2.80301e-03     3.73670e+02
    2.82246e-03     3.75820e+02
    2.84204e-03     3.77979e+02
    2.86175e-03     3.80147e+02
    2.88161e-03     3.82324e+02
    2.90160e-03     3.84511e+02
    2.92173e-03     3.86706e+02
    2.94199e-03     3.88910e+02
    2.96240e-03     3.91123e+02
    2.98295e-03     3.93345e+02
    3.00365e-03     3.95577e+02
    3.02448e-03     3.97817e+02
    3.04547e-03     4.00067e+02
    3.06659e-03     4.02326e+02
    3.08787e-03     4.04595e+02
    3.10929e-03     4.06873e+02
    3.13086e-03     4.09160e+02
    3.15258e-03     4.11456e+02
    3.17445e-03     4.13762e+02
    3.19647e-03     4.16077e+02
    3.21864e-03     4.18400e+02
    3.24097e-03     4.20733e+02
    3.26345e-03     4.23075e+02
    3.28609e-03     4.25426e+02
    3.30889e-03     4.27786e+02
    3.33184e-03     4.30154e+02
    3.35496e-03     4.32531e+02
    3.37823e-03     4.34917e+02
    3.40167e-03     4.37312e+02
    3.42526e-03     4.39716e+02
    3.44902e-03     4.42128e+02
    3.47295e-03     4.44550e+02
    3.49704e-03     4.46980e+02
    3.52130e-03     4.49419e+02
    3.54573e-03     4.51867e+02
    3.57033e-03     4.54323e+02
    3.59510e-03     4.56789e+02
    3.62004e-03     4.59262e+02
    3.64515e-03     4.61745e+02
    3.67044e-03     4.64236e+02
    3.69590e-03     4.66735e+02
    3.72154e-03     4.69242e+02
    3.74735e-03     4.71758e+02
    3.77335e-03     4.74282e+02
    3.79953e-03     4.76814e+02
    3.82588e-03     4.79353e+02
    3.85242e-03     4.81901e+02
    3.87915e-03     4.84457e+02
    3.90606e-03     4.87022e+02
    3.93316e-03     4.89594e+02
    3.96044e-03     4.92174e+02
    3.98792e-03     4.94763e+02
    4.01558e-03     4.97360e+02
    4.04344e-03     4.99965e+02
    4.07149e-03     5.02579e+02
    4.09973e-03     5.05200e+02
    4.12817e-03     5.07830e+02
    4.15681e-03     5.10467e+02
    4.18565e-03     5.13111e+02
    4.21468e-03     5.15762e+02
    4.24392e-03     5.18420e+02
    4.27336e-03     5.21084e+02
    4.30301e-03     5.23755e+02
    4.33286e-03     5.26432e+02
    4.36292e-03     5.29115e+02
    4.39318e-03     5.31805e+02
    4.42366e-03     5.34501e+02
    4.45435e-03     5.37205e+02
    4.48525e-03     5.39916e+02
    4.51636e-03     5.42635e+02
    4.54769e-03     5.45363e+02
    4.57924e-03     5.48099e+02
    4.61101e-03     5.50845e+02
    4.64299e-03     5.53599e+02
    4.67520e-03     5.56362e+02
    4.70764e-03     5.59131e+02
    4.74029e-03     5.61905e+02
    4.77318e-03     5.64684e+02
    4.80629e-03     5.67465e+02
    4.83963e-03     5.70247e+02
    4.87321e-03     5.73028e+02
    4.90701e-03     5.75808e+02
    4.94105e-03     5.78586e+02
    4.97533e-03     5.81388e+02
    5.00984e-03     5.84205e+02
    5.04460e-03     5.87013e+02
    5.07959e-03     5.89838e+02
    5.11483e-03     5.92659e+02
    5.15031e-03     5.95486e+02
    5.18604e-03     5.98324e+02
    5.22202e-03     6.01152e+02
    5.25824e-03     6.04006e+02
    5.29472e-03     6.06843e+02
    5.33145e-03     6.09702e+02
    5.36844e-03     6.12559e+02
    5.40568e-03     6.15418e+02
    5.44318e-03     6.18273e+02
    5.48094e-03     6.21153e+02
    5.51896e-03     6.24006e+02
    5.55725e-03     6.26888e+02
    5.59580e-03     6.29771e+02
    5.63462e-03     6.32649e+02
    5.67371e-03     6.35525e+02
    5.71306e-03     6.38417e+02
    5.75270e-03     6.41311e+02
    5.79260e-03     6.44196e+02
    5.83279e-03     6.47091e+02
    5.87325e-03     6.49976e+02
    5.91400e-03     6.52882e+02
    5.95502e-03     6.55787e+02
    5.99633e-03     6.58688e+02
    6.03793e-03     6.61591e+02
    6.07982e-03     6.64495e+02
    6.12199e-03     6.67397e+02
    6.16446e-03     6.70299e+02
    6.20723e-03     6.73217e+02
    6.25029e-03     6.76125e+02
    6.29365e-03     6.79026e+02
    6.33731e-03     6.81930e+02
    6.38127e-03     6.84851e+02
    6.42554e-03     6.87758e+02
    6.47011e-03     6.90660e+02
    6.51500e-03     6.93584e+02
    6.56019e-03     6.96487e+02
    6.60570e-03     6.99388e+02
    6.65152e-03     7.02296e+02
    6.69767e-03     7.05196e+02
    6.74413e-03     7.08097e+02
    6.79092e-03     7.11003e+02
    6.83803e-03     7.13904e+02
    6.88546e-03     7.16804e+02
    6.93323e-03     7.19709e+02
    6.98132e-03     7.22607e+02
    7.02975e-03     7.25493e+02
    7.07852e-03     7.28389e+02
    7.12763e-03     7.31263e+02
    7.17707e-03     7.34147e+02
    7.22686e-03     7.37030e+02
    7.27699e-03     7.39893e+02
    7.32748e-03     7.42765e+02
    7.37831e-03     7.45632e+02
    7.42949e-03     7.48484e+02
    7.48103e-03     7.51342e+02
    7.53293e-03     7.54201e+02
    7.58519e-03     7.57059e+02
    7.63781e-03     7.59897e+02
    7.69079e-03     7.62736e+02
    7.74414e-03     7.65549e+02
    7.79786e-03     7.68379e+02
    7.85196e-03     7.71191e+02
    7.90643e-03     7.74005e+02
    7.96128e-03     7.76816e+02
    8.01651e-03     7.79606e+02
    8.07212e-03     7.82396e+02
    8.12812e-03     7.85180e+02
    8.18450e-03     7.87947e+02
    8.24128e-03     7.90708e+02
    8.29845e-03     7.93459e+02
    8.35602e-03     7.96216e+02
    8.41398e-03     7.98938e+02
    8.47235e-03     8.01679e+02
    8.53113e-03     8.04390e+02
    8.59031e-03     8.07086e+02
    8.64990e-03     8.09786e+02
    8.70991e-03     8.12474e+02
    8.77033e-03     8.15150e+02
    8.83117e-03     8.17813e+02
    8.89243e-03     8.20465e+02
    8.95412e-03     8.23102e+02
    9.01624e-03     8.25735e+02
    9.07879e-03     8.28350e+02
    9.14177e-03     8.30956e+02
    9.20518e-03     8.33548e+02
    9.26904e-03     8.36111e+02
    9.33334e-03     8.38676e+02
    9.39809e-03     8.41217e+02
    9.46329e-03     8.43757e+02
    9.52893e-03     8.46275e+02
    9.59504e-03     8.48767e+02
    9.66160e-03     8.51241e+02
    9.72862e-03     8.53713e+02
    9.79611e-03     8.56181e+02
    9.86407e-03     8.58603e+02
    9.93250e-03     8.61028e+02
    1.00014e-02     8.63426e+02
    1.00708e-02     8.65812e+02
    1.01406e-02     8.68190e+02
    1.02110e-02     8.70533e+02
    1.02818e-02     8.72860e+02
    1.03532e-02     8.75149e+02
    1.04250e-02     8.77454e+02
    1.04973e-02     8.79732e+02
    1.05701e-02     8.81962e+02
    1.06434e-02     8.84185e+02
    1.07173e-02     8.86403e+02
    1.07916e-02     8.88588e+02
    1.08665e-02     8.90756e+02
    1.09419e-02     8.92893e+02
    1.10178e-02     8.95013e+02
    1.10942e-02     8.97104e+02
    1.11712e-02     8.99149e+02
    1.12487e-02     9.01214e+02
    1.13267e-02     9.03217e+02
    1.14053e-02     9.05234e+02
    1.14844e-02     9.07190e+02
    1.15641e-02     9.09136e+02
    1.16443e-02     9.11069e+02
    1.17251e-02     9.12947e+02
    1.18064e-02     9.14834e+02
    1.18883e-02     9.16664e+02
    1.19708e-02     9.18483e+02
    1.20538e-02     9.20265e+02
    1.21374e-02     9.22012e+02
    1.22216e-02     9.23734e+02
    1.23064e-02     9.25428e+02
    1.23918e-02     9.27090e+02
    1.24778e-02     9.28740e+02
    1.25643e-02     9.30337e+02
    1.26515e-02     9.31904e+02
    1.27392e-02     9.33449e+02
    1.28276e-02     9.34956e+02
    1.29166e-02     9.36437e+02
    1.30062e-02     9.37877e+02
    1.30964e-02     9.39292e+02
    1.31873e-02     9.40662e+02
    1.32788e-02     9.42011e+02
    1.33709e-02     9.43312e+02
    1.34636e-02     9.44594e+02
    1.35570e-02     9.45814e+02
    1.36511e-02     9.47026e+02
    1.37458e-02     9.48200e+02
    1.38412e-02     9.49312e+02
    1.39372e-02     9.50408e+02
    1.40339e-02     9.51473e+02
    1.41312e-02     9.52487e+02
    1.42292e-02     9.53451e+02
    1.43279e-02     9.54378e+02
    1.44273e-02     9.55274e+02
    1.45274e-02     9.56135e+02
    1.46282e-02     9.56955e+02
    1.47297e-02     9.57715e+02
    1.48319e-02     9.58451e+02
    1.49348e-02     9.59145e+02
    1.50384e-02     9.59797e+02
    1.51427e-02     9.60397e+02
    1.52477e-02     9.60969e+02
    1.53535e-02     9.61489e+02
    1.54600e-02     9.61957e+02
    1.55673e-02     9.62402e+02
    1.56753e-02     9.62791e+02
    1.57840e-02     9.63117e+02
    1.58935e-02     9.63422e+02
    1.60038e-02     9.63665e+02
    1.61148e-02     9.63873e+02
    1.62266e-02     9.64043e+02
    1.63391e-02     9.64139e+02
    1.64525e-02     9.64211e+02
    1.65666e-02     9.64215e+02
    1.66815e-02     9.64192e+02
    1.67973e-02     9.64102e+02
    1.69138e-02     9.63986e+02
    1.70311e-02     9.63799e+02
    1.71493e-02     9.63567e+02
    1.72682e-02     9.63289e+02
    1.73880e-02     9.62957e+02
    1.75087e-02     9.62565e+02
    1.76301e-02     9.62141e+02
    1.77524e-02     9.61655e+02
    1.78756e-02     9.61138e+02
    1.79996e-02     9.60542e+02
    1.81244e-02     9.59898e+02
    1.82502e-02     9.59211e+02
    1.83768e-02     9.58459e+02
    1.85043e-02     9.57666e+02
    1.86326e-02     9.56824e+02
    1.87619e-02     9.55919e+02
    1.88920e-02     9.54963e+02
    1.90231e-02     9.53942e+02
    1.91551e-02     9.52881e+02
    1.92879e-02     9.51768e+02
    1.94217e-02     9.50599e+02
    1.95565e-02     9.49362e+02
    1.96921e-02     9.48075e+02
    1.98287e-02     9.46745e+02
    1.99663e-02     9.45335e+02
    2.01048e-02     9.43912e+02
    2.02443e-02     9.42387e+02
    2.03847e-02     9.40850e+02
    2.05261e-02     9.39229e+02
    2.06685e-02     9.37545e+02
    2.08119e-02     9.35837e+02
    2.09563e-02     9.34064e+02
    2.11017e-02     9.32217e+02
    2.12480e-02     9.30334e+02
    2.13954e-02     9.28387e+02
    2.15439e-02     9.26377e+02
    2.16933e-02     9.24324e+02
    2.18438e-02     9.22218e+02
    2.19953e-02     9.20050e+02
    2.21479e-02     9.17837e+02
    2.23016e-02     9.15549e+02
    2.24563e-02     9.13223e+02
    2.26121e-02     9.10848e+02
    2.27689e-02     9.08393e+02
    2.29269e-02     9.05917e+02
    2.30859e-02     9.03369e+02
    2.32461e-02     9.00752e+02
    2.34073e-02     8.98110e+02
    2.35697e-02     8.95407e+02
    2.37332e-02     8.92633e+02
    2.38979e-02     8.89826e+02
    2.40637e-02     8.86974e+02
    2.42306e-02     8.84050e+02
    2.43987e-02     8.81100e+02
    2.45679e-02     8.78096e+02
    2.47384e-02     8.75025e+02
    2.49100e-02     8.71909e+02
    2.50828e-02     8.68754e+02
    2.52568e-02     8.65517e+02
    2.54320e-02     8.62274e+02
    2.56084e-02     8.58976e+02
    2.57861e-02     8.55622e+02
    2.59650e-02     8.52205e+02
    2.61451e-02     8.48770e+02
    2.63265e-02     8.45281e+02
    2.65091e-02     8.41751e+02
    2.66930e-02     8.38186e+02
    2.68782e-02     8.34565e+02
    2.70646e-02     8.30907e+02
    2.72524e-02     8.27207e+02
    2.74414e-02     8.23482e+02
    2.76318e-02     8.19714e+02
    2.78235e-02     8.15890e+02
    2.80165e-02     8.12032e+02
    2.82108e-02     8.08144e+02
    2.84065e-02     8.04229e+02
    2.86036e-02     8.00261e+02
    2.88020e-02     7.96284e+02
    2.90018e-02     7.92235e+02
    2.92030e-02     7.88196e+02
    2.94056e-02     7.84128e+02
    2.96096e-02     7.80007e+02
    2.98150e-02     7.75860e+02
    3.00218e-02     7.71719e+02
    3.02301e-02     7.67503e+02
    3.04398e-02     7.63292e+02
    3.06510e-02     7.59074e+02
    3.08636e-02     7.54793e+02
    3.10777e-02     7.50530e+02
    3.12933e-02     7.46247e+02
    3.15104e-02     7.41929e+02
    3.17290e-02     7.37588e+02
    3.19491e-02     7.33240e+02
    3.21707e-02     7.28880e+02
    3.23939e-02     7.24509e+02
    3.26186e-02     7.20130e+02
    3.28449e-02     7.15740e+02
    3.30728e-02     7.11336e+02
    3.33022e-02     7.06942e+02
    3.35332e-02     7.02524e+02
    3.37658e-02     6.98105e+02
    3.40001e-02     6.93681e+02
    3.42359e-02     6.89261e+02
    3.44734e-02     6.84857e+02
    3.47126e-02     6.80441e+02
    3.49534e-02     6.76012e+02
    3.51959e-02     6.71615e+02
    3.54400e-02     6.67207e+02
    3.56859e-02     6.62809e+02
    3.59335e-02     6.58440e+02
    3.61827e-02     6.54059e+02
    3.64337e-02     6.49690e+02
    3.66865e-02     6.45351e+02
    3.69410e-02     6.41014e+02
    3.71972e-02     6.36686e+02
    3.74553e-02     6.32417e+02
    3.77151e-02     6.28120e+02
    3.79768e-02     6.23845e+02
    3.82402e-02     6.19629e+02
    3.85055e-02     6.15399e+02
    3.87726e-02     6.11199e+02
    3.90416e-02     6.07045e+02
    3.93124e-02     6.02905e+02
    3.95851e-02     5.98794e+02
    3.98597e-02     5.94716e+02
    4.01363e-02     5.90666e+02
    4.04147e-02     5.86657e+02
    4.06950e-02     5.82671e+02
    4.09774e-02     5.78721e+02
    4.12616e-02     5.74808e+02
    4.15479e-02     5.70935e+02
    4.18361e-02     5.67097e+02
    4.21263e-02     5.63285e+02
    4.24185e-02     5.59521e+02
    4.27128e-02     5.55805e+02
    4.30091e-02     5.52124e+02
    4.33075e-02     5.48481e+02
    4.36079e-02     5.44876e+02
    4.39104e-02     5.41329e+02
    4.42150e-02     5.37816e+02
    4.45218e-02     5.34358e+02
    4.48306e-02     5.30945e+02
    4.51416e-02     5.27557e+02
    4.54548e-02     5.24234e+02
    4.57701e-02     5.20952e+02
    4.60876e-02     5.17713e+02
    4.64073e-02     5.14524e+02
    4.67293e-02     5.11384e+02
    4.70534e-02     5.08289e+02
    4.73798e-02     5.05243e+02
    4.77085e-02     5.02250e+02
    4.80395e-02     4.99285e+02
    4.83727e-02     4.96387e+02
    4.87083e-02     4.93524e+02
    4.90462e-02     4.90714e+02
    4.93865e-02     4.87944e+02
    4.97291e-02     4.85236e+02
    5.00740e-02     4.82557e+02
    5.04214e-02     4.79920e+02
    5.07712e-02     4.77328e+02
    5.11234e-02     4.74789e+02
    5.14780e-02     4.72272e+02
    5.18352e-02     4.69823e+02
    5.21947e-02     4.67402e+02
    5.25568e-02     4.65025e+02
    5.29214e-02     4.62670e+02
    5.32885e-02     4.60369e+02
    5.36582e-02     4.58108e+02
    5.40305e-02     4.55866e+02
    5.44053e-02     4.53658e+02
    5.47827e-02     4.51489e+02
    5.51627e-02     4.49340e+02
    5.55454e-02     4.47217e+02
    5.59307e-02     4.45133e+02
    5.63187e-02     4.43067e+02
    5.67094e-02     4.41026e+02
    5.71028e-02     4.39012e+02
    5.74990e-02     4.37008e+02
    5.78978e-02     4.35010e+02
    5.82995e-02     4.33028e+02
    5.87039e-02     4.31073e+02
    5.91111e-02     4.29125e+02
    5.95212e-02     4.27171e+02
    5.99341e-02     4.25226e+02
    6.03499e-02     4.23289e+02
    6.07685e-02     4.21350e+02
    6.11901e-02     4.19411e+02
    6.16146e-02     4.17459e+02
    6.20420e-02     4.15500e+02
    6.24724e-02     4.13541e+02
    6.29058e-02     4.11566e+02
    6.33422e-02     4.09562e+02
    6.37816e-02     4.07540e+02
    6.42241e-02     4.05508e+02
    6.46696e-02     4.03457e+02
    6.51182e-02     4.01376e+02
    6.55700e-02     3.99262e+02
    6.60248e-02     3.97144e+02
    6.64829e-02     3.94974e+02
    6.69441e-02     3.92757e+02
    6.74085e-02     3.90525e+02
    6.78761e-02     3.88242e+02
    6.83469e-02     3.85929e+02
    6.88211e-02     3.83569e+02
    6.92985e-02     3.81156e+02
    6.97792e-02     3.78705e+02
    7.02633e-02     3.76215e+02
    7.07507e-02     3.73667e+02
    7.12415e-02     3.71074e+02
    7.17358e-02     3.68442e+02
    7.22334e-02     3.65736e+02
    7.27345e-02     3.62993e+02
    7.32391e-02     3.60200e+02
    7.37471e-02     3.57363e+02
    7.42587e-02     3.54473e+02
    7.47739e-02     3.51520e+02
    7.52926e-02     3.48523e+02
    7.58149e-02     3.45474e+02
    7.63409e-02     3.42371e+02
    7.68704e-02     3.39228e+02
    7.74037e-02     3.36044e+02
    7.79407e-02     3.32807e+02
    7.84814e-02     3.29516e+02
    7.90258e-02     3.26212e+02
    7.95740e-02     3.22865e+02
    8.01260e-02     3.19462e+02
    8.06819e-02     3.16043e+02
    8.12416e-02     3.12604e+02
    8.18052e-02     3.09122e+02
    8.23727e-02     3.05614e+02
    8.29441e-02     3.02099e+02
    8.35195e-02     2.98554e+02
    8.40989e-02     2.94999e+02
    8.46823e-02     2.91450e+02
    8.52697e-02     2.87877e+02
    8.58613e-02     2.84323e+02
    8.64569e-02     2.80751e+02
    8.70567e-02     2.77202e+02
    8.76606e-02     2.73678e+02
    8.82687e-02     2.70147e+02
    8.88810e-02     2.66657e+02
    8.94976e-02     2.63177e+02
    9.01185e-02     2.59728e+02
    9.07436e-02     2.56336e+02
    9.13731e-02     2.52960e+02
    9.20070e-02     2.49641e+02
    9.26453e-02     2.46357e+02
    9.32880e-02     2.43122e+02
    9.39351e-02     2.39942e+02
    9.45868e-02     2.36817e+02
    9.52429e-02     2.33773e+02
    9.59036e-02     2.30771e+02
    9.65689e-02     2.27845e+02
    9.72389e-02     2.24999e+02
    9.79134e-02     2.22210e+02
    9.85927e-02     2.19496e+02
    9.92766e-02     2.16863e+02
    9.99653e-02     2.14309e+02
    1.00659e-01     2.11849e+02
    1.01357e-01     2.09424e+02
    1.02060e-01     2.07129e+02
    1.02768e-01     2.04877e+02
    1.03481e-01     2.02729e+02
    1.04199e-01     2.00657e+02
    1.04922e-01     1.98656e+02
    1.05650e-01     1.96753e+02
    1.06383e-01     1.94919e+02
    1.07121e-01     1.93150e+02
    1.07864e-01     1.91475e+02
    1.08612e-01     1.89847e+02
    1.09365e-01     1.88313e+02
    1.10124e-01     1.86839e+02
    1.10888e-01     1.85412e+02
    1.11657e-01     1.84063e+02
    1.12432e-01     1.82752e+02
    1.13212e-01     1.81508e+02
    1.13997e-01     1.80305e+02
    1.14788e-01     1.79135e+02
    1.15584e-01     1.78014e+02
    1.16386e-01     1.76911e+02
    1.17194e-01     1.75849e+02
    1.18007e-01     1.74792e+02
    1.18825e-01     1.73766e+02
    1.19650e-01     1.72741e+02
    1.20480e-01     1.71721e+02
    1.21315e-01     1.70697e+02
    1.22157e-01     1.69670e+02
    1.23004e-01     1.68637e+02
    1.23858e-01     1.67567e+02
    1.24717e-01     1.66494e+02
    1.25582e-01     1.65376e+02
    1.26453e-01     1.64241e+02
    1.27330e-01     1.63055e+02
    1.28214e-01     1.61845e+02
    1.29103e-01     1.60573e+02
    1.29999e-01     1.59272e+02
    1.30901e-01     1.57902e+02
    1.31809e-01     1.56501e+02
    1.32723e-01     1.55040e+02
    1.33644e-01     1.53528e+02
    1.34571e-01     1.51952e+02
    1.35504e-01     1.50339e+02
    1.36444e-01     1.48672e+02
    1.37391e-01     1.46950e+02
    1.38344e-01     1.45177e+02
    1.39304e-01     1.43374e+02
    1.40270e-01     1.41511e+02
    1.41243e-01     1.39636e+02
    1.42223e-01     1.37709e+02
    1.43210e-01     1.35775e+02
    1.44203e-01     1.33796e+02
    1.45204e-01     1.31828e+02
    1.46211e-01     1.29826e+02
    1.47225e-01     1.27846e+02
    1.48246e-01     1.25847e+02
    1.49275e-01     1.23880e+02
    1.50310e-01     1.21903e+02
    1.51353e-01     1.19962e+02
    1.52403e-01     1.18054e+02
    1.53460e-01     1.16161e+02
    1.54525e-01     1.14334e+02
    1.55597e-01     1.12529e+02
    1.56676e-01     1.10790e+02
    1.57763e-01     1.09097e+02
    1.58858e-01     1.07467e+02
    1.59960e-01     1.05892e+02
    1.61069e-01     1.04371e+02
    1.62187e-01     1.02931e+02
    1.63312e-01     1.01552e+02
    1.64445e-01     1.00240e+02
    1.65585e-01     9.89971e+01
    1.66734e-01     9.78114e+01
    1.67891e-01     9.67046e+01
    1.69055e-01     9.56486e+01
    1.70228e-01     9.46542e+01
    1.71409e-01     9.37252e+01
    1.72598e-01     9.28386e+01
    1.73796e-01     9.20075e+01
    1.75001e-01     9.12203e+01
    1.76215e-01     9.04664e+01
    1.77438e-01     8.97527e+01
    1.78669e-01     8.90610e+01
    1.79908e-01     8.83900e+01
    1.81156e-01     8.77372e+01
    1.82413e-01     8.70913e+01
    1.83678e-01     8.64425e+01
    1.84952e-01     8.57946e+01
    1.86235e-01     8.51384e+01
    1.87527e-01     8.44616e+01
    1.88828e-01     8.37664e+01
    1.90138e-01     8.30531e+01
    1.91457e-01     8.23042e+01
    1.92785e-01     8.15237e+01
    1.94123e-01     8.07181e+01
    1.95469e-01     7.98686e+01
    1.96825e-01     7.89811e+01
    1.98191e-01     7.80574e+01
    1.99566e-01     7.71080e+01
    2.00950e-01     7.61157e+01
    2.02344e-01     7.50914e+01
    2.03748e-01     7.40458e+01
    2.05161e-01     7.29739e+01
    2.06585e-01     7.18819e+01
    2.08018e-01     7.07747e+01
    2.09461e-01     6.96638e+01
    2.10914e-01     6.85503e+01
    2.12377e-01     6.74402e+01
    2.13850e-01     6.63346e+01
    2.15334e-01     6.52431e+01
    2.16828e-01     6.41779e+01
    2.18332e-01     6.31266e+01
    2.19846e-01     6.21170e+01
    2.21371e-01     6.11329e+01
    2.22907e-01     6.01873e+01
    2.24453e-01     5.92882e+01
    2.26011e-01     5.84209e+01
    2.27578e-01     5.76001e+01
    2.29157e-01     5.68197e+01
    2.30747e-01     5.60844e+01
    2.32348e-01     5.53880e+01
    2.33959e-01     5.47313e+01
    2.35582e-01     5.41127e+01
    2.37217e-01     5.35246e+01
    2.38862e-01     5.29656e+01
    2.40519e-01     5.24331e+01
    2.42188e-01     5.19198e+01
    2.43868e-01     5.14235e+01
    2.45560e-01     5.09389e+01
    2.47263e-01     5.04590e+01
    2.48979e-01     4.99782e+01
    2.50706e-01     4.94941e+01
    2.52445e-01     4.90046e+01
    2.54196e-01     4.85032e+01
    2.55960e-01     4.79869e+01
    2.57735e-01     4.74538e+01
    2.59523e-01     4.69042e+01
    2.61323e-01     4.63352e+01
    2.63136e-01     4.57463e+01
    2.64962e-01     4.51402e+01
    2.66800e-01     4.45186e+01
    2.68651e-01     4.38830e+01
    2.70514e-01     4.32357e+01
    2.72391e-01     4.25824e+01
    2.74281e-01     4.19268e+01
    2.76183e-01     4.12674e+01
    2.78099e-01     4.06150e+01
    2.80028e-01     3.99706e+01
    2.81971e-01     3.93349e+01
    2.83927e-01     3.87174e+01
    2.85897e-01     3.81168e+01
    2.87880e-01     3.75374e+01
    2.89877e-01     3.69805e+01
    2.91888e-01     3.64461e+01
    2.93913e-01     3.59349e+01
    2.95952e-01     3.54485e+01
    2.98005e-01     3.49847e+01
    3.00072e-01     3.45414e+01
    3.02154e-01     3.41182e+01
    3.04250e-01     3.37103e+01
    3.06361e-01     3.33182e+01
    3.08486e-01     3.29354e+01
    3.10626e-01     3.25602e+01
    3.12781e-01     3.21901e+01
    3.14951e-01     3.18226e+01
    3.17135e-01     3.14546e+01
    3.19335e-01     3.10811e+01
    3.21551e-01     3.07027e+01
    3.23781e-01     3.03193e+01
    3.26027e-01     2.99273e+01
    3.28289e-01     2.95296e+01
    3.30567e-01     2.91244e+01
    3.32860e-01     2.87123e+01
    3.35169e-01     2.82956e+01
    3.37494e-01     2.78770e+01
    3.39835e-01     2.74597e+01
    3.42193e-01     2.70405e+01
    3.44567e-01     2.66276e+01
    3.46957e-01     2.62216e+01
    3.49364e-01     2.58220e+01
    3.51787e-01     2.54314e+01
    3.54228e-01     2.50549e+01
    3.56685e-01     2.46911e+01
    3.59159e-01     2.43360e+01
    3.61651e-01     2.39950e+01
    3.64160e-01     2.36666e+01
    3.66686e-01     2.33501e+01
    3.69230e-01     2.30434e+01
    3.71791e-01     2.27445e+01
    3.74370e-01     2.24524e+01
    3.76968e-01     2.21647e+01
    3.79583e-01     2.18803e+01
    3.82216e-01     2.16000e+01
    3.84867e-01     2.13186e+01
    3.87537e-01     2.10362e+01
    3.90226e-01     2.07521e+01
    3.92933e-01     2.04668e+01
    3.95658e-01     2.01806e+01
    3.98403e-01     1.98932e+01
    4.01167e-01     1.96048e+01
    4.03950e-01     1.93163e+01
    4.06752e-01     1.90299e+01
    4.09574e-01     1.87455e+01
    4.12415e-01     1.84654e+01
    4.15276e-01     1.81904e+01
    4.18157e-01     1.79208e+01
    4.21058e-01     1.76569e+01
    4.23979e-01     1.73996e+01
    4.26920e-01     1.71496e+01
    4.29882e-01     1.69061e+01
    4.32864e-01     1.66687e+01
    4.35867e-01     1.64375e+01
    4.38890e-01     1.62103e+01
    4.41935e-01     1.59875e+01
    4.45001e-01     1.57682e+01
    4.48088e-01     1.55509e+01
    4.51196e-01     1.53353e+01
    4.54326e-01     1.51209e+01
    4.57478e-01     1.49070e+01
    4.60652e-01     1.46947e+01
    4.63847e-01     1.44825e+01
    4.67065e-01     1.42712e+01
    4.70305e-01     1.40615e+01
    4.73568e-01     1.38539e+01
    4.76853e-01     1.36484e+01
    4.80161e-01     1.34453e+01
    4.83492e-01     1.32463e+01
    4.86846e-01     1.30508e+01
    4.90223e-01     1.28588e+01
    4.93624e-01     1.26711e+01
    4.97048e-01     1.24872e+01
    5.00496e-01     1.23071e+01
    5.03968e-01     1.21301e+01
    5.07465e-01     1.19556e+01
    5.10985e-01     1.17843e+01
    5.14530e-01     1.16155e+01
    5.18099e-01     1.14480e+01
    5.21693e-01     1.12822e+01
    5.25312e-01     1.11179e+01
    5.28956e-01     1.09551e+01
    5.32626e-01     1.07938e+01
    5.36321e-01     1.06339e+01
    5.40041e-01     1.04763e+01
    5.43788e-01     1.03205e+01
    5.47560e-01     1.01666e+01
    5.51359e-01     1.00153e+01
    5.55183e-01     9.86664e+00
    5.59035e-01     9.72011e+00
    5.62913e-01     9.57611e+00
    5.66818e-01     9.43486e+00
    5.70750e-01     9.29576e+00
    5.74709e-01     9.15881e+00
    5.78696e-01     9.02374e+00
    5.82711e-01     8.89066e+00
    5.86753e-01     8.75950e+00
    5.90824e-01     8.62957e+00
    5.94922e-01     8.50123e+00
    5.99049e-01     8.37445e+00
    6.03205e-01     8.24894e+00
    6.07390e-01     8.12528e+00
    6.11603e-01     8.00337e+00
    6.15846e-01     7.88322e+00
    6.20118e-01     7.76473e+00
    6.24420e-01     7.64817e+00
    6.28752e-01     7.53342e+00
    6.33113e-01     7.42031e+00
    6.37505e-01     7.30901e+00
    6.41928e-01     7.19957e+00
    6.46381e-01     7.09160e+00
    6.50865e-01     6.98478e+00
    6.55380e-01     6.87941e+00
    6.59927e-01     6.77556e+00
    6.64505e-01     6.67323e+00
    6.69114e-01     6.57238e+00
    6.73756e-01     6.47299e+00
    6.78430e-01     6.37504e+00
    6.83137e-01     6.27850e+00
    6.87876e-01     6.18336e+00
    6.92647e-01     6.08958e+00
    6.97453e-01     5.99716e+00
    7.02291e-01     5.90606e+00
    7.07163e-01     5.81627e+00
    7.12068e-01     5.72777e+00
    7.17008e-01     5.64054e+00
    7.21982e-01     5.55457e+00
    7.26991e-01     5.46984e+00
    7.32034e-01     5.38634e+00
    7.37112e-01     5.30406e+00
    7.42226e-01     5.22299e+00
    7.47375e-01     5.14310e+00
    7.52559e-01     5.06439e+00
    7.57780e-01     4.98683e+00
    7.63037e-01     4.91040e+00
    7.68330e-01     4.83508e+00
    7.73660e-01     4.76086e+00
    7.79027e-01     4.68771e+00
    7.84431e-01     4.61561e+00
    7.89873e-01     4.54456e+00
    7.95352e-01     4.47454e+00
    8.00870e-01     4.40555e+00
    8.06426e-01     4.33756e+00
    8.12020e-01     4.27057e+00
    8.17653e-01     4.20457e+00
    8.23325e-01     4.13954e+00
    8.29037e-01     4.07547e+00
    8.34788e-01     4.01235e+00
    8.40579e-01     3.95017e+00
    8.46410e-01     3.88891e+00
    8.52282e-01     3.82856e+00
    8.58194e-01     3.76911e+00
    8.64148e-01     3.71054e+00
    8.70143e-01     3.65284e+00
    8.76179e-01     3.59601e+00
    8.82257e-01     3.54002e+00
    8.88377e-01     3.48488e+00
    8.94540e-01     3.43056e+00
    9.00746e-01     3.37705e+00
    9.06994e-01     3.32434e+00
    9.13286e-01     3.27242e+00
    9.19622e-01     3.22128e+00
    9.26002e-01     3.17090e+00
    9.32425e-01     3.12128e+00
    9.38894e-01     3.07240e+00
    9.45407e-01     3.02425e+00
    9.51965e-01     2.97681e+00
    9.58569e-01     2.93008e+00
    9.65219e-01     2.88405e+00
    9.71915e-01     2.83869e+00
    9.78657e-01     2.79401e+00
    9.85446e-01     2.74999e+00
    9.92283e-01     2.70664e+00
    9.99166e-01     2.66395e+00
    1.00610e+00     2.62192e+00
    1.01308e+00     2.58054e+00
    1.02010e+00     2.53981e+00
    1.02718e+00     2.49972e+00
    1.03431e+00     2.46026e+00
    1.04148e+00     2.42141e+00
    1.04871e+00     2.38315e+00
    1.05598e+00     2.34547e+00
    1.06331e+00     2.30835e+00
    1.07068e+00     2.27179e+00
    1.07811e+00     2.23578e+00
    1.08559e+00     2.20030e+00
    1.09312e+00     2.16535e+00
    1.10070e+00     2.13092e+00
    1.10834e+00     2.09700e+00
    1.11603e+00     2.06358e+00
    1.12377e+00     2.03067e+00
    1.13157e+00     1.99825e+00
    1.13942e+00     1.96634e+00
    1.14732e+00     1.93492e+00
    1.15528e+00     1.90401e+00
    1.16329e+00     1.87359e+00
    1.17136e+00     1.84366e+00
    1.17949e+00     1.81421e+00
    1.18767e+00     1.78521e+00
    1.19591e+00     1.75667e+00
    1.20421e+00     1.72855e+00
    1.21256e+00     1.70086e+00
    1.22097e+00     1.67357e+00
    1.22944e+00     1.64670e+00
    1.23797e+00     1.62022e+00
    1.24656e+00     1.59416e+00
    1.25521e+00     1.56850e+00
    1.26392e+00     1.54325e+00
    1.27268e+00     1.51841e+00
    1.28151e+00     1.49397e+00
    1.29040e+00     1.46992e+00
    1.29935e+00     1.44625e+00
    1.30837e+00     1.42294e+00
    1.31744e+00     1.39999e+00
    1.32658e+00     1.37739e+00
    1.33579e+00     1.35512e+00
    1.34505e+00     1.33319e+00
    1.35438e+00     1.31159e+00
    1.36378e+00     1.29033e+00
    1.37324e+00     1.26940e+00
    1.38277e+00     1.24880e+00
    1.39236e+00     1.22854e+00
    1.40202e+00     1.20860e+00
    1.41174e+00     1.18898e+00
    1.42154e+00     1.16968e+00
    1.43140e+00     1.15068e+00
    1.44133e+00     1.13199e+00
    1.45133e+00     1.11358e+00
    1.46140e+00     1.09547e+00
    1.47153e+00     1.07764e+00
    1.48174e+00     1.06009e+00
    1.49202e+00     1.04282e+00
    1.50237e+00     1.02583e+00
    1.51279e+00     1.00910e+00
    1.52329e+00     9.92637e-01
    1.53386e+00     9.76437e-01
    1.54450e+00     9.60493e-01
    1.55521e+00     9.44801e-01
    1.56600e+00     9.29357e-01
    1.57686e+00     9.14156e-01
    1.58780e+00     8.99193e-01
    1.59882e+00     8.84466e-01
    1.60991e+00     8.69970e-01
    1.62108e+00     8.55704e-01
    1.63232e+00     8.41665e-01
    1.64365e+00     8.27849e-01
    1.65505e+00     8.14254e-01
    1.66653e+00     8.00877e-01
    1.67809e+00     7.87715e-01
    1.68973e+00     7.74764e-01
    1.70145e+00     7.62021e-01
    1.71326e+00     7.49482e-01
    1.72514e+00     7.37144e-01
    1.73711e+00     7.25003e-01
    1.74916e+00     7.13057e-01
    1.76129e+00     7.01301e-01
    1.77351e+00     6.89732e-01
    1.78582e+00     6.78348e-01
    1.79820e+00     6.67143e-01
    1.81068e+00     6.56117e-01
    1.82324e+00     6.45264e-01
    1.83589e+00     6.34584e-01
    1.84862e+00     6.24075e-01
    1.86145e+00     6.13735e-01
    1.87436e+00     6.03561e-01
    1.88736e+00     5.93553e-01
    1.90046e+00     5.83708e-01
    1.91364e+00     5.74025e-01
    1.92692e+00     5.64499e-01
    1.94028e+00     5.55129e-01
    1.95374e+00     5.45911e-01
    1.96730e+00     5.36843e-01
    1.98094e+00     5.27923e-01
    1.99469e+00     5.19148e-01
    2.00852e+00     5.10516e-01
    2.02246e+00     5.02024e-01
    2.03649e+00     4.93670e-01
    2.05061e+00     4.85452e-01
    2.06484e+00     4.77367e-01
    2.07916e+00     4.69414e-01
    2.09359e+00     4.61590e-01
    2.10811e+00     4.53892e-01
    2.12274e+00     4.46317e-01
    2.13746e+00     4.38864e-01
    2.15229e+00     4.31529e-01
    2.16722e+00     4.24310e-01
    2.18225e+00     4.17206e-01
    2.19739e+00     4.10216e-01
    2.21264e+00     4.03339e-01
    2.22799e+00     3.96576e-01
    2.24344e+00     3.89926e-01
    2.25900e+00     3.83388e-01
    2.27468e+00     3.76961e-01
    2.29046e+00     3.70643e-01
    2.30634e+00     3.64430e-01
    2.32234e+00     3.58320e-01
    2.33845e+00     3.52310e-01
    2.35468e+00     3.46396e-01
    2.37101e+00     3.40576e-01
    2.38746e+00     3.34849e-01
    2.40402e+00     3.29215e-01
    2.42070e+00     3.23671e-01
    2.43749e+00     3.18218e-01
    2.45440e+00     3.12856e-01
    2.47143e+00     3.07583e-01
    2.48857e+00     3.02399e-01
    2.50584e+00     2.97301e-01
    2.52322e+00     2.92288e-01
    2.54072e+00     2.87358e-01
    2.55835e+00     2.82509e-01
    2.57610e+00     2.77740e-01
    2.59397e+00     2.73047e-01
    2.61196e+00     2.68432e-01
    2.63008e+00     2.63891e-01
    2.64833e+00     2.59425e-01
    2.66670e+00     2.55032e-01
    2.68520e+00     2.50712e-01
    2.70383e+00     2.46464e-01
    2.72258e+00     2.42287e-01
    2.74147e+00     2.38180e-01
    2.76049e+00     2.34141e-01
    2.77964e+00     2.30169e-01
    2.79892e+00     2.26263e-01
    2.81834e+00     2.22422e-01
    2.83789e+00     2.18645e-01
    2.85757e+00     2.14930e-01
    2.87740e+00     2.11278e-01
    2.89736e+00     2.07687e-01
    2.91746e+00     2.04155e-01
    2.93770e+00     2.00683e-01
    2.95808e+00     1.97268e-01
    2.97860e+00     1.93912e-01
    2.99926e+00     1.90611e-01
    3.02007e+00     1.87365e-01
    3.04102e+00     1.84173e-01
    3.06211e+00     1.81034e-01
    3.08336e+00     1.77947e-01
    3.10475e+00     1.74911e-01
    3.12628e+00     1.71925e-01
    3.14797e+00     1.68989e-01
    3.16981e+00     1.66102e-01
    3.19180e+00     1.63263e-01
    3.21394e+00     1.60471e-01
    3.23624e+00     1.57726e-01
    3.25869e+00     1.55028e-01
    3.28129e+00     1.52375e-01
    3.30406e+00     1.49767e-01
    3.32698e+00     1.47203e-01
    3.35006e+00     1.44681e-01
    3.37330e+00     1.42202e-01
    3.39670e+00     1.39765e-01
    3.42026e+00     1.37369e-01
    3.44399e+00     1.35013e-01
    3.46788e+00     1.32697e-01
    3.49194e+00     1.30420e-01
    3.51616e+00     1.28182e-01
    3.54055e+00     1.25981e-01
    3.56511e+00     1.23817e-01
    3.58985e+00     1.21690e-01
    3.61475e+00     1.19598e-01
    3.63982e+00     1.17542e-01
    3.66508e+00     1.15520e-01
    3.69050e+00     1.13532e-01
    3.71610e+00     1.11578e-01
    3.74188e+00     1.09657e-01
    3.76784e+00     1.07768e-01
    3.79398e+00     1.05911e-01
    3.82030e+00     1.04085e-01
    3.84680e+00     1.02290e-01
    3.87348e+00     1.00525e-01
    3.90036e+00     9.87899e-02
    3.92741e+00     9.70842e-02
    3.95466e+00     9.54074e-02
    3.98209e+00     9.37591e-02
    4.00972e+00     9.21388e-02
    4.03753e+00     9.05461e-02
    4.06554e+00     8.89805e-02
    4.09374e+00     8.74416e-02
    4.12214e+00     8.59289e-02
    4.15074e+00     8.44420e-02
    4.17953e+00     8.29803e-02
    4.20853e+00     8.15435e-02
    4.23772e+00     8.01311e-02
    4.26712e+00     7.87426e-02
    4.29672e+00     7.73779e-02
    4.32653e+00     7.60363e-02
    4.35654e+00     7.47177e-02
    4.38677e+00     7.34215e-02
    4.41720e+00     7.21476e-02
    4.44784e+00     7.08953e-02
    4.47870e+00     6.96645e-02
    4.50976e+00     6.84547e-02
    4.54105e+00     6.72656e-02
    4.57255e+00     6.60968e-02
    4.60427e+00     6.49480e-02
    4.63621e+00     6.38187e-02
    4.66837e+00     6.27088e-02
    4.70076e+00     6.16177e-02
    4.73337e+00     6.05453e-02
    4.76621e+00     5.94912e-02
    4.79927e+00     5.84551e-02
    4.83256e+00     5.74367e-02
    4.86609e+00     5.64356e-02
    4.89984e+00     5.54518e-02
    4.93384e+00     5.44848e-02
    4.96806e+00     5.35344e-02
    5.00253e+00     5.26005e-02
    5.03723e+00     5.16827e-02
    5.07217e+00     5.07807e-02
    5.10736e+00     4.98944e-02
    5.14279e+00     4.90232e-02
    5.17847e+00     4.81670e-02
    5.21439e+00     4.73253e-02
    5.25056e+00     4.64979e-02
    5.28699e+00     4.56845e-02
    5.32366e+00     4.48849e-02
    5.36060e+00     4.40990e-02
    5.39778e+00     4.33265e-02
    5.43523e+00     4.25675e-02
    5.47293e+00     4.18217e-02
    5.51090e+00     4.10889e-02
    5.54913e+00     4.03690e-02
    5.58763e+00     3.96617e-02
    5.62639e+00     3.89667e-02
    5.66542e+00     3.82838e-02
    5.70472e+00     3.76126e-02
    5.74430e+00     3.69529e-02
    5.78414e+00     3.63046e-02
    5.82427e+00     3.56673e-02
    5.86467e+00     3.50409e-02
    5.90536e+00     3.44254e-02
    5.94632e+00     3.38204e-02
    5.98758e+00     3.32258e-02
    6.02911e+00     3.26415e-02
    6.07094e+00     3.20674e-02
    6.11305e+00     3.15031e-02
    6.15546e+00     3.09487e-02
    6.19816e+00     3.04039e-02
    6.24116e+00     2.98686e-02
    6.28445e+00     2.93426e-02
    6.32805e+00     2.88258e-02
    6.37195e+00     2.83180e-02
    6.41615e+00     2.78190e-02
    6.46066e+00     2.73288e-02
    6.50548e+00     2.68472e-02
    6.55061e+00     2.63740e-02
    6.59605e+00     2.59090e-02
    6.64181e+00     2.54522e-02
    6.68789e+00     2.50034e-02
    6.73428e+00     2.45623e-02
    6.78100e+00     2.41289e-02
    6.82804e+00     2.37029e-02
    6.87541e+00     2.32843e-02
    6.92310e+00     2.28728e-02
    6.97113e+00     2.24684e-02
    7.01949e+00     2.20710e-02
    7.06818e+00     2.16806e-02
    7.11722e+00     2.12969e-02
    7.16659e+00     2.09199e-02
    7.21631e+00     2.05496e-02
    7.26637e+00     2.01858e-02
    7.31677e+00     1.98283e-02
    7.36753e+00     1.94771e-02
    7.41864e+00     1.91321e-02
    7.47011e+00     1.87931e-02
    7.52193e+00     1.84601e-02
    7.57411e+00     1.81328e-02
    7.62665e+00     1.78113e-02
    7.67956e+00     1.74954e-02
    7.73283e+00     1.71850e-02
    7.78648e+00     1.68800e-02
    7.84049e+00     1.65804e-02
    7.89488e+00     1.62860e-02
    7.94965e+00     1.59968e-02
    8.00480e+00     1.57127e-02
    8.06033e+00     1.54335e-02
    8.11624e+00     1.51592e-02
    8.17255e+00     1.48897e-02
    8.22924e+00     1.46250e-02
    8.28633e+00     1.43648e-02
    8.34381e+00     1.41093e-02
    8.40170e+00     1.38582e-02
    8.45998e+00     1.36115e-02
    8.51867e+00     1.33692e-02
    8.57776e+00     1.31311e-02
    8.63727e+00     1.28973e-02
    8.69719e+00     1.26676e-02
    8.75752e+00     1.24419e-02
    8.81827e+00     1.22203e-02
    8.87945e+00     1.20025e-02
    8.94105e+00     1.17885e-02
    9.00307e+00     1.15783e-02
    9.06553e+00     1.13718e-02
    9.12842e+00     1.11689e-02
    9.19174e+00     1.09696e-02
    9.25551e+00     1.07738e-02
    9.31971e+00     1.05814e-02
    9.38436e+00     1.03925e-02
    9.44947e+00     1.02068e-02
    9.51502e+00     1.00245e-02
    9.58102e+00     9.84534e-03
    9.64749e+00     9.66936e-03
    9.71442e+00     9.49647e-03
    9.78181e+00     9.32663e-03
    9.84966e+00     9.15977e-03
    9.91799e+00     8.99586e-03
    9.98680e+00     8.83484e-03
    1.00561e+01     8.67668e-03
    1.01258e+01     8.52133e-03
    1.01961e+01     8.36874e-03
    1.02668e+01     8.21887e-03
    1.03380e+01     8.07169e-03
    1.04098e+01     7.92713e-03
    1.04820e+01     7.78516e-03
    1.05547e+01     7.64572e-03
    1.06279e+01     7.50877e-03
    1.07016e+01     7.37426e-03
    1.07759e+01     7.24215e-03
    1.08506e+01     7.11238e-03
    1.09259e+01     6.98490e-03
    1.10017e+01     6.85964e-03
    1.10780e+01     6.73656e-03
    1.11549e+01     6.61559e-03
    1.12322e+01     6.49669e-03
    1.13102e+01     6.37983e-03
    1.13886e+01     6.26500e-03
    1.14676e+01     6.15218e-03
    1.15472e+01     6.04135e-03
    1.16273e+01     5.93251e-03
    1.17079e+01     5.82565e-03
    1.17892e+01     5.72073e-03
    1.18709e+01     5.61773e-03
    1.19533e+01     5.51661e-03
    1.20362e+01     5.41733e-03
    1.21197e+01     5.31987e-03
    1.22038e+01     5.22418e-03
    1.22885e+01     5.13023e-03
    1.23737e+01     5.03799e-03
    1.24595e+01     4.94740e-03
    1.25460e+01     4.85842e-03
    1.26330e+01     4.77101e-03
    1.27206e+01     4.68513e-03
    1.28089e+01     4.60073e-03
    1.28977e+01     4.51778e-03
    1.29872e+01     4.43627e-03
    1.30773e+01     4.35619e-03
    1.31680e+01     4.27752e-03
    1.32594e+01     4.20025e-03
    1.33514e+01     4.12436e-03
    1.34440e+01     4.04984e-03
    1.35372e+01     3.97667e-03
    1.36312e+01     3.90483e-03
    1.37257e+01     3.83429e-03
    1.38209e+01     3.76503e-03
    1.39168e+01     3.69703e-03
    1.40134e+01     3.63026e-03
    1.41106e+01     3.56470e-03
    1.42085e+01     3.50031e-03
    1.43070e+01     3.43708e-03
    1.44063e+01     3.37497e-03
    1.45062e+01     3.31395e-03
    1.46068e+01     3.25400e-03
    1.47082e+01     3.19508e-03
    1.48102e+01     3.13720e-03
    1.49129e+01     3.08033e-03
    1.50164e+01     3.02448e-03
    1.51206e+01     2.96964e-03
    1.52255e+01     2.91579e-03
    1.53311e+01     2.86292e-03
    1.54374e+01     2.81103e-03
    1.55445e+01     2.76008e-03
    1.56524e+01     2.71007e-03
    1.57610e+01     2.66096e-03
    1.58703e+01     2.61273e-03
    1.59804e+01     2.56537e-03
    1.60912e+01     2.51886e-03
    1.62029e+01     2.47318e-03
    1.63153e+01     2.42831e-03
    1.64285e+01     2.38424e-03
    1.65424e+01     2.34096e-03
    1.66572e+01     2.29844e-03
    1.67727e+01     2.25667e-03
    1.68891e+01     2.21564e-03
    1.70062e+01     2.17535e-03
    1.71242e+01     2.13578e-03
    1.72430e+01     2.09692e-03
    1.73626e+01     2.05878e-03
    1.74831e+01     2.02134e-03
    1.76044e+01     1.98458e-03
    1.77265e+01     1.94850e-03
    1.78495e+01     1.91307e-03
    1.79733e+01     1.87828e-03
    1.80980e+01     1.84411e-03
    1.82235e+01     1.81054e-03
    1.83499e+01     1.77756e-03
    1.84772e+01     1.74517e-03
    1.86054e+01     1.71335e-03
    1.87345e+01     1.68210e-03
    1.88644e+01     1.65142e-03
    1.89953e+01     1.62130e-03
    1.91271e+01     1.59174e-03
    1.92598e+01     1.56272e-03
    1.93934e+01     1.53424e-03
    1.95279e+01     1.50628e-03
    1.96634e+01     1.47883e-03
    1.97998e+01     1.45188e-03
    1.99371e+01     1.42541e-03
    2.00755e+01     1.39941e-03
    2.02147e+01     1.37388e-03
    2.03549e+01     1.34881e-03
    2.04962e+01     1.32418e-03
    2.06383e+01     1.30000e-03
    2.07815e+01     1.27626e-03
    2.09257e+01     1.25294e-03
    2.10708e+01     1.23005e-03
    2.12170e+01     1.20757e-03
    2.13642e+01     1.18549e-03
    2.15124e+01     1.16382e-03
    2.16616e+01     1.14254e-03
    2.18119e+01     1.12164e-03
    2.19632e+01     1.10112e-03
    2.21156e+01     1.08097e-03
    2.22690e+01     1.06119e-03
    2.24235e+01     1.04177e-03
    2.25790e+01     1.02269e-03
    2.27357e+01     1.00397e-03
    2.28934e+01     9.85578e-04
    2.30522e+01     9.67525e-04
    2.32121e+01     9.49800e-04
    2.33732e+01     9.32399e-04
    2.35353e+01     9.15316e-04
    2.36986e+01     8.98547e-04
    2.38630e+01     8.82087e-04
    2.40285e+01     8.65930e-04
    2.41952e+01     8.50068e-04
    2.43630e+01     8.34496e-04
    2.45321e+01     8.19204e-04
    2.47022e+01     8.04187e-04
    2.48736e+01     7.89439e-04
    2.50462e+01     7.74952e-04
    2.52199e+01     7.60723e-04
    2.53949e+01     7.46749e-04
    2.55710e+01     7.33029e-04
    2.57484e+01     7.19558e-04
    2.59270e+01     7.06334e-04
    2.61069e+01     6.93354e-04
    2.62880e+01     6.80615e-04
    2.64704e+01     6.68112e-04
    2.66540e+01     6.55838e-04
    2.68389e+01     6.43790e-04
    2.70251e+01     6.31962e-04
    2.72126e+01     6.20349e-04
    2.74013e+01     6.08947e-04
    2.75914e+01     5.97752e-04
    2.77828e+01     5.86760e-04
    2.79756e+01     5.75968e-04
    2.81696e+01     5.65372e-04
    2.83651e+01     5.54969e-04
    2.85618e+01     5.44755e-04
    2.87600e+01     5.34726e-04
    2.89595e+01     5.24880e-04
    2.91604e+01     5.15214e-04
    2.93627e+01     5.05723e-04
    2.95664e+01     4.96405e-04
    2.97715e+01     4.87258e-04
    2.99780e+01     4.78276e-04
    3.01860e+01     4.69459e-04
    3.03954e+01     4.60804e-04
    3.06062e+01     4.52308e-04
    3.08185e+01     4.43969e-04
    3.10323e+01     4.35784e-04
    3.12476e+01     4.27750e-04
    3.14644e+01     4.19866e-04
    3.16827e+01     4.12126e-04
    3.19024e+01     4.04528e-04
    3.21238e+01     3.97068e-04
    3.23466e+01     3.89742e-04
    3.25710e+01     3.82547e-04
    3.27969e+01     3.75481e-04
    3.30245e+01     3.68543e-04
    3.32536e+01     3.61730e-04
    3.34842e+01     3.55042e-04
    3.37165e+01     3.48477e-04
    3.39504e+01     3.42034e-04
    3.41859e+01     3.35711e-04
    3.44231e+01     3.29506e-04
    3.46619e+01     3.23416e-04
    3.49024e+01     3.17439e-04
    3.51445e+01     3.11572e-04
    3.53883e+01     3.05812e-04
    3.56338e+01     3.00157e-04
    3.58810e+01     2.94605e-04
    3.61299e+01     2.89153e-04
    3.63805e+01     2.83801e-04
    3.66329e+01     2.78547e-04
    3.68870e+01     2.73389e-04
    3.71429e+01     2.68326e-04
    3.74006e+01     2.63356e-04
    3.76600e+01     2.58477e-04
    3.79213e+01     2.53688e-04
    3.81844e+01     2.48987e-04
    3.84492e+01     2.44373e-04
    3.87160e+01     2.39844e-04
    3.89846e+01     2.35399e-04
    3.92550e+01     2.31035e-04
    3.95273e+01     2.26752e-04
    3.98015e+01     2.22548e-04
    4.00776e+01     2.18421e-04
    4.03557e+01     2.14371e-04
    4.06356e+01     2.10394e-04
    4.09175e+01     2.06491e-04
    4.12014e+01     2.02660e-04
    4.14872e+01     1.98899e-04
    4.17750e+01     1.95207e-04
    4.20648e+01     1.91583e-04
    4.23566e+01     1.88025e-04
    4.26504e+01     1.84532e-04
    4.29463e+01     1.81103e-04
    4.32442e+01     1.77737e-04
    4.35442e+01     1.74433e-04
    4.38463e+01     1.71190e-04
    4.41505e+01     1.68007e-04
    4.44567e+01     1.64884e-04
    4.47651e+01     1.61819e-04
    4.50757e+01     1.58810e-04
    4.53884e+01     1.55858e-04
    4.57032e+01     1.52960e-04
    4.60203e+01     1.50116e-04
    4.63395e+01     1.47323e-04
    4.66610e+01     1.44582e-04
    4.69847e+01     1.41890e-04
    4.73106e+01     1.39248e-04
    4.76388e+01     1.36655e-04
    4.79693e+01     1.34109e-04
    4.83021e+01     1.31610e-04
    4.86372e+01     1.29158e-04
    4.89746e+01     1.26752e-04
    4.93143e+01     1.24390e-04
    4.96564e+01     1.22072e-04
    5.00009e+01     1.19797e-04
    5.03478e+01     1.17563e-04
    5.06970e+01     1.15371e-04
    5.10487e+01     1.13220e-04
    5.14029e+01     1.11108e-04
    5.17595e+01     1.09035e-04
    5.21185e+01     1.07000e-04
    5.24801e+01     1.05003e-04
    5.28441e+01     1.03043e-04
    5.32107e+01     1.01120e-04
    5.35799e+01     9.92320e-05
    5.39515e+01     9.73792e-05
    5.43258e+01     9.55607e-05
    5.47027e+01     9.37757e-05
    5.50822e+01     9.20236e-05
    5.54643e+01     9.03036e-05
    5.58490e+01     8.86153e-05
    5.62365e+01     8.69581e-05
    5.66266e+01     8.53315e-05
    5.70194e+01     8.37352e-05
    5.74150e+01     8.21686e-05
    5.78133e+01     8.06315e-05
    5.82143e+01     7.91232e-05
    5.86182e+01     7.76433e-05
    5.90248e+01     7.61911e-05
    5.94343e+01     7.47658e-05
    5.98466e+01     7.33669e-05
    6.02618e+01     7.19937e-05
    6.06798e+01     7.06456e-05
    6.11007e+01     6.93221e-05
    6.15246e+01     6.80229e-05
    6.19514e+01     6.67476e-05
    6.23812e+01     6.54960e-05
    6.28139e+01     6.42678e-05
    6.32497e+01     6.30625e-05
    6.36885e+01     6.18800e-05
    6.41303e+01     6.07198e-05
    6.45752e+01     5.95814e-05
    6.50231e+01     5.84642e-05
    6.54742e+01     5.73679e-05
    6.59284e+01     5.62919e-05
    6.63858e+01     5.52359e-05
    6.68463e+01     5.41994e-05
    6.73100e+01     5.31821e-05
    6.77769e+01     5.21836e-05
    6.82471e+01     5.12036e-05
    6.87206e+01     5.02417e-05
    6.91973e+01     4.92976e-05
    6.96773e+01     4.83710e-05
    7.01607e+01     4.74617e-05
    7.06474e+01     4.65692e-05
    7.11375e+01     4.56932e-05
    7.16310e+01     4.48336e-05
    7.21279e+01     4.39900e-05
    7.26283e+01     4.31621e-05
    7.31321e+01     4.23497e-05
    7.36394e+01     4.15524e-05
    7.41503e+01     4.07701e-05
    7.46647e+01     4.00025e-05
    7.51826e+01     3.92494e-05
    7.57042e+01     3.85104e-05
    7.62294e+01     3.77854e-05
    7.67582e+01     3.70740e-05
    7.72907e+01     3.63759e-05
    7.78268e+01     3.56908e-05
    7.83667e+01     3.50183e-05
    7.89104e+01     3.43583e-05
    7.94578e+01     3.37102e-05
    8.00090e+01     3.30741e-05
    8.05640e+01     3.24498e-05
    8.11229e+01     3.18370e-05
    8.16857e+01     3.12357e-05
    8.22523e+01     3.06458e-05
    8.28229e+01     3.00670e-05
    8.33975e+01     2.94993e-05
    8.39760e+01     2.89424e-05
    8.45586e+01     2.83959e-05
    8.51452e+01     2.78596e-05
    8.57359e+01     2.73334e-05
    8.63306e+01     2.68168e-05
    8.69295e+01     2.63097e-05
    8.75326e+01     2.58120e-05
    8.81398e+01     2.53235e-05
    8.87512e+01     2.48441e-05
    8.93669e+01     2.43737e-05
    8.99869e+01     2.39121e-05
    9.06111e+01     2.34593e-05
    9.12397e+01     2.30150e-05
    9.18726e+01     2.25792e-05
    9.25100e+01     2.21516e-05
    9.31517e+01     2.17320e-05
    9.37979e+01     2.13202e-05
    9.44486e+01     2.09162e-05
    9.51038e+01     2.05196e-05
    9.57636e+01     2.01304e-05
    9.64279e+01     1.97485e-05
    9.70968e+01     1.93737e-05
    9.77704e+01     1.90059e-05
    9.84487e+01     1.86451e-05
    9.91316e+01     1.82910e-05
    9.98193e+01     1.79435e-05
    1.00512e+02     1.76027e-05
    1.01209e+02     1.72683e-05
    1.01911e+02     1.69402e-05
    1.02618e+02     1.66183e-05
    1.03330e+02     1.63026e-05
