# Subtracting SN=    3.33444e+01.
#        k         Pk_0_HI
   0.03175     1.37336e+04
   0.04446     1.00444e+04
   0.05670     8.35462e+03
   0.06913     7.12476e+03
   0.08163     5.88660e+03
   0.09394     4.62578e+03
   0.10633     3.74565e+03
   0.11897     3.36559e+03
   0.13156     3.12193e+03
   0.14405     2.69650e+03
   0.15655     2.27072e+03
   0.16903     2.01061e+03
   0.18145     1.81571e+03
   0.19391     1.69706e+03
   0.20638     1.54682e+03
   0.21880     1.36059e+03
   0.23135     1.25821e+03
   0.24388     1.15703e+03
   0.25638     1.08721e+03
   0.26888     1.00294e+03
   0.28133     9.34907e+02
   0.29385     8.65379e+02
   0.30628     8.17247e+02
   0.31877     7.61897e+02
   0.33129     7.16740e+02
   0.34378     6.78196e+02
   0.35632     6.36312e+02
   0.36883     6.04524e+02
   0.38133     5.75495e+02
   0.39379     5.46409e+02
   0.40628     5.23270e+02
   0.41878     4.94531e+02
   0.43132     4.66582e+02
   0.44381     4.46530e+02
   0.45630     4.29515e+02
   0.46880     4.13213e+02
   0.48130     3.92967e+02
   0.49379     3.78481e+02
   0.50627     3.61799e+02
   0.51878     3.44574e+02
   0.53128     3.35297e+02
   0.54381     3.21526e+02
   0.55628     3.10796e+02
   0.56880     2.97550e+02
   0.58132     2.86994e+02
   0.59381     2.77959e+02
   0.60631     2.68927e+02
   0.61879     2.60046e+02
   0.63131     2.51427e+02
   0.64381     2.43900e+02
   0.65629     2.34418e+02
   0.66878     2.27617e+02
   0.68130     2.20628e+02
   0.69382     2.13046e+02
   0.70631     2.06539e+02
   0.71877     2.00657e+02
   0.73127     1.95322e+02
   0.74379     1.88973e+02
   0.75629     1.82843e+02
   0.76880     1.77732e+02
   0.78130     1.73626e+02
   0.79378     1.68206e+02
   0.80630     1.63277e+02
   0.81880     1.59055e+02
   0.83127     1.54283e+02
   0.84379     1.49708e+02
   0.85630     1.45806e+02
   0.86879     1.42606e+02
   0.88128     1.38463e+02
   0.89378     1.34337e+02
   0.90628     1.30639e+02
   0.91879     1.26944e+02
   0.93128     1.23713e+02
   0.94378     1.20635e+02
   0.95630     1.17585e+02
   0.96878     1.14962e+02
   0.98127     1.11394e+02
   0.99376     1.08740e+02
   1.00625     1.05930e+02
   1.01876     1.02610e+02
   1.03128     1.00644e+02
   1.04378     9.84343e+01
   1.05626     9.53945e+01
   1.06878     9.26646e+01
   1.08130     9.02393e+01
   1.09378     8.81432e+01
   1.10628     8.58990e+01
   1.11877     8.38967e+01
   1.13126     8.13513e+01
   1.14378     7.92188e+01
   1.15629     7.73061e+01
   1.16880     7.54254e+01
   1.18130     7.33435e+01
   1.19378     7.15783e+01
   1.20627     6.96520e+01
   1.21876     6.77622e+01
   1.23127     6.60715e+01
   1.24378     6.44900e+01
   1.25626     6.25688e+01
   1.26874     6.09052e+01
   1.28126     5.92896e+01
   1.29376     5.77983e+01
   1.30627     5.64275e+01
   1.31878     5.44372e+01
   1.33127     5.32644e+01
   1.34376     5.17978e+01
   1.35626     5.03935e+01
   1.36877     4.89731e+01
   1.38126     4.77867e+01
   1.39377     4.62956e+01
   1.40626     4.49393e+01
   1.41876     4.36000e+01
   1.43128     4.23179e+01
   1.44376     4.11769e+01
   1.45626     3.99321e+01
   1.46878     3.89075e+01
   1.48127     3.75919e+01
   1.49375     3.64950e+01
   1.50627     3.54940e+01
   1.51879     3.42250e+01
   1.53128     3.33048e+01
   1.54377     3.22116e+01
   1.55627     3.11362e+01
   1.56876     3.00300e+01
   1.58126     2.91938e+01
   1.59377     2.80574e+01
   1.60627     2.71701e+01
   1.61877     2.60691e+01
   1.63126     2.53454e+01
   1.64377     2.43610e+01
   1.65627     2.34769e+01
   1.66875     2.24933e+01
   1.68125     2.17372e+01
   1.69375     2.08153e+01
   1.70626     2.00002e+01
   1.71876     1.91916e+01
   1.73127     1.83539e+01
   1.74377     1.76152e+01
   1.75628     1.67482e+01
   1.76876     1.59790e+01
   1.78125     1.53415e+01
   1.79375     1.45886e+01
   1.80627     1.38274e+01
   1.81877     1.30882e+01
   1.83126     1.23853e+01
   1.84377     1.16328e+01
   1.85627     1.10206e+01
   1.86877     1.03212e+01
   1.88127     9.66197e+00
   1.89376     9.01484e+00
   1.90627     8.31370e+00
   1.91877     7.74833e+00
   1.93127     7.15075e+00
   1.94377     6.55686e+00
   1.95627     5.95229e+00
   1.96877     5.33779e+00
   1.98126     4.67469e+00
   1.99375     4.19114e+00
   2.00625     3.68454e+00
   2.01875     3.02837e+00
   2.03126     2.49314e+00
   2.04377     1.90922e+00
   2.05627     1.47246e+00
   2.06876     9.48946e-01
   2.08126     5.06952e-01
   2.09376    -4.94470e-02
   2.10626    -5.55053e-01
   2.11877    -1.04902e+00
   2.13126    -1.51024e+00
   2.14377    -2.01008e+00
   2.15626    -2.48875e+00
   2.16875    -2.89212e+00
   2.18126    -3.34233e+00
   2.19376    -3.78972e+00
   2.20626    -4.17364e+00
   2.21876    -4.67541e+00
   2.23126    -5.03083e+00
   2.24376    -5.47881e+00
   2.25626    -5.86863e+00
   2.26876    -6.26204e+00
   2.28127    -6.66632e+00
   2.29377    -7.08020e+00
   2.30626    -7.44722e+00
   2.31876    -7.80726e+00
   2.33127    -8.17651e+00
   2.34377    -8.57605e+00
   2.35626    -8.92381e+00
   2.36877    -9.23515e+00
   2.38126    -9.61490e+00
   2.39375    -9.96921e+00
   2.40626    -1.02628e+01
   2.41875    -1.06319e+01
   2.43125    -1.09241e+01
   2.44376    -1.12659e+01
   2.45626    -1.15486e+01
   2.46877    -1.19019e+01
   2.48127    -1.21934e+01
   2.49376    -1.24574e+01
   2.50625    -1.27841e+01
   2.51875    -1.30761e+01
   2.53126    -1.33410e+01
   2.54376    -1.36338e+01
   2.55626    -1.38815e+01
   2.56876    -1.41549e+01
   2.58126    -1.44294e+01
   2.59377    -1.46647e+01
   2.60626    -1.49280e+01
   2.61876    -1.51879e+01
   2.63126    -1.54191e+01
   2.64376    -1.56703e+01
   2.65626    -1.59018e+01
   2.66876    -1.61444e+01
   2.68126    -1.63702e+01
   2.69376    -1.65935e+01
   2.70626    -1.68013e+01
   2.71876    -1.70364e+01
   2.73126    -1.72528e+01
   2.74376    -1.74440e+01
   2.75626    -1.76572e+01
   2.76877    -1.78704e+01
   2.78127    -1.80488e+01
   2.79377    -1.82553e+01
   2.80626    -1.84302e+01
   2.81875    -1.86111e+01
   2.83126    -1.88146e+01
   2.84377    -1.89941e+01
   2.85627    -1.91685e+01
   2.86876    -1.93284e+01
   2.88127    -1.95048e+01
   2.89377    -1.96753e+01
   2.90626    -1.98291e+01
   2.91876    -1.99944e+01
   2.93126    -2.01430e+01
   2.94376    -2.03033e+01
   2.95626    -2.04484e+01
   2.96876    -2.06132e+01
   2.98126    -2.07416e+01
   2.99376    -2.08719e+01
   3.00625    -2.10310e+01
   3.01875    -2.11542e+01
   3.03125    -2.12965e+01
   3.04376    -2.14162e+01
   3.05626    -2.15497e+01
   3.06876    -2.16684e+01
   3.08126    -2.17789e+01
   3.09376    -2.18935e+01
   3.10626    -2.20150e+01
   3.11876    -2.21219e+01
   3.13126    -2.22360e+01
