# Subtracting SN=    6.90615e+01.
#        k         Pk_0_HI
   0.03175     1.51966e+04
   0.04446     1.10631e+04
   0.05670     9.15241e+03
   0.06913     7.78597e+03
   0.08163     6.42918e+03
   0.09394     5.02187e+03
   0.10633     4.03960e+03
   0.11897     3.60995e+03
   0.13156     3.31919e+03
   0.14405     2.87124e+03
   0.15655     2.41745e+03
   0.16903     2.15326e+03
   0.18145     1.93725e+03
   0.19391     1.79443e+03
   0.20638     1.61344e+03
   0.21880     1.43193e+03
   0.23135     1.32356e+03
   0.24388     1.21453e+03
   0.25638     1.13266e+03
   0.26888     1.04016e+03
   0.28133     9.74598e+02
   0.29385     8.91646e+02
   0.30628     8.43647e+02
   0.31877     7.79953e+02
   0.33129     7.30863e+02
   0.34378     6.93020e+02
   0.35632     6.47300e+02
   0.36883     6.13223e+02
   0.38133     5.75964e+02
   0.39379     5.44895e+02
   0.40628     5.21440e+02
   0.41878     4.90325e+02
   0.43132     4.64392e+02
   0.44381     4.41797e+02
   0.45630     4.21117e+02
   0.46880     4.04227e+02
   0.48130     3.83777e+02
   0.49379     3.66338e+02
   0.50627     3.47212e+02
   0.51878     3.31200e+02
   0.53128     3.18568e+02
   0.54381     3.04057e+02
   0.55628     2.90890e+02
   0.56880     2.79295e+02
   0.58132     2.65206e+02
   0.59381     2.57278e+02
   0.60631     2.46093e+02
   0.61879     2.37246e+02
   0.63131     2.27408e+02
   0.64381     2.18508e+02
   0.65629     2.09201e+02
   0.66878     2.00957e+02
   0.68130     1.93963e+02
   0.69382     1.85611e+02
   0.70631     1.79486e+02
   0.71877     1.73764e+02
   0.73127     1.65784e+02
   0.74379     1.59983e+02
   0.75629     1.54035e+02
   0.76880     1.47907e+02
   0.78130     1.43185e+02
   0.79378     1.37201e+02
   0.80630     1.32543e+02
   0.81880     1.27469e+02
   0.83127     1.22188e+02
   0.84379     1.17674e+02
   0.85630     1.13677e+02
   0.86879     1.09966e+02
   0.88128     1.05408e+02
   0.89378     1.01465e+02
   0.90628     9.68851e+01
   0.91879     9.40547e+01
   0.93128     9.01478e+01
   0.94378     8.67328e+01
   0.95630     8.34288e+01
   0.96878     8.07219e+01
   0.98127     7.73936e+01
   0.99376     7.42547e+01
   1.00625     7.12384e+01
   1.01876     6.84701e+01
   1.03128     6.57460e+01
   1.04378     6.33517e+01
   1.05626     6.07777e+01
   1.06878     5.79520e+01
   1.08130     5.57412e+01
   1.09378     5.31500e+01
   1.10628     5.08158e+01
   1.11877     4.84968e+01
   1.13126     4.64730e+01
   1.14378     4.44839e+01
   1.15629     4.26941e+01
   1.16880     4.04794e+01
   1.18130     3.84379e+01
   1.19378     3.66113e+01
   1.20627     3.47990e+01
   1.21876     3.30031e+01
   1.23127     3.12714e+01
   1.24378     2.95002e+01
   1.25626     2.78080e+01
   1.26874     2.63979e+01
   1.28126     2.44921e+01
   1.29376     2.31503e+01
   1.30627     2.16330e+01
   1.31878     2.03416e+01
   1.33127     1.87753e+01
   1.34376     1.73676e+01
   1.35626     1.61338e+01
   1.36877     1.48192e+01
   1.38126     1.34482e+01
   1.39377     1.22115e+01
   1.40626     1.09696e+01
   1.41876     9.74042e+00
   1.43128     8.52298e+00
   1.44376     7.33273e+00
   1.45626     6.37198e+00
   1.46878     5.38356e+00
   1.48127     4.10392e+00
   1.49375     3.05934e+00
   1.50627     2.31716e+00
   1.51879     1.02515e+00
   1.53128    -4.09962e-02
   1.54377    -8.11171e-01
   1.55627    -1.82171e+00
   1.56876    -2.92492e+00
   1.58126    -3.64343e+00
   1.59377    -4.61503e+00
   1.60627    -5.36203e+00
   1.61877    -6.26983e+00
   1.63126    -7.07078e+00
   1.64377    -7.89926e+00
   1.65627    -8.70639e+00
   1.66875    -9.56994e+00
   1.68125    -1.03242e+01
   1.69375    -1.10236e+01
   1.70626    -1.18136e+01
   1.71876    -1.25665e+01
   1.73127    -1.32613e+01
   1.74377    -1.40187e+01
   1.75628    -1.47335e+01
   1.76876    -1.52973e+01
   1.78125    -1.60122e+01
   1.79375    -1.66981e+01
   1.80627    -1.74050e+01
   1.81877    -1.79165e+01
   1.83126    -1.86627e+01
   1.84377    -1.92773e+01
   1.85627    -1.97892e+01
   1.86877    -2.04372e+01
   1.88127    -2.10179e+01
   1.89376    -2.16533e+01
   1.90627    -2.22362e+01
   1.91877    -2.26834e+01
   1.93127    -2.32376e+01
   1.94377    -2.38514e+01
   1.95627    -2.43996e+01
   1.96877    -2.48815e+01
   1.98126    -2.54090e+01
   1.99375    -2.59323e+01
   2.00625    -2.63539e+01
   2.01875    -2.69890e+01
   2.03126    -2.74085e+01
   2.04377    -2.79306e+01
   2.05627    -2.83897e+01
   2.06876    -2.88239e+01
   2.08126    -2.92874e+01
   2.09376    -2.97624e+01
   2.10626    -3.02447e+01
   2.11877    -3.06244e+01
   2.13126    -3.10827e+01
   2.14377    -3.14686e+01
   2.15626    -3.19494e+01
   2.16875    -3.23287e+01
   2.18126    -3.27892e+01
   2.19376    -3.31947e+01
   2.20626    -3.35653e+01
   2.21876    -3.39674e+01
   2.23126    -3.43629e+01
   2.24376    -3.47254e+01
   2.25626    -3.51202e+01
   2.26876    -3.55031e+01
   2.28127    -3.58511e+01
   2.29377    -3.62013e+01
   2.30626    -3.65592e+01
   2.31876    -3.68985e+01
   2.33127    -3.73094e+01
   2.34377    -3.76304e+01
   2.35626    -3.79713e+01
   2.36877    -3.82777e+01
   2.38126    -3.86301e+01
   2.39375    -3.89333e+01
   2.40626    -3.92350e+01
   2.41875    -3.95647e+01
   2.43125    -3.99349e+01
   2.44376    -4.02029e+01
   2.45626    -4.05128e+01
   2.46877    -4.07965e+01
   2.48127    -4.11518e+01
   2.49376    -4.14037e+01
   2.50625    -4.16638e+01
   2.51875    -4.19765e+01
   2.53126    -4.22495e+01
   2.54376    -4.25030e+01
   2.55626    -4.27962e+01
   2.56876    -4.30567e+01
   2.58126    -4.33399e+01
   2.59377    -4.35935e+01
   2.60626    -4.38590e+01
   2.61876    -4.41123e+01
   2.63126    -4.43711e+01
   2.64376    -4.46031e+01
   2.65626    -4.48636e+01
   2.66876    -4.51060e+01
   2.68126    -4.53582e+01
   2.69376    -4.55470e+01
   2.70626    -4.57772e+01
   2.71876    -4.60137e+01
   2.73126    -4.62328e+01
   2.74376    -4.64749e+01
   2.75626    -4.66723e+01
   2.76877    -4.69058e+01
   2.78127    -4.71044e+01
   2.79377    -4.73275e+01
   2.80626    -4.75355e+01
   2.81875    -4.77202e+01
   2.83126    -4.79036e+01
   2.84377    -4.81248e+01
   2.85627    -4.82909e+01
   2.86876    -4.85015e+01
   2.88127    -4.86965e+01
   2.89377    -4.88682e+01
   2.90626    -4.90442e+01
   2.91876    -4.92203e+01
   2.93126    -4.93815e+01
   2.94376    -4.95756e+01
   2.95626    -4.97470e+01
   2.96876    -4.98885e+01
   2.98126    -5.00666e+01
   2.99376    -5.02253e+01
   3.00625    -5.03779e+01
   3.01875    -5.05225e+01
   3.03125    -5.06813e+01
   3.04376    -5.08222e+01
   3.05626    -5.09924e+01
   3.06876    -5.11371e+01
   3.08126    -5.12566e+01
   3.09376    -5.13995e+01
   3.10626    -5.15501e+01
   3.11876    -5.16902e+01
   3.13126    -5.18199e+01
