# Redshift space power spectrum in mu bins.
# Subtracting SN=    6.90615e+01.
#     k\mu         0.12500         0.37500         0.62500         0.87500
   0.00920     1.12826e+04             nan     1.87525e+04     2.04825e+04
   0.01534     1.40284e+04     1.70190e+04     2.28240e+04     2.67573e+04
   0.02148     1.40368e+04     1.52733e+04     1.90250e+04     2.47732e+04
   0.02761     1.33514e+04     1.46759e+04     1.87984e+04     2.30392e+04
   0.03375     1.14034e+04     1.15212e+04     1.44345e+04     2.04808e+04
   0.03988     9.20501e+03     1.04786e+04     1.28761e+04     1.68176e+04
   0.04602     8.21175e+03     8.75829e+03     1.09769e+04     1.40820e+04
   0.05216     7.37694e+03     8.40502e+03     1.03743e+04     1.30329e+04
   0.05829     6.85468e+03     7.70923e+03     9.20205e+03     1.24467e+04
   0.06443     6.28736e+03     6.98836e+03     8.73725e+03     1.08154e+04
   0.07056     5.97684e+03     6.45903e+03     7.92073e+03     1.02725e+04
   0.07670     5.38916e+03     6.05094e+03     7.25234e+03     9.87632e+03
   0.08283     4.80659e+03     5.36524e+03     6.49264e+03     8.48740e+03
   0.08897     4.18221e+03     4.71751e+03     5.66251e+03     7.48837e+03
   0.09511     3.64995e+03     4.05135e+03     4.99957e+03     6.59381e+03
   0.10124     3.45178e+03     3.83052e+03     4.63289e+03     5.82682e+03
   0.10738     3.09314e+03     3.45913e+03     4.03093e+03     5.42728e+03
   0.11351     2.88888e+03     3.16708e+03     3.94194e+03     5.00842e+03
   0.11965     2.69925e+03     2.98929e+03     3.71395e+03     4.75189e+03
   0.12579     2.64047e+03     3.02092e+03     3.57331e+03     4.75286e+03
   0.13192     2.54889e+03     2.80305e+03     3.45523e+03     4.58379e+03
   0.13806     2.30316e+03     2.61618e+03     3.32345e+03     4.05992e+03
   0.14419     2.21505e+03     2.38361e+03     2.98356e+03     4.00487e+03
   0.15033     1.99588e+03     2.30939e+03     2.71725e+03     3.48289e+03
   0.15647     1.81981e+03     2.07869e+03     2.48303e+03     3.30769e+03
   0.16260     1.71323e+03     1.91160e+03     2.31527e+03     3.01117e+03
   0.16874     1.58338e+03     1.78151e+03     2.26187e+03     3.07254e+03
   0.17487     1.53091e+03     1.71664e+03     2.10036e+03     2.85876e+03
   0.18101     1.44059e+03     1.66389e+03     1.90398e+03     2.69613e+03
   0.18715     1.42435e+03     1.54384e+03     1.91890e+03     2.61947e+03
   0.19328     1.37454e+03     1.55275e+03     1.86899e+03     2.46861e+03
   0.19942     1.30581e+03     1.44175e+03     1.73653e+03     2.35219e+03
   0.20555     1.20921e+03     1.37311e+03     1.64763e+03     2.23371e+03
   0.21169     1.11042e+03     1.32152e+03     1.63766e+03     2.07656e+03
   0.21783     1.09738e+03     1.20909e+03     1.49228e+03     2.03222e+03
   0.22396     1.02204e+03     1.11573e+03     1.43938e+03     1.90117e+03
   0.23010     9.76412e+02     1.10371e+03     1.39565e+03     1.93447e+03
   0.23623     9.47342e+02     1.05760e+03     1.31107e+03     1.79094e+03
   0.24237     8.92139e+02     1.00811e+03     1.22362e+03     1.63814e+03
   0.24850     8.71004e+02     1.00436e+03     1.22164e+03     1.71118e+03
   0.25464     8.54175e+02     9.49452e+02     1.18947e+03     1.63913e+03
   0.26078     8.00594e+02     9.23768e+02     1.13142e+03     1.55258e+03
   0.26691     7.82583e+02     8.60425e+02     1.07823e+03     1.45229e+03
   0.27305     7.59704e+02     8.33809e+02     1.08046e+03     1.38540e+03
   0.27918     7.38745e+02     8.31009e+02     9.80572e+02     1.39513e+03
   0.28532     6.91917e+02     7.87554e+02     1.01229e+03     1.32046e+03
   0.29146     6.61706e+02     7.31876e+02     9.29558e+02     1.27060e+03
   0.29759     6.41715e+02     7.27009e+02     8.98248e+02     1.26661e+03
   0.30373     6.07645e+02     6.93386e+02     8.76984e+02     1.22082e+03
   0.30986     6.03811e+02     6.80250e+02     8.56875e+02     1.18008e+03
   0.31600     5.80747e+02     6.56019e+02     8.09925e+02     1.10373e+03
   0.32214     5.74095e+02     6.31203e+02     7.92431e+02     1.08977e+03
   0.32827     5.46837e+02     6.12102e+02     7.57077e+02     1.05363e+03
   0.33441     5.27552e+02     5.84384e+02     7.49456e+02     1.01481e+03
   0.34054     5.11813e+02     5.81449e+02     6.96668e+02     9.97363e+02
   0.34668     4.88708e+02     5.67759e+02     6.97431e+02     1.00152e+03
   0.35282     4.79421e+02     5.45311e+02     6.58837e+02     9.44980e+02
   0.35895     4.59454e+02     5.28132e+02     6.49268e+02     9.41492e+02
   0.36509     4.52766e+02     5.02200e+02     6.18874e+02     8.73425e+02
   0.37122     4.43698e+02     5.11661e+02     6.33967e+02     8.75169e+02
   0.37736     4.31729e+02     4.88386e+02     5.92024e+02     8.63031e+02
   0.38350     4.04311e+02     4.65911e+02     5.90671e+02     7.97641e+02
   0.38963     4.03219e+02     4.60721e+02     5.56682e+02     7.74588e+02
   0.39577     3.98614e+02     4.44429e+02     5.55017e+02     7.80162e+02
   0.40190     3.77198e+02     4.32551e+02     5.48693e+02     7.65336e+02
   0.40804     3.78998e+02     4.16240e+02     5.26640e+02     7.52229e+02
   0.41417     3.55087e+02     4.03791e+02     5.04730e+02     7.15555e+02
   0.42031     3.57363e+02     3.94425e+02     5.01167e+02     7.12880e+02
   0.42645     3.44518e+02     3.80946e+02     4.89295e+02     6.88543e+02
   0.43258     3.27020e+02     3.65710e+02     4.64494e+02     6.76402e+02
   0.43872     3.19373e+02     3.64978e+02     4.66767e+02     6.65027e+02
   0.44485     3.24703e+02     3.47960e+02     4.53282e+02     6.40749e+02
   0.45099     2.99537e+02     3.54172e+02     4.38474e+02     6.14579e+02
   0.45713     2.98764e+02     3.37424e+02     4.31207e+02     6.17912e+02
   0.46326     3.01144e+02     3.28312e+02     4.15051e+02     6.05082e+02
   0.46940     2.91892e+02     3.27052e+02     4.08455e+02     5.85435e+02
   0.47553     2.83846e+02     3.16080e+02     3.98719e+02     5.71595e+02
   0.48167     2.70488e+02     3.14959e+02     3.92240e+02     5.64862e+02
   0.48781     2.63439e+02     3.00163e+02     3.72882e+02     5.49842e+02
   0.49394     2.62914e+02     2.90484e+02     3.78311e+02     5.39219e+02
   0.50008     2.49962e+02     2.83533e+02     3.59133e+02     5.34465e+02
   0.50621     2.48916e+02     2.78430e+02     3.54257e+02     5.06354e+02
   0.51235     2.43661e+02     2.67738e+02     3.35894e+02     4.99742e+02
   0.51849     2.40846e+02     2.64820e+02     3.41441e+02     4.86587e+02
   0.52462     2.32999e+02     2.58813e+02     3.31392e+02     4.77715e+02
   0.53076     2.23687e+02     2.51621e+02     3.30000e+02     4.67075e+02
   0.53689     2.23927e+02     2.49016e+02     3.14931e+02     4.60498e+02
   0.54303     2.14099e+02     2.40668e+02     3.13532e+02     4.50781e+02
   0.54917     2.10715e+02     2.36465e+02     3.05151e+02     4.44732e+02
   0.55530     2.05834e+02     2.32748e+02     2.96845e+02     4.32554e+02
   0.56144     2.03719e+02     2.26419e+02     2.91913e+02     4.28526e+02
   0.56757     1.94826e+02     2.23753e+02     2.87279e+02     4.14156e+02
   0.57371     1.95122e+02     2.18644e+02     2.74055e+02     4.03047e+02
   0.57984     1.88190e+02     2.11625e+02     2.71382e+02     3.95546e+02
   0.58598     1.83833e+02     2.06779e+02     2.68114e+02     3.84608e+02
   0.59212     1.81257e+02     2.05082e+02     2.64061e+02     3.88005e+02
   0.59825     1.77196e+02     1.98217e+02     2.56571e+02     3.78885e+02
   0.60439     1.75681e+02     1.95833e+02     2.55945e+02     3.66585e+02
   0.61052     1.68653e+02     1.93556e+02     2.47491e+02     3.61659e+02
   0.61666     1.70174e+02     1.88981e+02     2.42797e+02     3.53493e+02
   0.62280     1.63123e+02     1.87066e+02     2.37489e+02     3.48837e+02
   0.62893     1.61643e+02     1.82379e+02     2.31048e+02     3.41889e+02
   0.63507     1.58273e+02     1.76634e+02     2.30258e+02     3.35168e+02
   0.64120     1.55414e+02     1.75413e+02     2.22229e+02     3.30481e+02
   0.64734     1.51330e+02     1.71804e+02     2.16763e+02     3.21381e+02
   0.65348     1.49465e+02     1.67240e+02     2.15349e+02     3.11123e+02
   0.65961     1.44471e+02     1.62874e+02     2.09218e+02     3.09713e+02
   0.66575     1.40902e+02     1.59039e+02     2.06756e+02     3.03460e+02
   0.67188     1.40499e+02     1.56213e+02     2.01810e+02     3.00800e+02
   0.67802     1.37806e+02     1.56991e+02     1.98284e+02     2.93352e+02
   0.68416     1.32942e+02     1.50587e+02     1.97295e+02     2.85311e+02
   0.69029     1.33712e+02     1.49039e+02     1.91106e+02     2.77755e+02
   0.69643     1.28997e+02     1.45006e+02     1.86048e+02     2.77425e+02
   0.70256     1.25736e+02     1.44926e+02     1.84832e+02     2.71187e+02
   0.70870     1.26311e+02     1.37568e+02     1.78292e+02     2.68266e+02
   0.71484     1.21471e+02     1.39394e+02     1.80802e+02     2.63610e+02
   0.72097     1.20901e+02     1.35460e+02     1.75466e+02     2.57093e+02
   0.72711     1.18739e+02     1.31582e+02     1.69504e+02     2.54268e+02
   0.73324     1.13705e+02     1.30635e+02     1.65442e+02     2.44354e+02
   0.73938     1.13773e+02     1.29924e+02     1.63266e+02     2.43663e+02
   0.74551     1.11187e+02     1.23277e+02     1.61701e+02     2.40093e+02
   0.75165     1.10134e+02     1.22058e+02     1.56824e+02     2.39293e+02
   0.75779     1.06798e+02     1.20745e+02     1.55689e+02     2.28660e+02
   0.76392     1.05139e+02     1.18075e+02     1.53052e+02     2.25585e+02
   0.77006     1.02256e+02     1.14460e+02     1.46121e+02     2.21605e+02
   0.77619     1.02040e+02     1.13630e+02     1.46353e+02     2.19018e+02
   0.78233     9.98961e+01     1.10173e+02     1.44684e+02     2.16542e+02
   0.78847     9.92268e+01     1.11405e+02     1.39878e+02     2.10010e+02
   0.79460     9.40805e+01     1.07728e+02     1.41089e+02     2.06234e+02
   0.80074     9.36880e+01     1.05508e+02     1.35705e+02     2.01549e+02
   0.80687     9.19403e+01     1.04418e+02     1.34915e+02     1.98065e+02
   0.81301     9.13135e+01     1.02734e+02     1.30123e+02     1.95561e+02
   0.81915     8.99201e+01     9.90896e+01     1.28196e+02     1.91892e+02
   0.82528     8.76683e+01     9.73512e+01     1.24763e+02     1.89221e+02
   0.83142     8.40775e+01     9.46118e+01     1.21892e+02     1.85844e+02
   0.83755     8.36569e+01     9.44622e+01     1.22388e+02     1.81995e+02
   0.84369     7.97970e+01     9.23791e+01     1.18111e+02     1.79834e+02
   0.84983     8.03951e+01     9.07880e+01     1.15560e+02     1.74099e+02
   0.85596     7.98901e+01     8.77648e+01     1.14110e+02     1.75294e+02
   0.86210     8.01208e+01     8.62144e+01     1.13492e+02     1.70721e+02
   0.86823     7.71461e+01     8.54517e+01     1.10898e+02     1.66253e+02
   0.87437     7.59615e+01     8.33258e+01     1.07838e+02     1.62697e+02
   0.88050     7.46074e+01     8.33600e+01     1.06008e+02     1.60082e+02
   0.88664     7.26779e+01     7.91115e+01     1.03958e+02     1.57350e+02
   0.89278     7.08508e+01     7.83503e+01     1.03475e+02     1.54458e+02
   0.89891     6.92767e+01     7.62473e+01     1.00037e+02     1.53171e+02
   0.90505     6.79451e+01     7.47843e+01     9.62168e+01     1.48627e+02
   0.91118     6.61621e+01     7.48440e+01     9.60586e+01     1.46508e+02
   0.91732     6.51964e+01     7.41449e+01     9.51603e+01     1.44315e+02
   0.92346     6.44398e+01     7.03358e+01     9.34426e+01     1.41429e+02
   0.92959     6.28587e+01     6.87949e+01     9.12675e+01     1.38906e+02
   0.93573     6.23622e+01     6.88820e+01     8.99947e+01     1.36656e+02
   0.94186     6.03489e+01     6.82830e+01     8.83674e+01     1.33123e+02
   0.94800     6.00544e+01     6.53628e+01     8.57510e+01     1.29011e+02
   0.95414     5.91524e+01     6.41226e+01     8.35664e+01     1.28075e+02
   0.96027     5.78059e+01     6.29724e+01     8.39899e+01     1.27392e+02
   0.96641     5.72534e+01     6.23615e+01     8.16072e+01     1.25631e+02
   0.97254     5.42610e+01     5.98681e+01     8.06639e+01     1.22393e+02
   0.97868     5.40089e+01     5.98153e+01     7.78909e+01     1.20173e+02
   0.98482     5.42407e+01     5.90305e+01     7.53030e+01     1.17453e+02
   0.99095     5.31589e+01     5.78658e+01     7.41736e+01     1.15155e+02
   0.99709     5.12064e+01     5.53951e+01     7.37081e+01     1.13626e+02
   1.00322     5.04567e+01     5.48899e+01     7.08333e+01     1.12400e+02
   1.00936     4.91489e+01     5.41799e+01     6.96405e+01     1.08118e+02
   1.01550     4.65448e+01     5.25334e+01     6.91917e+01     1.08395e+02
   1.02163     4.52410e+01     5.25476e+01     6.70437e+01     1.06549e+02
   1.02777     4.60358e+01     5.01684e+01     6.61314e+01     1.01976e+02
   1.03390     4.48695e+01     5.01894e+01     6.58713e+01     1.01078e+02
   1.04004     4.36236e+01     4.92677e+01     6.34106e+01     9.95994e+01
   1.04617     4.31111e+01     4.84997e+01     6.32297e+01     9.80024e+01
   1.05231     4.14877e+01     4.66734e+01     6.08988e+01     9.58060e+01
   1.05845     4.20250e+01     4.57425e+01     5.97322e+01     9.41956e+01
   1.06458     4.05289e+01     4.48557e+01     5.83419e+01     9.18949e+01
   1.07072     3.98894e+01     4.22992e+01     5.72323e+01     9.08464e+01
   1.07685     3.91422e+01     4.24561e+01     5.51452e+01     8.81949e+01
   1.08299     3.81554e+01     4.24758e+01     5.48269e+01     8.79012e+01
   1.08913     3.72742e+01     4.05325e+01     5.28003e+01     8.54338e+01
   1.09526     3.59566e+01     3.91194e+01     5.25885e+01     8.40858e+01
   1.10140     3.48325e+01     3.92057e+01     5.03136e+01     8.20042e+01
   1.10753     3.45552e+01     3.77070e+01     5.06219e+01     7.96740e+01
   1.11367     3.40634e+01     3.71443e+01     4.83737e+01     7.94938e+01
   1.11981     3.31244e+01     3.57653e+01     4.75848e+01     7.67202e+01
   1.12594     3.19848e+01     3.46067e+01     4.58882e+01     7.60673e+01
   1.13208     3.22392e+01     3.34190e+01     4.50113e+01     7.51501e+01
   1.13821     3.02422e+01     3.31981e+01     4.40621e+01     7.40993e+01
   1.14435     2.95421e+01     3.34533e+01     4.36333e+01     7.09409e+01
   1.15049     2.96561e+01     3.23500e+01     4.15421e+01     6.92640e+01
   1.15662     2.88804e+01     3.14964e+01     4.16203e+01     6.90243e+01
   1.16276     2.80003e+01     3.06934e+01     4.01614e+01     6.73794e+01
   1.16889     2.65369e+01     3.00316e+01     3.97193e+01     6.50129e+01
   1.17503     2.70752e+01     2.84220e+01     3.83795e+01     6.42269e+01
   1.18117     2.52647e+01     2.83700e+01     3.70151e+01     6.33897e+01
   1.18730     2.49846e+01     2.68234e+01     3.70464e+01     6.16251e+01
   1.19344     2.38607e+01     2.55851e+01     3.62375e+01     6.07032e+01
   1.19957     2.33132e+01     2.56154e+01     3.44430e+01     6.03989e+01
   1.20571     2.33514e+01     2.40385e+01     3.39529e+01     5.77755e+01
   1.21184     2.18049e+01     2.43987e+01     3.23482e+01     5.69960e+01
   1.21798     2.13618e+01     2.36535e+01     3.18809e+01     5.59064e+01
   1.22412     2.11645e+01     2.22656e+01     3.09977e+01     5.43926e+01
   1.23025     2.01255e+01     2.13970e+01     3.03630e+01     5.33151e+01
   1.23639     2.00192e+01     2.13014e+01     2.95291e+01     5.22535e+01
   1.24252     1.82979e+01     2.06715e+01     2.86443e+01     5.03037e+01
   1.24866     1.85141e+01     1.94204e+01     2.79858e+01     5.01792e+01
   1.25480     1.79087e+01     1.86139e+01     2.70398e+01     4.84978e+01
   1.26093     1.70205e+01     1.82960e+01     2.65232e+01     4.72438e+01
   1.26707     1.62145e+01     1.74918e+01     2.54712e+01     4.67580e+01
   1.27320     1.56741e+01     1.69473e+01     2.43044e+01     4.56342e+01
   1.27934     1.46161e+01     1.67631e+01     2.36970e+01     4.43812e+01
   1.28548     1.41528e+01     1.61208e+01     2.31543e+01     4.29799e+01
   1.29161     1.38852e+01     1.56307e+01     2.19372e+01     4.22149e+01
   1.29775     1.35118e+01     1.43419e+01     2.09295e+01     4.18065e+01
   1.30388     1.36944e+01     1.39301e+01     2.07038e+01     3.92727e+01
   1.31002     1.18975e+01     1.30654e+01     2.00090e+01     3.96318e+01
   1.31616     1.18911e+01     1.31775e+01     1.94221e+01     3.79040e+01
   1.32229     1.16978e+01     1.23724e+01     1.82306e+01     3.76278e+01
   1.32843     1.03936e+01     1.12146e+01     1.82564e+01     3.60779e+01
   1.33456     1.01396e+01     1.17532e+01     1.71575e+01     3.49512e+01
   1.34070     9.72582e+00     1.03336e+01     1.66043e+01     3.38994e+01
   1.34684     1.02447e+01     9.66975e+00     1.57934e+01     3.27854e+01
   1.35297     8.78951e+00     9.46262e+00     1.50295e+01     3.23509e+01
   1.35911     7.90424e+00     9.41123e+00     1.44820e+01     3.19720e+01
   1.36524     7.41356e+00     8.27175e+00     1.44156e+01     3.06863e+01
   1.37138     6.80656e+00     7.61258e+00     1.33073e+01     3.02333e+01
   1.37751     6.72919e+00     7.25818e+00     1.27916e+01     2.84022e+01
   1.38365     6.48512e+00     7.08769e+00     1.21202e+01     2.74781e+01
   1.38979     5.55075e+00     5.97227e+00     1.13534e+01     2.73544e+01
   1.39592     5.38407e+00     5.39327e+00     1.09840e+01     2.61407e+01
   1.40206     4.67513e+00     5.18388e+00     1.05677e+01     2.54886e+01
   1.40819     4.17635e+00     4.35013e+00     9.75278e+00     2.45645e+01
   1.41433     3.41532e+00     3.81963e+00     9.59940e+00     2.40248e+01
   1.42047     3.48810e+00     3.77566e+00     8.30980e+00     2.27351e+01
   1.42660     2.94545e+00     3.13739e+00     7.34304e+00     2.20111e+01
   1.43274     2.70657e+00     2.61503e+00     7.28910e+00     2.12796e+01
   1.43887     1.89552e+00     1.82604e+00     6.62382e+00     2.03800e+01
   1.44501     1.71713e+00     1.47894e+00     5.96036e+00     1.97753e+01
   1.45115     1.03239e+00     9.59149e-01     6.05424e+00     1.92726e+01
   1.45728     7.60337e-01     1.03786e+00     4.85643e+00     1.87168e+01
   1.46342     1.67367e-01     2.83377e-02     4.93303e+00     1.79445e+01
   1.46955     2.19806e-01     1.90981e-01     3.88672e+00     1.75983e+01
   1.47569     7.62242e-01     4.29287e-01     3.31320e+00     1.63320e+01
   1.48183     1.14853e+00     1.22216e+00     2.80070e+00     1.55980e+01
   1.48796     1.33324e+00     1.45724e+00     2.55732e+00     1.51199e+01
   1.49410     1.73178e+00     2.07573e+00     1.98706e+00     1.36932e+01
   1.50023     2.15326e+00     2.10291e+00     2.02474e+00     1.32585e+01
   1.50637     2.48209e+00     2.77399e+00     4.21570e-01     1.35431e+01
   1.51251     3.19542e+00     3.39147e+00     6.77742e-01     1.25046e+01
   1.51864     3.32980e+00     3.86185e+00     1.39648e-01     1.14712e+01
   1.52478     4.24967e+00     4.23877e+00     4.74761e-01     1.10549e+01
   1.53091     3.81742e+00     4.74959e+00     1.30751e+00     1.02055e+01
   1.53705     4.68030e+00     4.98263e+00     1.76131e+00     9.36621e+00
   1.54318     5.04145e+00     5.45467e+00     2.11753e+00     9.52838e+00
   1.54932     5.37831e+00     5.65437e+00     2.33799e+00     8.56761e+00
   1.55546     6.07342e+00     6.02304e+00     2.76255e+00     7.91147e+00
   1.56159     5.99858e+00     6.81671e+00     3.39752e+00     6.90116e+00
   1.56773     6.21533e+00     7.33118e+00     4.23827e+00     6.39020e+00
   1.57386     6.94579e+00     7.53037e+00     4.43686e+00     5.75053e+00
   1.58000     7.23663e+00     7.63057e+00     4.93036e+00     5.55727e+00
   1.58614     7.72899e+00     8.19773e+00     4.96533e+00     5.23757e+00
   1.59227     8.25549e+00     8.53806e+00     5.42546e+00     3.97573e+00
   1.59841     8.61857e+00     8.94411e+00     5.74432e+00     3.69357e+00
   1.60454     8.69398e+00     9.40572e+00     6.14067e+00     3.34156e+00
   1.61068     9.13015e+00     9.69261e+00     6.25770e+00     2.46622e+00
   1.61682     9.65198e+00     1.00952e+01     7.08967e+00     2.09429e+00
   1.62295     9.59997e+00     1.03692e+01     7.74565e+00     1.54692e+00
   1.62909     1.04991e+01     1.06976e+01     8.09940e+00     1.25347e+00
   1.63522     1.03804e+01     1.11755e+01     7.89674e+00     3.50234e-01
   1.64136     1.07308e+01     1.10365e+01     8.64357e+00     9.57589e-02
   1.64750     1.11495e+01     1.16606e+01     9.39551e+00     6.51482e-01
   1.65363     1.16048e+01     1.22571e+01     9.54088e+00     1.12811e+00
   1.65977     1.18143e+01     1.23543e+01     9.87606e+00     1.44643e+00
   1.66590     1.22792e+01     1.27959e+01     1.02428e+01     2.06514e+00
   1.67204     1.26526e+01     1.33980e+01     1.05142e+01     2.67709e+00
   1.67817     1.26722e+01     1.34697e+01     1.11772e+01     2.79469e+00
   1.68431     1.35087e+01     1.38086e+01     1.15059e+01     3.50790e+00
   1.69045     1.32942e+01     1.42558e+01     1.20218e+01     3.64048e+00
   1.69658     1.38459e+01     1.45082e+01     1.21406e+01     4.46901e+00
   1.70272     1.42128e+01     1.48229e+01     1.24788e+01     4.84297e+00
   1.70885     1.44754e+01     1.52084e+01     1.28554e+01     5.29903e+00
   1.71499     1.46549e+01     1.52821e+01     1.33245e+01     6.07861e+00
   1.72113     1.52039e+01     1.58639e+01     1.38486e+01     6.10678e+00
   1.72726     1.56193e+01     1.61329e+01     1.40034e+01     6.50301e+00
   1.73340     1.55937e+01     1.63392e+01     1.41979e+01     7.18817e+00
   1.73953     1.60804e+01     1.68155e+01     1.44564e+01     7.62716e+00
   1.74567     1.64432e+01     1.70092e+01     1.50472e+01     8.06651e+00
   1.75181     1.67347e+01     1.75873e+01     1.52999e+01     8.23858e+00
   1.75794     1.69217e+01     1.76132e+01     1.59010e+01     8.80772e+00
   1.76408     1.72627e+01     1.81242e+01     1.61728e+01     9.07157e+00
   1.77021     1.75586e+01     1.80035e+01     1.61402e+01     9.38176e+00
   1.77635     1.78596e+01     1.85206e+01     1.66862e+01     1.00155e+01
   1.78249     1.80994e+01     1.87705e+01     1.69323e+01     1.04951e+01
   1.78862     1.83248e+01     1.90003e+01     1.75009e+01     1.07445e+01
   1.79476     1.87324e+01     1.94694e+01     1.72636e+01     1.12612e+01
   1.80089     1.88325e+01     1.98900e+01     1.80274e+01     1.20110e+01
   1.80703     1.93415e+01     2.02109e+01     1.83254e+01     1.19805e+01
   1.81317     1.95357e+01     2.03343e+01     1.85857e+01     1.22762e+01
   1.81930     1.95428e+01     2.07287e+01     1.86904e+01     1.27640e+01
   1.82544     2.00182e+01     2.09233e+01     1.92390e+01     1.31947e+01
   1.83157     2.02295e+01     2.09145e+01     1.95904e+01     1.38950e+01
   1.83771     2.06241e+01     2.14438e+01     1.98374e+01     1.39057e+01
   1.84384     2.10422e+01     2.18650e+01     2.01130e+01     1.41648e+01
   1.84998     2.12698e+01     2.19376e+01     2.03204e+01     1.46205e+01
   1.85612     2.13100e+01     2.21990e+01     2.06270e+01     1.52543e+01
   1.86225     2.17196e+01     2.23539e+01     2.09693e+01     1.51618e+01
   1.86839     2.18287e+01     2.28969e+01     2.11621e+01     1.55569e+01
   1.87452     2.22049e+01     2.30396e+01     2.16168e+01     1.62752e+01
   1.88066     2.23914e+01     2.32371e+01     2.16622e+01     1.65344e+01
   1.88680     2.24941e+01     2.35176e+01     2.21936e+01     1.67974e+01
   1.89293     2.30737e+01     2.39215e+01     2.25019e+01     1.71325e+01
   1.89907     2.30389e+01     2.40750e+01     2.26798e+01     1.76504e+01
   1.90520     2.34628e+01     2.43068e+01     2.30927e+01     1.78449e+01
   1.91134     2.38546e+01     2.46845e+01     2.31058e+01     1.82753e+01
   1.91748     2.39634e+01     2.49261e+01     2.33786e+01     1.84298e+01
   1.92361     2.38981e+01     2.51080e+01     2.37942e+01     1.85840e+01
   1.92975     2.43894e+01     2.52360e+01     2.38622e+01     1.90840e+01
   1.93588     2.46632e+01     2.53839e+01     2.43598e+01     1.95456e+01
   1.94202     2.48286e+01     2.56737e+01     2.45493e+01     1.98174e+01
   1.94816     2.50709e+01     2.60661e+01     2.49562e+01     2.02673e+01
   1.95429     2.53767e+01     2.63374e+01     2.52331e+01     2.04726e+01
   1.96043     2.56298e+01     2.64551e+01     2.52889e+01     2.06671e+01
   1.96656     2.58881e+01     2.67027e+01     2.55023e+01     2.10906e+01
   1.97270     2.62027e+01     2.71061e+01     2.57916e+01     2.11973e+01
   1.97884     2.62837e+01     2.71455e+01     2.60820e+01     2.17132e+01
   1.98497     2.66475e+01     2.75604e+01     2.62142e+01     2.19409e+01
   1.99111     2.69949e+01     2.75828e+01     2.65465e+01     2.21312e+01
   1.99724     2.71554e+01     2.77050e+01     2.67479e+01     2.26671e+01
   2.00338     2.70329e+01     2.80987e+01     2.71246e+01     2.27638e+01
   2.00951     2.73582e+01     2.82249e+01     2.71397e+01     2.31173e+01
   2.01565     2.78982e+01     2.84699e+01     2.75418e+01     2.34152e+01
   2.02179     2.80831e+01     2.88719e+01     2.78694e+01     2.37537e+01
   2.02792     2.79885e+01     2.91221e+01     2.79908e+01     2.39890e+01
   2.03406     2.82457e+01     2.93186e+01     2.81811e+01     2.43390e+01
   2.04019     2.86293e+01     2.93263e+01     2.87303e+01     2.45100e+01
   2.04633     2.87771e+01     2.97517e+01     2.88717e+01     2.47347e+01
   2.05247     2.89357e+01     2.98090e+01     2.89120e+01     2.51569e+01
   2.05860     2.93241e+01     3.00849e+01     2.93155e+01     2.54092e+01
   2.06474     2.93823e+01     3.02413e+01     2.93993e+01     2.55092e+01
   2.07087     2.96082e+01     3.05239e+01     2.95610e+01     2.59983e+01
   2.07701     2.97798e+01     3.05899e+01     2.97820e+01     2.61396e+01
   2.08315     2.99446e+01     3.09512e+01     3.01442e+01     2.65262e+01
   2.08928     3.00321e+01     3.12540e+01     3.03392e+01     2.68323e+01
   2.09542     3.04073e+01     3.14360e+01     3.04651e+01     2.69387e+01
   2.10155     3.06201e+01     3.14896e+01     3.07290e+01     2.73493e+01
   2.10769     3.08841e+01     3.16858e+01     3.11500e+01     2.74130e+01
   2.11383     3.10437e+01     3.19887e+01     3.13120e+01     2.77921e+01
   2.11996     3.11823e+01     3.22619e+01     3.13950e+01     2.79910e+01
   2.12610     3.14928e+01     3.21710e+01     3.15584e+01     2.81447e+01
   2.13223     3.16310e+01     3.25348e+01     3.18181e+01     2.84850e+01
   2.13837     3.18583e+01     3.27827e+01     3.19873e+01     2.86154e+01
   2.14451     3.20025e+01     3.27840e+01     3.22237e+01     2.88572e+01
   2.15064     3.20659e+01     3.32039e+01     3.25709e+01     2.92626e+01
   2.15678     3.24635e+01     3.31391e+01     3.27659e+01     2.94682e+01
   2.16291     3.26163e+01     3.34661e+01     3.28740e+01     2.95668e+01
   2.16905     3.27895e+01     3.36317e+01     3.30194e+01     2.97717e+01
   2.17518     3.29931e+01     3.38651e+01     3.33816e+01     3.03406e+01
   2.18132     3.31927e+01     3.40313e+01     3.34753e+01     3.03362e+01
   2.18746     3.35404e+01     3.42894e+01     3.36539e+01     3.04907e+01
   2.19359     3.36597e+01     3.43553e+01     3.39695e+01     3.07352e+01
   2.19973     3.38679e+01     3.44498e+01     3.41234e+01     3.09367e+01
   2.20586     3.40238e+01     3.49261e+01     3.42086e+01     3.12795e+01
   2.21200     3.40241e+01     3.49028e+01     3.43428e+01     3.15292e+01
   2.21814     3.43700e+01     3.51980e+01     3.47242e+01     3.16003e+01
   2.22427     3.43405e+01     3.52562e+01     3.48513e+01     3.18433e+01
   2.23041     3.46052e+01     3.55654e+01     3.50481e+01     3.21815e+01
   2.23654     3.47844e+01     3.57154e+01     3.52759e+01     3.23733e+01
   2.24268     3.49804e+01     3.58934e+01     3.54663e+01     3.26517e+01
   2.24882     3.50704e+01     3.60487e+01     3.57014e+01     3.26499e+01
   2.25495     3.52734e+01     3.61921e+01     3.58832e+01     3.29699e+01
   2.26109     3.55726e+01     3.64551e+01     3.59741e+01     3.30316e+01
   2.26722     3.56244e+01     3.65070e+01     3.62291e+01     3.33422e+01
   2.27336     3.58818e+01     3.67868e+01     3.63741e+01     3.36084e+01
   2.27950     3.61007e+01     3.68876e+01     3.66285e+01     3.37057e+01
   2.28563     3.60971e+01     3.70658e+01     3.67177e+01     3.38986e+01
   2.29177     3.64308e+01     3.71983e+01     3.69189e+01     3.41206e+01
   2.29790     3.64673e+01     3.74136e+01     3.71061e+01     3.42564e+01
   2.30404     3.67047e+01     3.76042e+01     3.72700e+01     3.44209e+01
   2.31018     3.68162e+01     3.75718e+01     3.74251e+01     3.46811e+01
   2.31631     3.69829e+01     3.78702e+01     3.76358e+01     3.49141e+01
   2.32245     3.71998e+01     3.79732e+01     3.77622e+01     3.50774e+01
   2.32858     3.73125e+01     3.82189e+01     3.79393e+01     3.53996e+01
   2.33472     3.74636e+01     3.84763e+01     3.81779e+01     3.55608e+01
   2.34085     3.75710e+01     3.86155e+01     3.83889e+01     3.57994e+01
   2.34699     3.77989e+01     3.87025e+01     3.82745e+01     3.59222e+01
   2.35313     3.80673e+01     3.88854e+01     3.86507e+01     3.60209e+01
   2.35926     3.80718e+01     3.90001e+01     3.88117e+01     3.62807e+01
   2.36540     3.82294e+01     3.92629e+01     3.89014e+01     3.64193e+01
   2.37153     3.83861e+01     3.93220e+01     3.90534e+01     3.65720e+01
   2.37767     3.86543e+01     3.95106e+01     3.93569e+01     3.67307e+01
   2.38381     3.87451e+01     3.95912e+01     3.94952e+01     3.68586e+01
   2.38994     3.88299e+01     3.97413e+01     3.95452e+01     3.70897e+01
   2.39608     3.89603e+01     3.99744e+01     3.97703e+01     3.72644e+01
   2.40221     3.91515e+01     4.00309e+01     3.99093e+01     3.73224e+01
   2.40835     3.93461e+01     4.03526e+01     4.00174e+01     3.76898e+01
   2.41449     3.94195e+01     4.03577e+01     4.02920e+01     3.78505e+01
   2.42062     3.94828e+01     4.05710e+01     4.04285e+01     3.79111e+01
   2.42676     3.97182e+01     4.06716e+01     4.05801e+01     3.81793e+01
   2.43289     4.00058e+01     4.08565e+01     4.07629e+01     3.83038e+01
   2.43903     4.00231e+01     4.11000e+01     4.09368e+01     3.84874e+01
   2.44517     4.01250e+01     4.11053e+01     4.10302e+01     3.85998e+01
   2.45130     4.02857e+01     4.12631e+01     4.11860e+01     3.88196e+01
   2.45744     4.04888e+01     4.13840e+01     4.13128e+01     3.88814e+01
   2.46357     4.05477e+01     4.14931e+01     4.15113e+01     3.90879e+01
   2.46971     4.05936e+01     4.17278e+01     4.17058e+01     3.92330e+01
   2.47584     4.08697e+01     4.19271e+01     4.19080e+01     3.94682e+01
   2.48198     4.09737e+01     4.20727e+01     4.19987e+01     3.96619e+01
   2.48812     4.10697e+01     4.21214e+01     4.21153e+01     3.97310e+01
   2.49425     4.13084e+01     4.22129e+01     4.21922e+01     3.99656e+01
   2.50039     4.13107e+01     4.22748e+01     4.24110e+01     4.01004e+01
   2.50652     4.15339e+01     4.25479e+01     4.25517e+01     4.01661e+01
   2.51266     4.15660e+01     4.26528e+01     4.27275e+01     4.03729e+01
   2.51880     4.17948e+01     4.27393e+01     4.29356e+01     4.04293e+01
   2.52493     4.18300e+01     4.28529e+01     4.29735e+01     4.07347e+01
   2.53107     4.19492e+01     4.30529e+01     4.32249e+01     4.08287e+01
   2.53720     4.21526e+01     4.31156e+01     4.32646e+01     4.09309e+01
   2.54334     4.22463e+01     4.32379e+01     4.34225e+01     4.10645e+01
   2.54948     4.24011e+01     4.33658e+01     4.35753e+01     4.12742e+01
   2.55561     4.24847e+01     4.35356e+01     4.37575e+01     4.13463e+01
   2.56175     4.25933e+01     4.35875e+01     4.38144e+01     4.15180e+01
   2.56788     4.27338e+01     4.38481e+01     4.39565e+01     4.16689e+01
   2.57402     4.29000e+01     4.39416e+01     4.41557e+01     4.17623e+01
   2.58016     4.29649e+01     4.40527e+01     4.42219e+01     4.19336e+01
   2.58629     4.32009e+01     4.41449e+01     4.43993e+01     4.21311e+01
   2.59243     4.31534e+01     4.42854e+01     4.46012e+01     4.22693e+01
   2.59856     4.33157e+01     4.43208e+01     4.46407e+01     4.23459e+01
   2.60470     4.34735e+01     4.46024e+01     4.47883e+01     4.24884e+01
   2.61084     4.35664e+01     4.45988e+01     4.49541e+01     4.26090e+01
   2.61697     4.37289e+01     4.48167e+01     4.49981e+01     4.27618e+01
   2.62311     4.38250e+01     4.48694e+01     4.52236e+01     4.29174e+01
   2.62924     4.39033e+01     4.49941e+01     4.53624e+01     4.30501e+01
   2.63538     4.40301e+01     4.50963e+01     4.55142e+01     4.31343e+01
   2.64151     4.41232e+01     4.52338e+01     4.56060e+01     4.32664e+01
   2.64765     4.42855e+01     4.53869e+01     4.57465e+01     4.34012e+01
   2.65379     4.43506e+01     4.54628e+01     4.58628e+01     4.35192e+01
   2.65992     4.44819e+01     4.55946e+01     4.60305e+01     4.36717e+01
   2.66606     4.45656e+01     4.56885e+01     4.61140e+01     4.38137e+01
   2.67219     4.47172e+01     4.58186e+01     4.62066e+01     4.39518e+01
   2.67833     4.48805e+01     4.59746e+01     4.63613e+01     4.39796e+01
   2.68447     4.49289e+01     4.60908e+01     4.65111e+01     4.41688e+01
   2.69060     4.50238e+01     4.61245e+01     4.65618e+01     4.42066e+01
   2.69674     4.51602e+01     4.62373e+01     4.67027e+01     4.43600e+01
   2.70287     4.51160e+01     4.64517e+01     4.67736e+01     4.45467e+01
   2.70901     4.52778e+01     4.64325e+01     4.69516e+01     4.46195e+01
   2.71515     4.54036e+01     4.66394e+01     4.70396e+01     4.47592e+01
   2.72128     4.54865e+01     4.66123e+01     4.72091e+01     4.48640e+01
   2.72742     4.55614e+01     4.66972e+01     4.73278e+01     4.48899e+01
   2.73355     4.57577e+01     4.68924e+01     4.75336e+01     4.50630e+01
   2.73969     4.58741e+01     4.70070e+01     4.76079e+01     4.52116e+01
   2.74583     4.58991e+01     4.71631e+01     4.76738e+01     4.52756e+01
   2.75196     4.59601e+01     4.72154e+01     4.77660e+01     4.54036e+01
   2.75810     4.61115e+01     4.73224e+01     4.79164e+01     4.55416e+01
   2.76423     4.61820e+01     4.74074e+01     4.80236e+01     4.56131e+01
   2.77037     4.62587e+01     4.75428e+01     4.81338e+01     4.57796e+01
   2.77651     4.63365e+01     4.76631e+01     4.82779e+01     4.58026e+01
   2.78264     4.64381e+01     4.77290e+01     4.84536e+01     4.59201e+01
   2.78878     4.65962e+01     4.78826e+01     4.85276e+01     4.61403e+01
   2.79491     4.66487e+01     4.78752e+01     4.86051e+01     4.61311e+01
   2.80105     4.67649e+01     4.79875e+01     4.87863e+01     4.62265e+01
   2.80718     4.68166e+01     4.81158e+01     4.89120e+01     4.63983e+01
   2.81332     4.69085e+01     4.82478e+01     4.89927e+01     4.64063e+01
   2.81946     4.70005e+01     4.82976e+01     4.90539e+01     4.65590e+01
   2.82559     4.70283e+01     4.84480e+01     4.91417e+01     4.66563e+01
   2.83173     4.71074e+01     4.84665e+01     4.92881e+01     4.67710e+01
   2.83786     4.72425e+01     4.86623e+01     4.93662e+01     4.67715e+01
   2.84400     4.73765e+01     4.87250e+01     4.95231e+01     4.69301e+01
   2.85014     4.74457e+01     4.87798e+01     4.95624e+01     4.70755e+01
   2.85627     4.74159e+01     4.88777e+01     4.97672e+01     4.71357e+01
   2.86241     4.75985e+01     4.89440e+01     4.97554e+01     4.72162e+01
   2.86854     4.76702e+01     4.91227e+01     4.99129e+01     4.73140e+01
   2.87468     4.77570e+01     4.91450e+01     5.00141e+01     4.73860e+01
   2.88082     4.78672e+01     4.92859e+01     5.01160e+01     4.75513e+01
   2.88695     4.78611e+01     4.93311e+01     5.02465e+01     4.76350e+01
   2.89309     4.79337e+01     4.94987e+01     5.03334e+01     4.76890e+01
   2.89922     4.80508e+01     4.95556e+01     5.03825e+01     4.77978e+01
   2.90536     4.81208e+01     4.96246e+01     5.05095e+01     4.78576e+01
   2.91150     4.81651e+01     4.96655e+01     5.06525e+01     4.79655e+01
   2.91763     4.82580e+01     4.97236e+01     5.07045e+01     4.80388e+01
   2.92377     4.84185e+01     4.98785e+01     5.08487e+01     4.81219e+01
   2.92990     4.83511e+01     4.99421e+01     5.09103e+01     4.82168e+01
   2.93604     4.85301e+01     5.00109e+01     5.10412e+01     4.83247e+01
   2.94218     4.85755e+01     5.01116e+01     5.11262e+01     4.83512e+01
   2.94831     4.86044e+01     5.02047e+01     5.12039e+01     4.85032e+01
   2.95445     4.87603e+01     5.03012e+01     5.13607e+01     4.85536e+01
   2.96058     4.87967e+01     5.03632e+01     5.13814e+01     4.85822e+01
   2.96672     4.87418e+01     5.04350e+01     5.15273e+01     4.87132e+01
   2.97285     4.88701e+01     5.05464e+01     5.16001e+01     4.87590e+01
   2.97899     4.89903e+01     5.05963e+01     5.16835e+01     4.88613e+01
   2.98513     4.90769e+01     5.07014e+01     5.17984e+01     4.89613e+01
   2.99126     4.90806e+01     5.07986e+01     5.18710e+01     4.90317e+01
   2.99740     4.91290e+01     5.08353e+01     5.20138e+01     4.90632e+01
   3.00353     4.92038e+01     5.09311e+01     5.20738e+01     4.91832e+01
   3.00967     4.92989e+01     5.09674e+01     5.21608e+01     4.92524e+01
   3.01581     4.93151e+01     5.10103e+01     5.22643e+01     4.93412e+01
   3.02194     4.94138e+01     5.11452e+01     5.23364e+01     4.93667e+01
   3.02808     4.94664e+01     5.12078e+01     5.24433e+01     4.94877e+01
   3.03421     4.95538e+01     5.13070e+01     5.25029e+01     4.94918e+01
   3.04035     4.95212e+01     5.13193e+01     5.26336e+01     4.96137e+01
   3.04649     4.96007e+01     5.14378e+01     5.27072e+01     4.96757e+01
   3.05262     4.97158e+01     5.15129e+01     5.27847e+01     4.98014e+01
   3.05876     4.97710e+01     5.15519e+01     5.28892e+01     4.98621e+01
   3.06489     4.98094e+01     5.16756e+01     5.29973e+01     4.98853e+01
   3.07103     4.98605e+01     5.17372e+01     5.30748e+01     4.99809e+01
   3.07717     4.98909e+01     5.18578e+01     5.31175e+01     4.99785e+01
   3.08330     5.00056e+01     5.18403e+01     5.32306e+01     5.00389e+01
   3.08944     5.00085e+01     5.19170e+01     5.33090e+01     5.01758e+01
   3.09557     5.00987e+01     5.19783e+01     5.34614e+01     5.01839e+01
   3.10171     5.01746e+01     5.20684e+01     5.34602e+01     5.02793e+01
   3.10785     5.01967e+01     5.21031e+01     5.35875e+01     5.03709e+01
   3.11398     5.02293e+01     5.22251e+01     5.36940e+01     5.04368e+01
   3.12012     5.02796e+01     5.23087e+01     5.37789e+01     5.04469e+01
   3.12625     5.03756e+01     5.23320e+01     5.38231e+01     5.05285e+01
   3.13239     5.03998e+01     5.24085e+01     5.38845e+01     5.06134e+01
   3.13852     5.04868e+01     5.24516e+01     5.39681e+01     5.06193e+01
