# ix, iy, iz, dm, h1fid, h1new, lum, uv
0 0 0 1.48535e+06 1.29337e+11 1.28655e+11 5.06082e+11 1.60675e+12
0 0 1 1.42312e+06 1.16428e+11 1.15407e+11 5.02711e+11 1.62535e+12
0 0 2 1.31932e+06 9.98644e+10 9.84222e+10 7.72665e+11 1.63513e+12
0 0 3 1.39058e+06 1.13262e+11 1.12110e+11 7.78929e+11 1.62768e+12
0 0 4 1.25436e+06 8.77703e+10 8.70410e+10 6.06891e+11 1.61218e+12
0 0 5 1.25136e+06 8.33903e+10 8.30432e+10 5.04048e+11 1.59878e+12
0 0 6 1.14369e+06 6.84464e+10 6.82790e+10 4.73664e+11 1.59748e+12
0 0 7 1.14194e+06 6.90655e+10 6.90276e+10 3.13746e+11 1.58923e+12
0 1 0 1.43980e+06 1.25641e+11 1.25175e+11 5.62153e+11 1.60111e+12
0 1 1 1.25634e+06 8.89865e+10 8.86033e+10 3.45457e+11 1.60500e+12
0 1 2 1.45135e+06 1.20876e+11 1.18939e+11 1.09022e+12 1.65033e+12
0 1 3 1.35706e+06 1.05629e+11 1.04318e+11 8.36913e+11 1.62469e+12
0 1 4 1.28158e+06 9.25228e+10 9.24092e+10 3.60373e+11 1.59566e+12
0 1 5 1.39875e+06 1.16210e+11 1.15215e+11 8.97648e+11 1.61406e+12
0 1 6 1.41638e+06 1.19055e+11 1.17885e+11 9.04559e+11 1.61907e+12
0 1 7 1.36985e+06 1.08354e+11 1.07981e+11 5.78957e+11 1.59857e+12
0 2 0 1.33790e+06 1.04242e+11 1.04081e+11 5.41879e+11 1.59718e+12
0 2 1 1.26115e+06 9.07422e+10 9.06376e+10 3.60986e+11 1.59180e+12
0 2 2 1.28705e+06 9.44097e+10 9.40151e+10 5.66688e+11 1.60084e+12
0 2 3 1.19886e+06 7.64360e+10 7.64446e+10 3.14148e+11 1.59067e+12
0 2 4 1.07106e+06 5.67984e+10 5.68491e+10 2.93437e+11 1.58488e+12
0 2 5 1.31163e+06 9.70179e+10 9.65092e+10 5.23833e+11 1.60561e+12
0 2 6 1.62232e+06 1.55390e+11 1.53639e+11 1.00472e+12 1.61860e+12
0 2 7 1.11855e+06 6.94853e+10 6.94512e+10 2.88184e+11 1.58556e+12
0 3 0 1.24049e+06 8.48806e+10 8.47338e+10 4.30445e+11 1.59058e+12
0 3 1 1.32317e+06 9.99733e+10 9.97632e+10 4.47129e+11 1.59731e+12
0 3 2 1.10396e+06 6.06042e+10 6.06603e+10 3.00560e+11 1.58664e+12
0 3 3 1.26793e+06 8.99693e+10 8.99572e+10 4.58194e+11 1.58702e+12
0 3 4 1.20704e+06 8.11105e+10 8.12585e+10 2.46345e+11 1.58142e+12
0 3 5 1.50945e+06 1.37220e+11 1.36616e+11 6.65562e+11 1.60223e+12
0 3 6 1.25516e+06 8.90565e+10 8.86177e+10 6.53304e+11 1.60508e+12
0 3 7 1.09585e+06 6.35629e+10 6.37144e+10 2.52956e+11 1.58054e+12
0 4 0 1.49136e+06 1.35822e+11 1.35503e+11 4.64562e+11 1.59699e+12
0 4 1 1.40262e+06 1.15701e+11 1.14631e+11 7.00162e+11 1.62285e+12
0 4 2 1.26448e+06 9.21796e+10 9.19854e+10 3.35432e+11 1.59485e+12
0 4 3 1.53524e+06 1.40725e+11 1.39532e+11 9.79183e+11 1.61928e+12
0 4 4 1.31540e+06 9.84644e+10 9.82029e+10 3.75169e+11 1.59894e+12
0 4 5 1.38392e+06 1.11163e+11 1.10629e+11 6.07974e+11 1.59906e+12
0 4 6 1.23348e+06 8.37946e+10 8.36812e+10 4.33714e+11 1.59278e+12
0 4 7 1.23299e+06 8.26350e+10 8.25853e+10 4.35497e+11 1.58863e+12
0 5 0 1.27680e+06 9.13828e+10 9.14387e+10 3.40221e+11 1.58788e+12
0 5 1 1.36921e+06 1.09117e+11 1.08509e+11 4.96763e+11 1.61080e+12
0 5 2 1.61152e+06 1.58595e+11 1.56923e+11 7.07935e+11 1.62839e+12
0 5 3 1.45555e+06 1.28260e+11 1.27513e+11 5.30053e+11 1.60812e+12
0 5 4 1.27120e+06 9.07705e+10 9.03477e+10 5.68427e+11 1.60656e+12
0 5 5 1.33630e+06 1.06299e+11 1.05514e+11 6.85959e+11 1.60379e+12
0 5 6 1.03470e+06 5.28889e+10 5.29871e+10 2.80198e+11 1.58239e+12
0 5 7 1.20918e+06 8.31088e+10 8.28983e+10 4.82632e+11 1.58666e+12
0 6 0 1.36576e+06 1.12861e+11 1.12751e+11 3.16535e+11 1.59525e+12
0 6 1 1.49254e+06 1.28333e+11 1.26716e+11 6.38198e+11 1.63575e+12
0 6 2 1.62359e+06 1.56492e+11 1.53464e+11 1.74627e+12 1.65985e+12
0 6 3 1.30795e+06 9.94537e+10 9.89091e+10 4.89147e+11 1.60652e+12
0 6 4 1.33563e+06 1.01385e+11 1.00756e+11 7.15485e+11 1.61377e+12
0 6 5 1.25280e+06 8.84213e+10 8.77551e+10 5.89420e+11 1.61346e+12
0 6 6 1.20636e+06 8.06012e+10 8.05768e+10 3.16180e+11 1.58705e+12
0 6 7 1.28740e+06 9.43739e+10 9.45537e+10 3.48396e+11 1.58395e+12
0 7 0 1.73042e+06 1.80437e+11 1.77880e+11 8.92814e+11 1.62513e+12
0 7 1 1.37851e+06 1.07781e+11 1.06513e+11 6.78612e+11 1.63067e+12
0 7 2 1.60469e+06 1.51536e+11 1.50324e+11 5.49218e+11 1.62499e+12
0 7 3 1.22454e+06 8.28148e+10 8.24247e+10 3.56288e+11 1.60922e+12
0 7 4 1.49212e+06 1.31084e+11 1.30285e+11 5.60967e+11 1.61450e+12
0 7 5 1.46252e+06 1.27331e+11 1.26355e+11 6.70153e+11 1.61751e+12
0 7 6 1.43614e+06 1.20386e+11 1.19869e+11 5.54081e+11 1.60740e+12
0 7 7 1.29444e+06 9.25129e+10 9.21872e+10 7.62542e+11 1.60290e+12
1 0 0 1.16927e+06 7.41386e+10 7.42731e+10 2.46651e+11 1.58427e+12
1 0 1 1.63465e+06 1.61777e+11 1.60251e+11 9.24092e+11 1.62729e+12
1 0 2 1.52590e+06 1.42128e+11 1.38501e+11 1.34147e+12 1.67389e+12
1 0 3 1.62377e+06 1.54088e+11 1.51155e+11 1.12035e+12 1.66806e+12
1 0 4 1.42956e+06 1.19803e+11 1.18625e+11 6.22616e+11 1.62473e+12
1 0 5 1.20797e+06 8.17100e+10 8.12687e+10 4.61041e+11 1.59766e+12
1 0 6 1.02405e+06 5.21988e+10 5.19312e+10 6.12305e+11 1.59456e+12
1 0 7 1.21126e+06 8.12175e+10 8.11300e+10 4.70204e+11 1.59073e+12
1 1 0 1.32734e+06 1.00399e+11 1.00190e+11 5.13883e+11 1.59359e+12
1 1 1 1.29683e+06 9.31144e+10 9.27451e+10 4.01406e+11 1.60730e+12
1 1 2 1.63270e+06 1.61628e+11 1.59648e+11 8.67661e+11 1.63482e+12
1 1 3 1.44996e+06 1.20552e+11 1.19805e+11 4.51519e+11 1.61942e+12
1 1 4 1.26671e+06 8.94899e+10 8.93828e+10 4.00124e+11 1.59411e+12
1 1 5 1.31418e+06 1.00445e+11 1.00344e+11 4.03509e+11 1.59100e+12
1 1 6 1.29637e+06 9.84204e+10 9.84596e+10 3.32049e+11 1.58273e+12
1 1 7 1.26260e+06 9.22157e+10 9.19590e+10 4.57581e+11 1.58584e+12
1 2 0 1.08312e+06 6.26949e+10 6.27812e+10 2.41352e+11 1.58132e+12
1 2 1 1.44967e+06 1.25822e+11 1.25127e+11 7.22694e+11 1.60966e+12
1 2 2 1.36284e+06 1.06308e+11 1.05716e+11 6.68384e+11 1.61329e+12
1 2 3 1.18614e+06 7.71577e+10 7.70378e+10 3.79760e+11 1.59398e+12
1 2 4 1.40857e+06 1.13060e+11 1.12742e+11 4.67099e+11 1.59774e+12
1 2 5 1.16109e+06 7.69433e+10 7.68020e+10 4.48946e+11 1.59221e+12
1 2 6 1.27749e+06 9.24507e+10 9.26448e+10 2.79927e+11 1.58055e+12
1 2 7 1.15948e+06 7.26424e+10 7.28823e+10 2.72713e+11 1.57545e+12
1 3 0 1.34340e+06 1.04551e+11 1.04226e+11 5.24062e+11 1.60156e+12
1 3 1 1.30112e+06 9.47158e+10 9.41711e+10 6.35404e+11 1.60615e+12
1 3 2 1.10061e+06 6.25049e+10 6.24334e+10 3.33721e+11 1.59589e+12
1 3 3 1.27543e+06 9.06180e+10 9.02667e+10 3.78776e+11 1.60165e+12
1 3 4 1.50852e+06 1.38243e+11 1.36505e+11 1.00268e+12 1.62461e+12
1 3 5 1.40666e+06 1.16185e+11 1.15884e+11 4.68034e+11 1.60027e+12
1 3 6 1.27391e+06 9.17506e+10 9.13269e+10 7.49661e+11 1.60509e+12
1 3 7 1.22686e+06 8.38117e+10 8.38670e+10 2.88013e+11 1.58793e+12
1 4 0 1.34182e+06 1.03176e+11 1.02625e+11 6.32314e+11 1.60942e+12
1 4 1 1.32442e+06 1.01822e+11 1.01050e+11 5.82246e+11 1.61470e+12
1 4 2 1.29793e+06 9.33584e+10 9.30223e+10 4.33316e+11 1.60876e+12
1 4 3 1.36742e+06 1.08445e+11 1.07312e+11 1.05198e+12 1.63390e+12
1 4 4 1.44156e+06 1.24130e+11 1.22384e+11 1.11988e+12 1.62748e+12
1 4 5 1.23840e+06 8.41844e+10 8.39604e+10 3.58132e+11 1.60226e+12
1 4 6 1.52824e+06 1.42357e+11 1.40786e+11 7.67065e+11 1.61931e+12
1 4 7 1.33138e+06 1.00003e+11 9.92610e+10 6.73099e+11 1.61017e+12
1 5 0 1.50844e+06 1.35926e+11 1.34879e+11 7.40042e+11 1.61481e+12
1 5 1 1.65577e+06 1.64386e+11 1.62636e+11 6.81907e+11 1.62731e+12
1 5 2 1.46071e+06 1.27290e+11 1.25533e+11 8.33368e+11 1.63408e+12
1 5 3 1.36784e+06 1.08181e+11 1.07531e+11 5.55769e+11 1.61114e+12
1 5 4 1.11377e+06 6.45931e+10 6.42799e+10 4.97981e+11 1.60507e+12
1 5 5 1.41381e+06 1.16589e+11 1.16119e+11 6.05753e+11 1.60226e+12
1 5 6 1.16832e+06 7.46631e+10 7.46651e+10 3.05085e+11 1.58880e+12
1 5 7 1.22268e+06 8.31468e+10 8.30983e+10 3.88839e+11 1.59153e+12
1 6 0 1.29731e+06 9.51442e+10 9.45856e+10 5.95386e+11 1.60896e+12
1 6 1 1.61143e+06 1.57226e+11 1.55224e+11 1.03123e+12 1.63903e+12
1 6 2 1.34087e+06 1.01655e+11 1.00608e+11 6.33864e+11 1.62633e+12
1 6 3 1.43003e+06 1.18132e+11 1.17411e+11 5.21448e+11 1.61627e+12
1 6 4 1.19624e+06 7.74648e+10 7.71734e+10 4.22064e+11 1.60368e+12
1 6 5 1.24234e+06 8.45402e+10 8.40456e+10 5.37399e+11 1.60480e+12
1 6 6 1.35277e+06 1.05102e+11 1.04514e+11 6.83145e+11 1.60708e+12
1 6 7 1.23281e+06 8.40300e+10 8.41912e+10 2.74723e+11 1.58571e+12
1 7 0 1.01606e+06 5.07865e+10 5.08960e+10 1.70880e+11 1.58276e+12
1 7 1 1.13914e+06 6.71810e+10 6.70794e+10 2.28451e+11 1.60304e+12
1 7 2 1.63377e+06 1.62672e+11 1.60614e+11 8.06026e+11 1.63530e+12
1 7 3 1.72096e+06 1.77373e+11 1.73567e+11 1.26463e+12 1.66014e+12
1 7 4 1.49647e+06 1.32416e+11 1.31262e+11 4.15680e+11 1.62139e+12
1 7 5 1.53938e+06 1.43755e+11 1.42335e+11 7.92374e+11 1.61962e+12
1 7 6 1.32093e+06 9.94722e+10 9.87722e+10 5.04714e+11 1.60545e+12
1 7 7 1.14846e+06 7.26406e+10 7.28158e+10 2.26588e+11 1.58109e+12
2 0 0 1.31925e+06 1.00343e+11 9.98188e+10 6.24437e+11 1.60521e+12
2 0 1 1.29409e+06 9.48399e+10 9.45437e+10 3.41564e+11 1.60554e+12
2 0 2 1.42732e+06 1.19400e+11 1.18191e+11 6.06163e+11 1.62958e+12
2 0 3 1.50194e+06 1.33712e+11 1.30575e+11 1.45425e+12 1.67843e+12
2 0 4 1.33604e+06 1.05208e+11 1.04549e+11 6.27885e+11 1.60885e+12
2 0 5 1.17921e+06 7.57596e+10 7.59312e+10 2.74999e+11 1.58032e+12
2 0 6 1.24731e+06 8.54518e+10 8.54235e+10 5.09850e+11 1.58703e+12
2 0 7 1.21241e+06 8.35034e+10 8.32867e+10 5.68158e+11 1.59377e+12
2 1 0 1.34448e+06 1.03176e+11 1.02597e+11 6.02902e+11 1.61144e+12
2 1 1 1.48741e+06 1.29837e+11 1.29007e+11 5.48472e+11 1.61423e+12
2 1 2 1.60910e+06 1.55970e+11 1.54629e+11 7.02786e+11 1.62552e+12
2 1 3 1.54862e+06 1.42937e+11 1.41774e+11 6.39132e+11 1.61954e+12
2 1 4 9.64207e+05 4.57887e+10 4.58624e+10 1.74720e+11 1.58086e+12
2 1 5 1.29982e+06 9.70281e+10 9.69675e+10 6.21977e+11 1.58718e+12
2 1 6 1.17657e+06 7.29610e+10 7.30714e+10 3.86619e+11 1.58046e+12
2 1 7 1.15508e+06 7.21050e+10 7.20259e+10 4.41948e+11 1.58587e+12
2 2 0 1.27883e+06 9.11168e+10 9.03596e+10 8.72610e+11 1.60810e+12
2 2 1 1.29401e+06 9.59307e+10 9.54033e+10 5.25236e+11 1.60972e+12
2 2 2 1.36809e+06 1.08829e+11 1.08000e+11 7.01485e+11 1.61314e+12
2 2 3 1.27014e+06 8.84432e+10 8.81875e+10 4.35672e+11 1.60191e+12
2 2 4 1.10406e+06 6.33876e+10 6.31271e+10 3.77243e+11 1.59454e+12
2 2 5 1.28504e+06 9.20354e+10 9.20182e+10 3.76384e+11 1.58887e+12
2 2 6 1.36186e+06 1.08084e+11 1.07995e+11 4.56370e+11 1.58583e+12
2 2 7 1.48326e+06 1.33074e+11 1.32916e+11 4.66890e+11 1.58975e+12
2 3 0 1.49199e+06 1.31913e+11 1.29883e+11 9.22065e+11 1.62565e+12
2 3 1 1.45110e+06 1.21602e+11 1.20814e+11 7.51325e+11 1.61662e+12
2 3 2 1.19794e+06 7.66777e+10 7.64376e+10 4.00745e+11 1.60026e+12
2 3 3 1.22789e+06 8.50639e+10 8.44832e+10 6.84513e+11 1.60844e+12
2 3 4 1.39688e+06 1.17885e+11 1.16987e+11 4.35607e+11 1.61691e+12
2 3 5 1.40070e+06 1.15984e+11 1.14028e+11 1.06410e+12 1.61966e+12
2 3 6 1.41071e+06 1.17533e+11 1.17269e+11 4.71842e+11 1.59708e+12
2 3 7 1.41916e+06 1.16249e+11 1.15599e+11 6.17361e+11 1.60117e+12
2 4 0 1.50290e+06 1.35655e+11 1.34719e+11 5.28998e+11 1.61051e+12
2 4 1 1.59166e+06 1.53462e+11 1.52164e+11 7.63057e+11 1.62169e+12
2 4 2 1.40704e+06 1.15979e+11 1.14734e+11 8.78198e+11 1.62762e+12
2 4 3 1.19287e+06 7.94697e+10 7.90646e+10 5.40063e+11 1.60595e+12
2 4 4 1.11032e+06 6.71047e+10 6.69536e+10 2.99726e+11 1.59948e+12
2 4 5 1.53399e+06 1.38849e+11 1.38240e+11 6.05199e+11 1.60617e+12
2 4 6 1.33532e+06 1.02888e+11 1.02647e+11 3.77794e+11 1.59699e+12
2 4 7 1.46990e+06 1.27310e+11 1.26418e+11 8.03367e+11 1.61259e+12
2 5 0 1.51744e+06 1.36696e+11 1.35317e+11 7.77770e+11 1.62185e+12
2 5 1 1.35405e+06 1.05664e+11 1.04947e+11 5.80299e+11 1.62057e+12
2 5 2 1.30343e+06 9.88325e+10 9.72439e+10 7.63737e+11 1.62523e+12
2 5 3 1.28161e+06 9.32411e+10 9.22700e+10 5.69719e+11 1.61770e+12
2 5 4 1.41820e+06 1.20076e+11 1.19586e+11 5.32368e+11 1.60161e+12
2 5 5 1.64375e+06 1.60528e+11 1.59171e+11 7.68549e+11 1.61758e+12
2 5 6 1.26936e+06 8.93775e+10 8.92407e+10 3.31287e+11 1.59476e+12
2 5 7 1.29061e+06 9.32605e+10 9.30975e+10 3.93961e+11 1.59147e+12
2 6 0 1.55896e+06 1.46004e+11 1.44462e+11 8.33974e+11 1.61917e+12
2 6 1 1.60168e+06 1.56350e+11 1.54656e+11 7.50099e+11 1.62633e+12
2 6 2 1.32498e+06 1.01427e+11 1.00798e+11 3.48618e+11 1.61656e+12
2 6 3 1.18942e+06 7.68024e+10 7.61948e+10 5.29182e+11 1.61856e+12
2 6 4 1.20168e+06 7.73665e+10 7.73491e+10 3.69464e+11 1.59379e+12
2 6 5 1.49088e+06 1.31281e+11 1.30834e+11 4.26179e+11 1.60323e+12
2 6 6 1.53902e+06 1.43483e+11 1.41619e+11 1.20652e+12 1.62882e+12
2 6 7 1.33746e+06 1.00054e+11 9.98872e+10 3.80997e+11 1.59752e+12
2 7 0 1.16295e+06 7.16153e+10 7.16382e+10 2.63554e+11 1.59092e+12
2 7 1 1.25969e+06 8.96497e+10 8.90698e+10 5.59974e+11 1.61253e+12
2 7 2 1.54095e+06 1.38563e+11 1.36214e+11 1.40370e+12 1.66771e+12
2 7 3 1.72722e+06 1.77559e+11 1.73796e+11 1.18602e+12 1.66222e+12
2 7 4 1.18068e+06 7.94067e+10 7.91197e+10 2.26985e+11 1.59721e+12
2 7 5 1.04581e+06 5.38088e+10 5.38770e+10 2.21847e+11 1.58515e+12
2 7 6 1.21431e+06 8.25860e+10 8.20425e+10 4.73432e+11 1.59257e+12
2 7 7 1.24267e+06 8.65408e+10 8.65763e+10 4.17458e+11 1.59067e+12
3 0 0 1.50227e+06 1.33389e+11 1.32125e+11 6.80930e+11 1.61751e+12
3 0 1 1.30909e+06 9.84266e+10 9.78215e+10 6.49340e+11 1.61004e+12
3 0 2 1.24142e+06 8.92992e+10 8.86464e+10 5.61611e+11 1.61170e+12
3 0 3 1.45118e+06 1.26336e+11 1.24904e+11 6.91177e+11 1.62958e+12
3 0 4 1.30694e+06 9.95097e+10 9.91659e+10 3.98264e+11 1.59846e+12
3 0 5 1.08715e+06 6.21877e+10 6.23927e+10 2.32071e+11 1.57668e+12
3 0 6 1.39480e+06 1.12461e+11 1.12343e+11 4.11560e+11 1.59233e+12
3 0 7 1.29372e+06 9.50378e+10 9.44800e+10 5.70580e+11 1.60749e+12
3 1 0 1.54245e+06 1.39489e+11 1.38294e+11 6.63923e+11 1.61880e+12
3 1 1 1.33980e+06 1.05818e+11 1.05306e+11 6.42903e+11 1.60389e+12
3 1 2 1.28582e+06 9.15161e+10 9.13730e+10 3.43877e+11 1.59889e+12
3 1 3 1.39798e+06 1.15682e+11 1.14707e+11 6.44424e+11 1.60822e+12
3 1 4 1.21889e+06 8.42253e+10 8.40370e+10 4.85672e+11 1.58729e+12
3 1 5 1.20762e+06 7.87114e+10 7.89603e+10 2.70731e+11 1.57644e+12
3 1 6 1.18883e+06 7.67986e+10 7.70159e+10 2.77677e+11 1.57869e+12
3 1 7 1.34560e+06 1.01918e+11 1.01707e+11 4.33825e+11 1.59895e+12
3 2 0 1.22421e+06 8.54172e+10 8.50659e+10 4.66922e+11 1.59962e+12
3 2 1 1.39151e+06 1.10615e+11 1.10285e+11 4.76670e+11 1.60229e+12
3 2 2 1.36166e+06 1.13464e+11 1.12892e+11 5.97049e+11 1.60605e+12
3 2 3 1.33228e+06 1.02624e+11 1.02025e+11 6.00904e+11 1.60298e+12
3 2 4 1.10914e+06 6.13277e+10 6.12703e+10 4.27857e+11 1.58903e+12
3 2 5 1.14386e+06 6.89503e+10 6.89963e+10 3.89196e+11 1.58484e+12
3 2 6 1.12808e+06 6.72123e+10 6.74020e+10 2.06989e+11 1.58016e+12
3 2 7 1.49126e+06 1.31408e+11 1.31070e+11 5.07601e+11 1.59445e+12
3 3 0 1.15934e+06 7.20303e+10 7.20369e+10 2.61565e+11 1.59076e+12
3 3 1 1.26980e+06 8.86507e+10 8.86259e+10 3.89856e+11 1.59081e+12
3 3 2 1.09317e+06 6.31202e+10 6.30576e+10 3.67268e+11 1.58712e+12
3 3 3 1.10918e+06 6.36003e+10 6.35103e+10 3.43907e+11 1.58953e+12
3 3 4 1.28945e+06 9.49997e+10 9.47351e+10 4.83817e+11 1.59678e+12
3 3 5 1.38393e+06 1.10684e+11 1.10379e+11 4.48420e+11 1.59667e+12
3 3 6 1.41972e+06 1.18566e+11 1.18216e+11 5.90694e+11 1.59402e+12
3 3 7 1.16700e+06 7.18482e+10 7.17469e+10 3.84841e+11 1.59028e+12
3 4 0 1.33434e+06 1.03702e+11 1.03112e+11 5.55786e+11 1.59889e+12
3 4 1 1.11430e+06 6.50846e+10 6.49611e+10 3.40089e+11 1.58898e+12
3 4 2 1.17383e+06 7.44968e+10 7.46353e+10 2.06470e+11 1.58418e+12
3 4 3 1.31900e+06 1.02775e+11 1.02500e+11 5.47493e+11 1.59083e+12
3 4 4 1.38628e+06 1.09170e+11 1.08352e+11 7.30439e+11 1.61504e+12
3 4 5 1.35800e+06 1.07284e+11 1.06368e+11 9.78630e+11 1.61604e+12
3 4 6 1.18840e+06 7.66393e+10 7.66294e+10 4.19861e+11 1.58697e+12
3 4 7 1.23348e+06 8.65666e+10 8.65992e+10 3.32782e+11 1.58746e+12
3 5 0 1.43193e+06 1.24596e+11 1.23570e+11 7.82204e+11 1.60579e+12
3 5 1 1.15352e+06 7.23211e+10 7.08426e+10 1.88687e+12 1.64417e+12
3 5 2 1.34611e+06 1.02772e+11 1.02198e+11 4.90346e+11 1.61444e+12
3 5 3 1.27213e+06 9.23203e+10 9.22185e+10 3.78281e+11 1.59240e+12
3 5 4 1.31227e+06 9.90730e+10 9.90821e+10 4.52512e+11 1.58915e+12
3 5 5 1.39528e+06 1.10678e+11 1.10060e+11 5.83773e+11 1.60788e+12
3 5 6 1.07398e+06 6.22772e+10 6.20458e+10 3.26401e+11 1.58551e+12
3 5 7 1.06903e+06 5.88379e+10 5.89578e+10 2.46439e+11 1.57973e+12
3 6 0 1.29208e+06 9.13101e+10 9.10930e+10 4.08998e+11 1.60274e+12
3 6 1 1.11124e+06 6.35452e+10 6.29572e+10 2.88385e+11 1.63465e+12
3 6 2 1.23778e+06 8.26365e+10 8.24225e+10 3.00814e+11 1.60707e+12
3 6 3 1.23219e+06 8.42987e+10 8.38990e+10 5.57065e+11 1.60149e+12
3 6 4 1.13538e+06 6.81564e+10 6.83492e+10 2.11875e+11 1.58016e+12
3 6 5 1.25635e+06 8.59486e+10 8.56289e+10 6.37402e+11 1.59687e+12
3 6 6 1.23391e+06 8.45942e+10 8.43810e+10 5.68559e+11 1.59427e+12
3 6 7 1.30330e+06 9.71712e+10 9.61839e+10 7.10121e+11 1.60648e+12
3 7 0 1.41946e+06 1.18585e+11 1.18135e+11 5.19968e+11 1.60888e+12
3 7 1 1.40745e+06 1.14518e+11 1.13832e+11 1.03459e+12 1.62344e+12
3 7 2 1.32404e+06 9.89261e+10 9.82540e+10 5.05367e+11 1.61673e+12
3 7 3 1.47909e+06 1.28807e+11 1.27813e+11 5.82746e+11 1.61531e+12
3 7 4 1.36947e+06 1.15293e+11 1.14542e+11 6.04942e+11 1.60164e+12
3 7 5 1.26272e+06 9.28221e+10 9.25440e+10 5.95222e+11 1.59235e+12
3 7 6 1.38038e+06 1.11227e+11 1.10601e+11 5.39687e+11 1.59665e+12
3 7 7 1.41420e+06 1.15966e+11 1.15218e+11 7.74698e+11 1.60877e+12
4 0 0 1.42672e+06 1.18914e+11 1.18412e+11 4.90639e+11 1.60425e+12
4 0 1 1.41055e+06 1.16415e+11 1.15313e+11 9.18407e+11 1.61898e+12
4 0 2 1.40680e+06 1.18409e+11 1.18310e+11 4.29846e+11 1.59408e+12
4 0 3 1.27435e+06 9.15369e+10 9.14608e+10 3.37682e+11 1.59374e+12
4 0 4 1.26858e+06 9.20267e+10 9.14168e+10 5.30100e+11 1.59354e+12
4 0 5 1.14069e+06 7.13515e+10 7.13940e+10 2.52459e+11 1.58650e+12
4 0 6 1.35903e+06 1.06212e+11 1.05296e+11 8.80920e+11 1.60749e+12
4 0 7 1.28087e+06 9.59930e+10 9.57074e+10 3.99922e+11 1.59905e+12
4 1 0 1.53787e+06 1.39342e+11 1.38416e+11 6.97335e+11 1.61129e+12
4 1 1 1.30007e+06 9.82720e+10 9.76825e+10 4.68162e+11 1.60670e+12
4 1 2 1.40342e+06 1.12617e+11 1.12249e+11 5.57569e+11 1.60264e+12
4 1 3 1.25700e+06 8.81705e+10 8.80282e+10 4.64652e+11 1.59466e+12
4 1 4 1.26990e+06 8.90014e+10 8.87938e+10 5.80351e+11 1.59455e+12
4 1 5 1.65769e+06 1.65671e+11 1.64824e+11 6.95592e+11 1.60694e+12
4 1 6 1.26368e+06 9.13073e+10 9.07641e+10 6.23045e+11 1.60689e+12
4 1 7 1.38766e+06 1.11262e+11 1.10624e+11 5.58986e+11 1.60924e+12
4 2 0 1.22329e+06 8.17046e+10 8.16056e+10 4.09488e+11 1.59388e+12
4 2 1 1.23660e+06 8.41274e+10 8.40269e+10 3.62841e+11 1.59214e+12
4 2 2 1.41054e+06 1.16544e+11 1.16323e+11 5.61231e+11 1.59389e+12
4 2 3 1.08541e+06 6.28136e+10 6.29522e+10 3.22273e+11 1.57745e+12
4 2 4 1.27276e+06 9.10170e+10 9.11161e+10 4.12176e+11 1.58330e+12
4 2 5 1.60854e+06 1.56460e+11 1.55302e+11 9.49726e+11 1.60930e+12
4 2 6 1.49653e+06 1.32242e+11 1.31737e+11 5.43697e+11 1.60585e+12
4 2 7 1.51301e+06 1.35673e+11 1.34592e+11 8.25141e+11 1.61541e+12
4 3 0 1.32339e+06 1.01662e+11 1.01827e+11 3.03253e+11 1.58367e+12
4 3 1 1.17549e+06 7.58865e+10 7.52776e+10 7.81796e+11 1.60035e+12
4 3 2 1.24352e+06 8.64295e+10 8.64613e+10 4.06157e+11 1.58587e+12
4 3 3 1.07576e+06 5.87895e+10 5.90750e+10 2.06526e+11 1.56870e+12
4 3 4 9.99392e+05 4.94900e+10 4.96374e+10 2.60320e+11 1.56997e+12
4 3 5 1.01912e+06 5.13309e+10 5.14323e+10 2.17527e+11 1.57294e+12
4 3 6 1.41160e+06 1.17684e+11 1.17374e+11 5.34526e+11 1.59540e+12
4 3 7 1.51780e+06 1.35948e+11 1.35687e+11 4.46255e+11 1.59766e+12
4 4 0 1.14255e+06 7.05790e+10 7.06006e+10 3.38360e+11 1.58446e+12
4 4 1 1.37189e+06 1.07926e+11 1.07619e+11 4.86463e+11 1.59430e+12
4 4 2 1.22610e+06 8.18181e+10 8.19805e+10 3.42028e+11 1.58161e+12
4 4 3 1.10132e+06 6.46597e+10 6.47590e+10 4.17958e+11 1.57712e+12
4 4 4 1.00603e+06 5.00622e+10 5.01301e+10 4.11668e+11 1.57507e+12
4 4 5 9.94637e+05 5.15547e+10 5.16449e+10 3.05156e+11 1.57143e+12
4 4 6 1.29083e+06 9.39469e+10 9.41202e+10 3.72878e+11 1.58137e+12
4 4 7 1.35853e+06 1.08360e+11 1.07836e+11 7.29892e+11 1.59815e+12
4 5 0 1.26005e+06 8.63179e+10 8.60069e+10 5.52870e+11 1.60045e+12
4 5 1 1.39895e+06 1.12048e+11 1.11772e+11 5.35001e+11 1.59841e+12
4 5 2 1.35959e+06 1.10002e+11 1.09976e+11 3.55184e+11 1.58725e+12
4 5 3 1.30282e+06 9.87938e+10 9.87284e+10 5.30351e+11 1.58327e+12
4 5 4 1.35346e+06 1.05444e+11 1.05839e+11 3.57216e+11 1.57364e+12
4 5 5 1.16278e+06 7.16801e+10 7.18998e+10 2.71414e+11 1.57560e+12
4 5 6 1.13728e+06 6.97726e+10 6.96740e+10 4.20640e+11 1.58263e+12
4 5 7 1.13064e+06 7.02455e+10 6.99034e+10 4.94007e+11 1.59117e+12
4 6 0 1.24059e+06 8.66160e+10 8.66212e+10 3.19452e+11 1.59091e+12
4 6 1 1.30059e+06 9.89767e+10 9.89688e+10 3.66197e+11 1.59112e+12
4 6 2 1.21290e+06 8.20924e+10 8.19633e+10 4.19856e+11 1.59005e+12
4 6 3 1.30307e+06 9.81172e+10 9.78967e+10 4.92022e+11 1.59114e+12
4 6 4 1.21835e+06 8.32544e+10 8.35264e+10 3.10992e+11 1.57432e+12
4 6 5 1.30467e+06 9.62445e+10 9.64882e+10 3.06849e+11 1.57894e+12
4 6 6 1.47756e+06 1.32652e+11 1.32185e+11 6.14231e+11 1.59833e+12
4 6 7 1.30038e+06 9.63052e+10 9.59792e+10 5.93889e+11 1.60006e+12
4 7 0 1.52530e+06 1.39575e+11 1.38541e+11 6.77552e+11 1.60858e+12
4 7 1 1.32009e+06 9.90768e+10 9.89288e+10 4.37391e+11 1.59595e+12
4 7 2 1.15044e+06 7.07232e+10 7.08130e+10 3.06603e+11 1.58618e+12
4 7 3 1.38403e+06 1.09120e+11 1.08583e+11 6.59065e+11 1.60144e+12
4 7 4 1.31858e+06 9.94731e+10 9.91727e+10 5.61880e+11 1.59812e+12
4 7 5 1.12325e+06 6.64051e+10 6.60654e+10 6.45887e+11 1.59347e+12
4 7 6 1.34735e+06 1.05123e+11 1.04915e+11 4.28286e+11 1.59812e+12
4 7 7 1.36321e+06 1.06492e+11 1.05866e+11 6.04419e+11 1.61067e+12
5 0 0 1.50769e+06 1.34897e+11 1.34195e+11 6.42151e+11 1.60947e+12
5 0 1 1.16049e+06 7.29392e+10 7.28701e+10 2.10482e+11 1.59428e+12
5 0 2 1.24345e+06 8.74769e+10 8.74636e+10 3.14762e+11 1.59244e+12
5 0 3 1.31443e+06 9.78252e+10 9.68456e+10 7.43021e+11 1.61457e+12
5 0 4 1.18817e+06 7.79056e+10 7.72854e+10 7.82709e+11 1.60651e+12
5 0 5 1.46905e+06 1.28242e+11 1.27626e+11 4.55918e+11 1.60227e+12
5 0 6 1.31063e+06 9.87782e+10 9.87762e+10 3.62913e+11 1.58838e+12
5 0 7 1.35289e+06 1.07285e+11 1.07062e+11 4.51251e+11 1.59664e+12
5 1 0 1.45935e+06 1.22292e+11 1.20694e+11 1.19425e+12 1.63664e+12
5 1 1 1.49827e+06 1.29904e+11 1.28698e+11 5.95271e+11 1.62745e+12
5 1 2 1.51862e+06 1.35839e+11 1.35059e+11 6.58314e+11 1.60818e+12
5 1 3 1.41469e+06 1.13103e+11 1.12906e+11 7.00949e+11 1.60028e+12
5 1 4 1.20881e+06 8.10875e+10 8.08838e+10 3.27610e+11 1.59500e+12
5 1 5 1.65434e+06 1.65016e+11 1.62870e+11 1.12714e+12 1.62514e+12
5 1 6 1.48869e+06 1.31998e+11 1.31272e+11 5.54539e+11 1.61031e+12
5 1 7 1.53985e+06 1.42395e+11 1.41146e+11 7.33585e+11 1.61912e+12
5 2 0 1.23701e+06 8.36156e+10 8.33944e+10 3.52046e+11 1.60002e+12
5 2 1 1.33184e+06 1.00261e+11 9.97546e+10 4.92510e+11 1.60883e+12
5 2 2 1.12813e+06 6.72670e+10 6.72433e+10 4.07685e+11 1.58731e+12
5 2 3 1.18647e+06 7.60720e+10 7.63334e+10 3.18682e+11 1.57346e+12
5 2 4 1.28272e+06 9.18482e+10 9.20918e+10 3.52952e+11 1.57991e+12
5 2 5 1.36351e+06 1.05890e+11 1.05748e+11 4.45884e+11 1.59673e+12
5 2 6 1.54488e+06 1.42812e+11 1.41228e+11 8.26104e+11 1.61608e+12
5 2 7 1.24698e+06 8.75803e+10 8.65471e+10 5.55789e+11 1.62004e+12
5 3 0 1.13973e+06 6.83506e+10 6.83303e+10 2.61952e+11 1.59094e+12
5 3 1 1.37066e+06 1.07165e+11 1.06345e+11 8.09015e+11 1.61390e+12
5 3 2 1.17971e+06 7.50991e+10 7.50984e+10 4.13272e+11 1.58888e+12
5 3 3 1.24778e+06 8.81932e+10 8.83834e+10 4.17588e+11 1.57472e+12
5 3 4 1.14412e+06 6.99631e+10 7.02359e+10 3.33861e+11 1.56905e+12
5 3 5 1.13808e+06 7.43584e+10 7.42207e+10 4.39950e+11 1.58022e+12
5 3 6 1.16731e+06 7.09271e+10 7.08717e+10 3.86510e+11 1.58717e+12
5 3 7 1.41241e+06 1.14156e+11 1.12111e+11 1.45333e+12 1.63419e+12
5 4 0 1.09023e+06 6.47617e+10 6.48968e+10 2.61248e+11 1.57755e+12
5 4 1 1.48570e+06 1.32709e+11 1.31733e+11 5.49017e+11 1.61263e+12
5 4 2 1.30418e+06 9.77214e+10 9.64140e+10 9.38373e+11 1.61349e+12
5 4 3 1.42933e+06 1.20364e+11 1.20543e+11 4.94343e+11 1.58001e+12
5 4 4 1.08290e+06 5.91012e+10 5.94191e+10 2.19721e+11 1.56696e+12
5 4 5 1.09157e+06 6.05933e+10 6.07194e+10 3.92102e+11 1.57351e+12
5 4 6 1.27401e+06 8.91105e+10 8.91131e+10 4.87868e+11 1.58473e+12
5 4 7 1.23310e+06 8.48035e+10 8.47576e+10 3.81694e+11 1.58894e+12
5 5 0 1.10993e+06 6.90226e+10 6.89316e+10 4.12480e+11 1.58097e+12
5 5 1 1.30327e+06 9.50438e+10 9.42890e+10 7.39924e+11 1.60216e+12
5 5 2 1.32095e+06 9.90004e+10 9.89411e+10 3.85433e+11 1.59071e+12
5 5 3 1.35240e+06 1.05149e+11 1.05454e+11 3.50974e+11 1.57681e+12
5 5 4 1.26250e+06 8.78109e+10 8.81543e+10 3.41264e+11 1.57125e+12
5 5 5 1.39284e+06 1.16460e+11 1.16058e+11 6.09119e+11 1.58890e+12
5 5 6 1.48017e+06 1.28803e+11 1.28403e+11 5.71102e+11 1.60107e+12
5 5 7 1.28348e+06 9.83388e+10 9.74341e+10 1.06737e+12 1.60750e+12
5 6 0 1.05722e+06 5.47836e+10 5.48953e+10 3.22359e+11 1.57838e+12
5 6 1 1.12967e+06 6.55712e+10 6.58291e+10 2.19192e+11 1.57515e+12
5 6 2 1.20178e+06 7.80112e+10 7.81104e+10 3.72932e+11 1.57938e+12
5 6 3 1.49485e+06 1.31636e+11 1.31804e+11 4.87187e+11 1.58353e+12
5 6 4 1.24778e+06 8.97728e+10 9.00284e+10 3.24437e+11 1.57681e+12
5 6 5 1.38216e+06 1.10274e+11 1.10109e+11 4.30998e+11 1.58281e+12
5 6 6 1.27492e+06 8.88609e+10 8.83352e+10 5.28613e+11 1.59961e+12
5 6 7 1.22423e+06 8.31226e+10 8.29617e+10 4.42306e+11 1.59196e+12
5 7 0 1.52959e+06 1.38930e+11 1.38601e+11 5.35132e+11 1.59408e+12
5 7 1 1.28185e+06 9.09500e+10 9.10822e+10 4.24425e+11 1.58258e+12
5 7 2 1.31596e+06 9.90015e+10 9.90631e+10 4.36164e+11 1.58452e+12
5 7 3 1.51133e+06 1.34309e+11 1.33817e+11 6.78249e+11 1.59681e+12
5 7 4 1.21081e+06 8.22442e+10 8.21177e+10 4.72951e+11 1.58893e+12
5 7 5 1.27554e+06 9.47991e+10 9.46135e+10 4.90081e+11 1.59248e+12
5 7 6 1.25515e+06 8.74382e+10 8.70975e+10 5.23837e+11 1.59200e+12
5 7 7 1.21691e+06 8.29042e+10 8.27078e+10 4.80269e+11 1.59040e+12
6 0 0 1.31333e+06 9.57951e+10 9.56020e+10 3.61210e+11 1.60324e+12
6 0 1 1.36351e+06 1.07819e+11 1.07329e+11 4.13782e+11 1.60191e+12
6 0 2 1.21402e+06 8.22010e+10 8.19909e+10 3.45130e+11 1.59304e+12
6 0 3 1.38995e+06 1.13109e+11 1.12342e+11 6.44515e+11 1.61224e+12
6 0 4 1.21448e+06 8.58624e+10 8.55080e+10 3.24181e+11 1.60490e+12
6 0 5 1.32610e+06 1.00469e+11 1.00179e+11 4.65112e+11 1.59572e+12
6 0 6 1.13447e+06 6.92931e+10 6.94013e+10 2.65020e+11 1.58421e+12
6 0 7 1.27778e+06 9.21022e+10 9.18427e+10 4.72182e+11 1.59917e+12
6 1 0 1.65692e+06 1.66220e+11 1.64287e+11 8.36144e+11 1.62806e+12
6 1 1 1.42122e+06 1.14944e+11 1.12923e+11 1.35860e+12 1.64646e+12
6 1 2 1.30573e+06 9.50437e+10 9.41864e+10 7.91723e+11 1.61971e+12
6 1 3 1.24150e+06 8.45790e+10 8.44104e+10 5.37903e+11 1.59816e+12
6 1 4 1.56089e+06 1.45860e+11 1.44368e+11 7.41492e+11 1.61345e+12
6 1 5 1.50365e+06 1.33996e+11 1.32733e+11 7.40307e+11 1.61357e+12
6 1 6 1.29426e+06 9.21501e+10 9.19691e+10 4.24731e+11 1.59921e+12
6 1 7 1.48831e+06 1.33329e+11 1.31410e+11 8.71199e+11 1.63477e+12
6 2 0 1.19395e+06 7.96247e+10 7.94729e+10 3.23587e+11 1.59450e+12
6 2 1 1.32735e+06 9.85921e+10 9.75646e+10 6.43857e+11 1.61797e+12
6 2 2 1.20410e+06 8.08374e+10 8.06716e+10 4.19434e+11 1.59405e+12
6 2 3 1.20383e+06 7.93602e+10 7.95411e+10 3.13888e+11 1.57622e+12
6 2 4 1.23209e+06 8.46029e+10 8.47509e+10 2.98213e+11 1.58528e+12
6 2 5 1.39044e+06 1.12697e+11 1.11237e+11 1.01787e+12 1.61851e+12
6 2 6 1.21628e+06 8.01018e+10 7.99571e+10 4.89809e+11 1.59305e+12
6 2 7 1.25790e+06 9.09578e+10 9.07117e+10 4.76576e+11 1.59641e+12
6 3 0 1.13690e+06 6.79591e+10 6.79971e+10 3.53736e+11 1.58685e+12
6 3 1 1.28220e+06 9.39142e+10 9.29777e+10 6.11885e+11 1.61739e+12
6 3 2 1.25908e+06 8.70058e+10 8.69450e+10 3.59667e+11 1.59002e+12
6 3 3 1.21179e+06 7.98853e+10 8.01646e+10 3.71362e+11 1.57335e+12
6 3 4 1.33507e+06 1.03446e+11 1.03754e+11 3.66179e+11 1.57516e+12
6 3 5 1.38334e+06 1.12341e+11 1.12323e+11 4.63182e+11 1.58572e+12
6 3 6 1.15649e+06 7.36084e+10 7.36115e+10 4.17133e+11 1.58601e+12
6 3 7 1.23505e+06 8.50559e+10 8.50632e+10 3.27518e+11 1.58985e+12
6 4 0 1.15862e+06 7.03595e+10 7.05176e+10 2.42800e+11 1.58104e+12
6 4 1 1.53135e+06 1.41940e+11 1.39309e+11 1.53061e+12 1.64345e+12
6 4 2 1.34400e+06 1.03971e+11 1.03368e+11 3.94241e+11 1.61694e+12
6 4 3 1.25719e+06 9.04587e+10 9.06692e+10 3.41812e+11 1.57422e+12
6 4 4 1.32923e+06 1.01460e+11 1.01855e+11 3.29836e+11 1.57200e+12
6 4 5 1.20926e+06 7.97533e+10 7.99190e+10 3.61402e+11 1.57577e+12
6 4 6 1.14660e+06 6.92803e+10 6.94551e+10 2.62104e+11 1.57668e+12
6 4 7 1.27567e+06 9.24519e+10 9.25265e+10 3.84103e+11 1.58373e+12
6 5 0 1.23876e+06 8.85366e+10 8.88540e+10 2.58323e+11 1.57567e+12
6 5 1 1.63808e+06 1.60530e+11 1.59609e+11 6.88045e+11 1.60980e+12
6 5 2 1.33550e+06 9.95035e+10 9.89732e+10 7.47530e+11 1.60730e+12
6 5 3 1.24030e+06 8.49694e+10 8.52309e+10 2.89806e+11 1.57792e+12
6 5 4 1.22649e+06 8.58135e+10 8.56163e+10 4.58698e+11 1.58258e+12
6 5 5 1.51039e+06 1.36604e+11 1.36889e+11 3.56524e+11 1.58205e+12
6 5 6 1.32379e+06 1.01125e+11 1.00686e+11 7.37306e+11 1.59970e+12
6 5 7 1.19187e+06 7.64492e+10 7.67058e+10 2.89395e+11 1.57760e+12
6 6 0 1.23246e+06 8.63406e+10 8.62594e+10 3.49983e+11 1.58453e+12
6 6 1 1.24696e+06 8.52019e+10 8.52799e+10 2.81367e+11 1.58676e+12
6 6 2 1.32657e+06 1.01170e+11 1.00735e+11 4.94637e+11 1.59632e+12
6 6 3 1.15748e+06 7.29431e+10 7.32018e+10 2.55632e+11 1.57604e+12
6 6 4 1.25847e+06 8.75720e+10 8.67686e+10 6.00000e+11 1.59149e+12
6 6 5 1.20550e+06 7.92552e+10 7.91821e+10 3.79400e+11 1.59100e+12
6 6 6 1.27701e+06 9.14826e+10 9.10655e+10 5.65965e+11 1.59547e+12
6 6 7 1.25167e+06 8.67784e+10 8.69689e+10 3.81626e+11 1.58130e+12
6 7 0 1.31768e+06 9.77925e+10 9.77178e+10 4.33758e+11 1.59064e+12
6 7 1 1.32350e+06 1.01269e+11 1.01296e+11 3.32551e+11 1.58614e+12
6 7 2 1.21594e+06 8.17054e+10 8.18235e+10 3.55848e+11 1.58311e+12
6 7 3 1.23093e+06 8.57203e+10 8.53845e+10 4.65671e+11 1.58874e+12
6 7 4 1.40069e+06 1.11874e+11 1.11518e+11 5.38939e+11 1.59944e+12
6 7 5 1.31862e+06 9.50827e+10 9.51064e+10 3.82760e+11 1.58777e+12
6 7 6 1.26400e+06 9.32039e+10 9.34391e+10 2.57084e+11 1.58045e+12
6 7 7 1.14705e+06 6.94205e+10 6.93973e+10 4.30993e+11 1.58306e+12
7 0 0 1.59216e+06 1.54250e+11 1.53291e+11 5.50099e+11 1.61443e+12
7 0 1 1.46675e+06 1.28473e+11 1.25306e+11 1.34818e+12 1.64773e+12
7 0 2 1.07877e+06 5.89398e+10 5.89283e+10 2.16766e+11 1.59266e+12
7 0 3 1.12915e+06 7.05942e+10 7.00508e+10 7.24655e+11 1.60700e+12
7 0 4 1.17991e+06 7.44588e+10 7.41429e+10 5.09429e+11 1.59839e+12
7 0 5 1.29879e+06 9.85877e+10 9.86731e+10 3.21875e+11 1.58588e+12
7 0 6 1.20580e+06 8.22221e+10 8.16920e+10 6.51939e+11 1.59652e+12
7 0 7 1.17435e+06 7.24351e+10 7.24024e+10 3.03983e+11 1.59209e+12
7 1 0 1.30699e+06 1.01953e+11 1.00785e+11 7.48089e+11 1.61482e+12
7 1 1 1.28826e+06 9.79574e+10 9.73902e+10 3.05110e+11 1.60483e+12
7 1 2 1.24585e+06 8.73119e+10 8.71168e+10 3.53510e+11 1.59959e+12
7 1 3 1.33881e+06 1.01875e+11 1.01699e+11 3.56998e+11 1.59846e+12
7 1 4 1.44165e+06 1.22038e+11 1.21705e+11 4.74448e+11 1.60157e+12
7 1 5 1.17980e+06 7.80680e+10 7.81271e+10 2.33845e+11 1.58740e+12
7 1 6 1.20811e+06 8.09411e+10 8.04528e+10 3.96920e+11 1.60136e+12
7 1 7 1.35024e+06 1.04483e+11 1.02403e+11 1.30231e+12 1.63588e+12
7 2 0 1.37538e+06 1.08126e+11 1.07789e+11 5.88364e+11 1.59942e+12
7 2 1 1.24096e+06 8.51332e+10 8.52235e+10 2.61020e+11 1.58788e+12
7 2 2 1.31507e+06 1.01538e+11 1.01180e+11 6.21965e+11 1.59825e+12
7 2 3 1.24264e+06 8.62734e+10 8.62185e+10 5.39231e+11 1.59333e+12
7 2 4 1.44651e+06 1.23786e+11 1.22877e+11 9.53989e+11 1.61270e+12
7 2 5 1.31513e+06 9.80296e+10 9.78813e+10 4.44027e+11 1.59395e+12
7 2 6 1.19227e+06 7.81476e+10 7.80572e+10 3.03051e+11 1.59285e+12
7 2 7 1.30803e+06 9.69098e+10 9.66735e+10 5.25698e+11 1.59581e+12
7 3 0 1.16636e+06 7.34684e+10 7.35672e+10 2.59088e+11 1.58589e+12
7 3 1 1.39578e+06 1.14262e+11 1.13236e+11 6.99703e+11 1.61547e+12
7 3 2 1.24895e+06 8.68871e+10 8.69314e+10 3.47936e+11 1.58543e+12
7 3 3 9.31602e+05 4.15070e+10 4.17708e+10 1.19148e+11 1.56596e+12
7 3 4 1.11001e+06 6.36112e+10 6.39252e+10 2.27824e+11 1.57132e+12
7 3 5 1.42871e+06 1.18792e+11 1.18669e+11 5.59696e+11 1.59155e+12
7 3 6 1.38630e+06 1.09404e+11 1.09237e+11 4.81150e+11 1.59233e+12
7 3 7 1.29127e+06 9.61361e+10 9.48204e+10 1.06145e+12 1.61494e+12
7 4 0 1.09367e+06 6.47524e+10 6.46652e+10 3.11216e+11 1.58620e+12
7 4 1 1.21912e+06 7.94330e+10 7.79440e+10 1.38765e+12 1.63506e+12
7 4 2 1.24605e+06 8.31860e+10 8.31103e+10 4.87756e+11 1.59386e+12
7 4 3 1.23932e+06 8.83948e+10 8.85113e+10 3.25821e+11 1.57998e+12
7 4 4 1.21688e+06 8.23797e+10 8.23407e+10 3.72451e+11 1.58042e+12
7 4 5 1.48699e+06 1.33038e+11 1.32120e+11 8.96576e+11 1.60301e+12
7 4 6 1.36105e+06 1.08455e+11 1.08421e+11 4.43946e+11 1.58808e+12
7 4 7 1.55141e+06 1.45481e+11 1.44872e+11 6.39256e+11 1.60065e+12
7 5 0 1.11363e+06 6.38845e+10 6.39033e+10 2.82574e+11 1.58654e+12
7 5 1 1.50702e+06 1.31791e+11 1.30988e+11 6.66235e+11 1.61511e+12
7 5 2 1.18644e+06 7.81306e+10 7.79590e+10 2.85812e+11 1.59976e+12
7 5 3 1.18424e+06 7.77851e+10 7.77478e+10 4.65393e+11 1.58612e+12
7 5 4 1.08168e+06 5.99723e+10 6.01548e+10 1.84124e+11 1.57826e+12
7 5 5 1.11522e+06 6.37615e+10 6.36334e+10 3.90141e+11 1.59178e+12
7 5 6 1.34233e+06 1.01110e+11 1.01058e+11 4.42336e+11 1.58943e+12
7 5 7 1.38255e+06 1.12964e+11 1.12752e+11 5.18878e+11 1.58846e+12
7 6 0 1.67236e+06 1.64326e+11 1.63237e+11 8.37856e+11 1.61641e+12
7 6 1 1.53583e+06 1.42666e+11 1.40718e+11 7.96046e+11 1.63859e+12
7 6 2 1.46794e+06 1.28191e+11 1.25913e+11 8.33664e+11 1.63873e+12
7 6 3 1.03493e+06 5.51354e+10 5.52073e+10 2.50331e+11 1.58306e+12
7 6 4 1.31107e+06 9.98821e+10 9.96162e+10 4.46646e+11 1.59735e+12
7 6 5 1.41148e+06 1.17736e+11 1.15177e+11 1.53779e+12 1.63707e+12
7 6 6 1.21090e+06 8.08623e+10 8.09424e+10 3.59688e+11 1.58575e+12
7 6 7 1.35001e+06 1.00901e+11 1.01004e+11 3.96802e+11 1.58399e+12
7 7 0 1.51422e+06 1.39115e+11 1.37691e+11 9.24622e+11 1.61888e+12
7 7 1 1.31957e+06 9.90330e+10 9.82738e+10 6.85880e+11 1.62029e+12
7 7 2 1.20957e+06 7.93534e+10 7.92077e+10 2.88641e+11 1.59634e+12
7 7 3 9.20615e+05 3.79900e+10 3.80986e+10 1.62865e+11 1.58081e+12
7 7 4 1.38005e+06 1.11327e+11 1.10908e+11 5.53319e+11 1.60144e+12
7 7 5 1.22454e+06 8.47111e+10 8.45222e+10 4.46930e+11 1.59669e+12
7 7 6 1.09980e+06 6.36609e+10 6.38057e+10 2.61160e+11 1.58160e+12
7 7 7 1.21212e+06 8.00077e+10 8.01946e+10 2.44311e+11 1.58327e+12
