# Subtracting SN=    7.75546e+01.
#        k         Pk_0_HI
   0.03175     1.68417e+04
   0.04446     1.22710e+04
   0.05670     1.01828e+04
   0.06913     8.66223e+03
   0.08163     7.16602e+03
   0.09394     5.60783e+03
   0.10633     4.52634e+03
   0.11897     4.05347e+03
   0.13156     3.74752e+03
   0.14405     3.24197e+03
   0.15655     2.73044e+03
   0.16903     2.43235e+03
   0.18145     2.19121e+03
   0.19391     2.03674e+03
   0.20638     1.84270e+03
   0.21880     1.63029e+03
   0.23135     1.51254e+03
   0.24388     1.38864e+03
   0.25638     1.29906e+03
   0.26888     1.19582e+03
   0.28133     1.12046e+03
   0.29385     1.03027e+03
   0.30628     9.75929e+02
   0.31877     9.03953e+02
   0.33129     8.49898e+02
   0.34378     8.06332e+02
   0.35632     7.54497e+02
   0.36883     7.15574e+02
   0.38133     6.76220e+02
   0.39379     6.41352e+02
   0.40628     6.14710e+02
   0.41878     5.79339e+02
   0.43132     5.48318e+02
   0.44381     5.22809e+02
   0.45630     5.00326e+02
   0.46880     4.81557e+02
   0.48130     4.57235e+02
   0.49379     4.38295e+02
   0.50627     4.16703e+02
   0.51878     3.97046e+02
   0.53128     3.84247e+02
   0.54381     3.67289e+02
   0.55628     3.52712e+02
   0.56880     3.38581e+02
   0.58132     3.23267e+02
   0.59381     3.14235e+02
   0.60631     3.01664e+02
   0.61879     2.91004e+02
   0.63131     2.79886e+02
   0.64381     2.70204e+02
   0.65629     2.58655e+02
   0.66878     2.50033e+02
   0.68130     2.41455e+02
   0.69382     2.32179e+02
   0.70631     2.24152e+02
   0.71877     2.18284e+02
   0.73127     2.09101e+02
   0.74379     2.01769e+02
   0.75629     1.94781e+02
   0.76880     1.87939e+02
   0.78130     1.82821e+02
   0.79378     1.75816e+02
   0.80630     1.70012e+02
   0.81880     1.64054e+02
   0.83127     1.57969e+02
   0.84379     1.52626e+02
   0.85630     1.47687e+02
   0.86879     1.43882e+02
   0.88128     1.38250e+02
   0.89378     1.33462e+02
   0.90628     1.28172e+02
   0.91879     1.24240e+02
   0.93128     1.19598e+02
   0.94378     1.16114e+02
   0.95630     1.12161e+02
   0.96878     1.08925e+02
   0.98127     1.04646e+02
   0.99376     1.01204e+02
   1.00625     9.72887e+01
   1.01876     9.41709e+01
   1.03128     9.07211e+01
   1.04378     8.80019e+01
   1.05626     8.46070e+01
   1.06878     8.14448e+01
   1.08130     7.86016e+01
   1.09378     7.55164e+01
   1.10628     7.26561e+01
   1.11877     6.97206e+01
   1.13126     6.72862e+01
   1.14378     6.46807e+01
   1.15629     6.25677e+01
   1.16880     5.97915e+01
   1.18130     5.71877e+01
   1.19378     5.50393e+01
   1.20627     5.26860e+01
   1.21876     5.04007e+01
   1.23127     4.85556e+01
   1.24378     4.58902e+01
   1.25626     4.39191e+01
   1.26874     4.23217e+01
   1.28126     3.95403e+01
   1.29376     3.78985e+01
   1.30627     3.62239e+01
   1.31878     3.45545e+01
   1.33127     3.27137e+01
   1.34376     3.09129e+01
   1.35626     2.91819e+01
   1.36877     2.75787e+01
   1.38126     2.58286e+01
   1.39377     2.43477e+01
   1.40626     2.25792e+01
   1.41876     2.12385e+01
   1.43128     1.95658e+01
   1.44376     1.80148e+01
   1.45626     1.65385e+01
   1.46878     1.53430e+01
   1.48127     1.37943e+01
   1.49375     1.24718e+01
   1.50627     1.14613e+01
   1.51879     9.80500e+00
   1.53128     8.56041e+00
   1.54377     7.39358e+00
   1.55627     6.06005e+00
   1.56876     4.79516e+00
   1.58126     3.67341e+00
   1.59377     2.50215e+00
   1.60627     1.44752e+00
   1.61877     3.55020e-01
   1.63126    -7.47818e-01
   1.64377    -1.81668e+00
   1.65627    -2.90642e+00
   1.66875    -3.93023e+00
   1.68125    -4.95525e+00
   1.69375    -5.91172e+00
   1.70626    -6.87896e+00
   1.71876    -7.85543e+00
   1.73127    -8.84762e+00
   1.74377    -9.88693e+00
   1.75628    -1.08055e+01
   1.76876    -1.15882e+01
   1.78125    -1.25140e+01
   1.79375    -1.33852e+01
   1.80627    -1.41877e+01
   1.81877    -1.50051e+01
   1.83126    -1.58616e+01
   1.84377    -1.66949e+01
   1.85627    -1.74152e+01
   1.86877    -1.81574e+01
   1.88127    -1.90569e+01
   1.89376    -1.98508e+01
   1.90627    -2.05578e+01
   1.91877    -2.11693e+01
   1.93127    -2.20392e+01
   1.94377    -2.26911e+01
   1.95627    -2.34125e+01
   1.96877    -2.41229e+01
   1.98126    -2.47506e+01
   1.99375    -2.53992e+01
   2.00625    -2.60027e+01
   2.01875    -2.68104e+01
   2.03126    -2.73929e+01
   2.04377    -2.80690e+01
   2.05627    -2.86622e+01
   2.06876    -2.92478e+01
   2.08126    -2.97835e+01
   2.09376    -3.04254e+01
   2.10626    -3.09823e+01
   2.11877    -3.15166e+01
   2.13126    -3.21249e+01
   2.14377    -3.27249e+01
   2.15626    -3.32794e+01
   2.16875    -3.37318e+01
   2.18126    -3.42862e+01
   2.19376    -3.48598e+01
   2.20626    -3.52565e+01
   2.21876    -3.58169e+01
   2.23126    -3.63207e+01
   2.24376    -3.67984e+01
   2.25626    -3.72808e+01
   2.26876    -3.77732e+01
   2.28127    -3.82419e+01
   2.29377    -3.87236e+01
   2.30626    -3.91522e+01
   2.31876    -3.95776e+01
   2.33127    -4.00251e+01
   2.34377    -4.04655e+01
   2.35626    -4.09516e+01
   2.36877    -4.13034e+01
   2.38126    -4.17232e+01
   2.39375    -4.21359e+01
   2.40626    -4.25280e+01
   2.41875    -4.29315e+01
   2.43125    -4.33558e+01
   2.44376    -4.37331e+01
   2.45626    -4.40836e+01
   2.46877    -4.44957e+01
   2.48127    -4.48565e+01
   2.49376    -4.52522e+01
   2.50625    -4.55648e+01
   2.51875    -4.59475e+01
   2.53126    -4.62825e+01
   2.54376    -4.66082e+01
   2.55626    -4.70158e+01
   2.56876    -4.73020e+01
   2.58126    -4.76260e+01
   2.59377    -4.79085e+01
   2.60626    -4.82448e+01
   2.61876    -4.85810e+01
   2.63126    -4.88855e+01
   2.64376    -4.92074e+01
   2.65626    -4.94721e+01
   2.66876    -4.97951e+01
   2.68126    -5.00825e+01
   2.69376    -5.03726e+01
   2.70626    -5.06204e+01
   2.71876    -5.09188e+01
   2.73126    -5.11830e+01
   2.74376    -5.14663e+01
   2.75626    -5.17276e+01
   2.76877    -5.19847e+01
   2.78127    -5.22717e+01
   2.79377    -5.25338e+01
   2.80626    -5.27427e+01
   2.81875    -5.29874e+01
   2.83126    -5.32268e+01
   2.84377    -5.34699e+01
   2.85627    -5.36862e+01
   2.86876    -5.39208e+01
   2.88127    -5.41619e+01
   2.89377    -5.43651e+01
   2.90626    -5.45676e+01
   2.91876    -5.47987e+01
   2.93126    -5.50054e+01
   2.94376    -5.52141e+01
   2.95626    -5.54076e+01
   2.96876    -5.55684e+01
   2.98126    -5.57905e+01
   2.99376    -5.59836e+01
   3.00625    -5.61941e+01
   3.01875    -5.63571e+01
   3.03125    -5.65344e+01
   3.04376    -5.67105e+01
   3.05626    -5.68941e+01
   3.06876    -5.70603e+01
   3.08126    -5.72375e+01
   3.09376    -5.73877e+01
   3.10626    -5.75456e+01
   3.11876    -5.77223e+01
   3.13126    -5.78693e+01
