# Redshift space power spectrum in mu bins.
# Subtracting SN=    8.78245e+01.
#     k\mu         0.12500         0.37500         0.62500         0.87500
   0.00920     1.64199e+04             nan     2.25494e+04     1.42678e+04
   0.01534     1.87391e+04     2.21447e+04     2.54352e+04     2.70480e+04
   0.02148     1.98678e+04     2.05193e+04     2.26367e+04     2.54520e+04
   0.02761     1.96017e+04     1.88507e+04     2.17553e+04     2.26290e+04
   0.03375     1.64654e+04     1.48076e+04     1.73467e+04     2.10589e+04
   0.03988     1.31613e+04     1.43573e+04     1.57632e+04     1.77264e+04
   0.04602     1.17259e+04     1.16556e+04     1.33217e+04     1.49218e+04
   0.05216     1.08132e+04     1.14263e+04     1.21541e+04     1.37935e+04
   0.05829     9.96529e+03     1.05244e+04     1.11782e+04     1.34218e+04
   0.06443     8.82537e+03     9.40504e+03     1.05866e+04     1.15816e+04
   0.07056     8.23524e+03     8.84601e+03     9.65305e+03     1.11788e+04
   0.07670     7.81707e+03     8.35723e+03     8.94968e+03     1.05523e+04
   0.08283     6.74786e+03     7.26828e+03     8.16192e+03     9.16923e+03
   0.08897     6.07312e+03     6.70832e+03     6.97928e+03     8.13064e+03
   0.09511     5.55002e+03     5.66311e+03     6.08602e+03     6.98773e+03
   0.10124     5.07358e+03     5.26718e+03     5.89418e+03     6.53208e+03
   0.10738     4.40729e+03     4.82403e+03     5.14530e+03     5.92392e+03
   0.11351     4.34602e+03     4.43689e+03     4.98562e+03     5.66532e+03
   0.11965     4.03785e+03     4.29684e+03     4.82587e+03     5.32817e+03
   0.12579     3.93362e+03     4.25045e+03     4.56202e+03     5.33782e+03
   0.13192     3.85571e+03     4.11849e+03     4.51976e+03     5.17322e+03
   0.13806     3.45639e+03     3.82464e+03     4.16917e+03     4.69672e+03
   0.14419     3.38411e+03     3.43023e+03     3.95852e+03     4.53804e+03
   0.15033     3.05383e+03     3.29110e+03     3.50692e+03     4.10730e+03
   0.15647     2.78885e+03     2.95062e+03     3.29462e+03     3.79143e+03
   0.16260     2.68170e+03     2.76102e+03     3.05339e+03     3.49662e+03
   0.16874     2.50774e+03     2.59928e+03     2.95499e+03     3.44236e+03
   0.17487     2.42926e+03     2.46349e+03     2.78850e+03     3.26489e+03
   0.18101     2.17701e+03     2.45986e+03     2.54305e+03     3.07279e+03
   0.18715     2.19394e+03     2.32421e+03     2.50956e+03     3.03079e+03
   0.19328     2.15210e+03     2.27119e+03     2.51363e+03     2.90981e+03
   0.19942     2.05310e+03     2.14158e+03     2.37012e+03     2.83303e+03
   0.20555     1.92974e+03     2.07217e+03     2.26585e+03     2.69594e+03
   0.21169     1.78415e+03     1.95623e+03     2.25140e+03     2.49290e+03
   0.21783     1.77098e+03     1.84922e+03     2.03498e+03     2.41387e+03
   0.22396     1.63876e+03     1.70608e+03     1.96026e+03     2.24781e+03
   0.23010     1.55834e+03     1.69264e+03     1.90714e+03     2.29438e+03
   0.23623     1.54579e+03     1.57986e+03     1.80499e+03     2.16853e+03
   0.24237     1.46694e+03     1.55878e+03     1.71359e+03     1.99213e+03
   0.24850     1.43901e+03     1.52692e+03     1.68730e+03     2.05785e+03
   0.25464     1.37671e+03     1.49299e+03     1.64985e+03     1.96876e+03
   0.26078     1.33315e+03     1.45426e+03     1.59249e+03     1.91109e+03
   0.26691     1.28840e+03     1.32683e+03     1.52142e+03     1.79318e+03
   0.27305     1.26245e+03     1.33846e+03     1.49016e+03     1.70460e+03
   0.27918     1.21891e+03     1.29357e+03     1.40954e+03     1.69970e+03
   0.28532     1.15282e+03     1.24303e+03     1.41915e+03     1.63043e+03
   0.29146     1.12643e+03     1.19062e+03     1.34391e+03     1.60551e+03
   0.29759     1.07891e+03     1.16081e+03     1.28747e+03     1.53811e+03
   0.30373     1.06575e+03     1.10614e+03     1.25555e+03     1.52023e+03
   0.30986     1.02799e+03     1.09027e+03     1.25520e+03     1.46637e+03
   0.31600     9.92438e+02     1.05488e+03     1.17025e+03     1.40227e+03
   0.32214     9.80548e+02     1.02209e+03     1.15018e+03     1.41151e+03
   0.32827     9.21423e+02     9.96236e+02     1.12141e+03     1.33513e+03
   0.33441     9.01256e+02     9.60722e+02     1.10310e+03     1.32353e+03
   0.34054     8.91136e+02     9.37623e+02     1.05300e+03     1.23858e+03
   0.34668     8.65138e+02     9.37044e+02     1.03888e+03     1.28105e+03
   0.35282     8.38622e+02     8.92578e+02     9.87443e+02     1.21535e+03
   0.35895     8.20815e+02     8.72320e+02     9.74531e+02     1.20363e+03
   0.36509     7.93634e+02     8.44392e+02     9.46678e+02     1.13268e+03
   0.37122     7.70629e+02     8.56729e+02     9.56492e+02     1.12901e+03
   0.37736     7.73287e+02     8.22261e+02     9.03497e+02     1.12665e+03
   0.38350     7.19148e+02     7.95766e+02     9.14735e+02     1.08362e+03
   0.38963     7.23247e+02     7.86677e+02     8.57824e+02     1.04840e+03
   0.39577     7.15807e+02     7.62235e+02     8.38206e+02     1.04594e+03
   0.40190     6.85823e+02     7.39828e+02     8.63710e+02     1.02769e+03
   0.40804     6.76420e+02     7.27088e+02     8.11242e+02     1.02748e+03
   0.41417     6.50628e+02     6.98900e+02     7.95828e+02     9.68019e+02
   0.42031     6.50983e+02     6.85518e+02     7.80888e+02     9.58733e+02
   0.42645     6.31715e+02     6.57153e+02     7.76225e+02     9.32841e+02
   0.43258     6.08618e+02     6.44449e+02     7.25600e+02     9.03773e+02
   0.43872     5.92956e+02     6.36607e+02     7.30625e+02     8.92610e+02
   0.44485     6.03626e+02     6.06873e+02     7.14382e+02     8.70378e+02
   0.45099     5.60481e+02     6.18348e+02     7.02789e+02     8.59676e+02
   0.45713     5.63444e+02     5.88068e+02     6.85195e+02     8.65082e+02
   0.46326     5.55462e+02     5.89452e+02     6.70871e+02     8.32122e+02
   0.46940     5.48756e+02     5.81460e+02     6.54725e+02     8.22597e+02
   0.47553     5.25854e+02     5.62953e+02     6.52064e+02     8.07672e+02
   0.48167     5.08411e+02     5.58990e+02     6.45281e+02     7.96984e+02
   0.48781     5.00801e+02     5.43425e+02     6.09343e+02     7.84002e+02
   0.49394     4.95171e+02     5.25727e+02     6.19571e+02     7.60853e+02
   0.50008     4.82125e+02     5.19097e+02     5.89300e+02     7.53989e+02
   0.50621     4.78077e+02     5.07339e+02     5.80343e+02     7.46644e+02
   0.51235     4.69856e+02     4.90680e+02     5.60897e+02     7.10496e+02
   0.51849     4.55994e+02     4.91784e+02     5.66510e+02     7.01147e+02
   0.52462     4.47422e+02     4.84385e+02     5.50449e+02     6.97123e+02
   0.53076     4.41189e+02     4.68709e+02     5.51082e+02     6.88265e+02
   0.53689     4.33563e+02     4.64778e+02     5.37471e+02     6.69238e+02
   0.54303     4.24491e+02     4.53097e+02     5.34588e+02     6.65164e+02
   0.54917     4.25319e+02     4.50606e+02     5.18715e+02     6.59499e+02
   0.55530     4.09127e+02     4.43342e+02     5.12827e+02     6.48261e+02
   0.56144     4.06329e+02     4.37151e+02     4.99832e+02     6.34669e+02
   0.56757     3.88110e+02     4.21175e+02     4.87829e+02     6.23163e+02
   0.57371     3.90995e+02     4.21807e+02     4.79066e+02     6.19895e+02
   0.57984     3.81773e+02     4.06282e+02     4.73504e+02     5.99203e+02
   0.58598     3.76706e+02     4.04504e+02     4.75474e+02     5.90919e+02
   0.59212     3.68910e+02     4.01072e+02     4.61128e+02     5.80329e+02
   0.59825     3.64120e+02     3.93335e+02     4.59525e+02     5.73367e+02
   0.60439     3.63937e+02     3.86611e+02     4.50925e+02     5.70325e+02
   0.61052     3.47260e+02     3.73067e+02     4.48406e+02     5.61469e+02
   0.61666     3.49137e+02     3.73225e+02     4.31588e+02     5.57668e+02
   0.62280     3.38334e+02     3.69752e+02     4.27311e+02     5.45056e+02
   0.62893     3.34186e+02     3.63190e+02     4.17705e+02     5.34731e+02
   0.63507     3.29326e+02     3.57055e+02     4.17458e+02     5.34260e+02
   0.64120     3.29646e+02     3.48952e+02     4.07918e+02     5.23953e+02
   0.64734     3.21954e+02     3.47129e+02     4.00024e+02     5.21138e+02
   0.65348     3.15216e+02     3.38324e+02     3.97229e+02     5.09706e+02
   0.65961     3.05049e+02     3.28177e+02     3.86058e+02     5.03152e+02
   0.66575     3.03271e+02     3.24341e+02     3.89649e+02     4.93755e+02
   0.67188     3.01532e+02     3.17048e+02     3.83607e+02     4.93775e+02
   0.67802     2.93445e+02     3.19568e+02     3.74482e+02     4.81506e+02
   0.68416     2.90692e+02     3.12615e+02     3.69509e+02     4.75026e+02
   0.69029     2.88386e+02     3.12514e+02     3.68843e+02     4.64885e+02
   0.69643     2.76224e+02     3.02224e+02     3.54269e+02     4.62146e+02
   0.70256     2.73066e+02     3.01659e+02     3.52758e+02     4.56216e+02
   0.70870     2.78366e+02     2.94612e+02     3.47736e+02     4.47333e+02
   0.71484     2.67319e+02     2.89169e+02     3.44494e+02     4.39920e+02
   0.72097     2.64597e+02     2.86292e+02     3.38806e+02     4.40739e+02
   0.72711     2.61227e+02     2.82509e+02     3.37480e+02     4.44485e+02
   0.73324     2.56347e+02     2.80297e+02     3.25057e+02     4.25735e+02
   0.73938     2.54768e+02     2.76311e+02     3.26762e+02     4.16861e+02
   0.74551     2.50180e+02     2.71658e+02     3.24697e+02     4.14158e+02
   0.75165     2.48973e+02     2.67739e+02     3.15689e+02     4.09733e+02
   0.75779     2.40380e+02     2.61327e+02     3.15399e+02     4.00118e+02
   0.76392     2.38866e+02     2.59047e+02     3.05232e+02     3.99197e+02
   0.77006     2.33790e+02     2.55007e+02     3.03853e+02     3.95566e+02
   0.77619     2.32242e+02     2.51231e+02     2.97001e+02     3.90642e+02
   0.78233     2.30145e+02     2.47330e+02     2.96307e+02     3.90929e+02
   0.78847     2.26540e+02     2.49614e+02     2.88417e+02     3.81962e+02
   0.79460     2.22746e+02     2.44040e+02     2.87362e+02     3.78568e+02
   0.80074     2.17116e+02     2.35595e+02     2.84924e+02     3.74486e+02
   0.80687     2.17343e+02     2.34828e+02     2.78759e+02     3.68341e+02
   0.81301     2.13838e+02     2.33340e+02     2.74182e+02     3.63350e+02
   0.81915     2.12034e+02     2.30260e+02     2.73718e+02     3.54438e+02
   0.82528     2.07673e+02     2.24561e+02     2.67275e+02     3.58443e+02
   0.83142     2.01552e+02     2.20742e+02     2.63997e+02     3.50099e+02
   0.83755     2.00896e+02     2.18915e+02     2.59554e+02     3.47481e+02
   0.84369     1.96980e+02     2.14434e+02     2.56697e+02     3.41332e+02
   0.84983     1.97036e+02     2.14810e+02     2.53524e+02     3.37179e+02
   0.85596     1.94550e+02     2.09167e+02     2.50512e+02     3.38032e+02
   0.86210     1.95412e+02     2.08255e+02     2.48168e+02     3.27959e+02
   0.86823     1.87286e+02     2.05071e+02     2.47608e+02     3.27310e+02
   0.87437     1.88617e+02     1.99461e+02     2.44709e+02     3.20095e+02
   0.88050     1.86494e+02     2.02914e+02     2.37443e+02     3.15330e+02
   0.88664     1.80352e+02     1.97314e+02     2.34504e+02     3.14403e+02
   0.89278     1.78338e+02     1.91988e+02     2.33911e+02     3.11425e+02
   0.89891     1.77541e+02     1.88185e+02     2.30097e+02     3.04287e+02
   0.90505     1.74661e+02     1.88478e+02     2.27888e+02     3.01027e+02
   0.91118     1.69425e+02     1.88933e+02     2.22299e+02     3.03317e+02
   0.91732     1.67732e+02     1.83185e+02     2.20103e+02     2.98014e+02
   0.92346     1.66193e+02     1.80900e+02     2.12561e+02     2.90246e+02
   0.92959     1.62505e+02     1.78623e+02     2.15401e+02     2.91974e+02
   0.93573     1.61639e+02     1.76186e+02     2.09899e+02     2.88388e+02
   0.94186     1.58648e+02     1.74338e+02     2.09988e+02     2.83772e+02
   0.94800     1.58239e+02     1.71568e+02     2.03832e+02     2.82106e+02
   0.95414     1.57712e+02     1.68867e+02     2.04726e+02     2.75686e+02
   0.96027     1.53460e+02     1.68393e+02     2.00013e+02     2.72688e+02
   0.96641     1.53151e+02     1.64986e+02     1.98930e+02     2.70780e+02
   0.97254     1.48333e+02     1.66349e+02     1.96613e+02     2.68518e+02
   0.97868     1.47373e+02     1.59330e+02     1.93445e+02     2.63518e+02
   0.98482     1.45385e+02     1.59375e+02     1.91073e+02     2.61531e+02
   0.99095     1.46434e+02     1.57424e+02     1.88094e+02     2.58148e+02
   0.99709     1.41496e+02     1.54757e+02     1.87517e+02     2.54294e+02
   1.00322     1.39351e+02     1.53638e+02     1.85986e+02     2.50335e+02
   1.00936     1.37791e+02     1.51060e+02     1.84043e+02     2.51139e+02
   1.01550     1.35162e+02     1.48759e+02     1.78859e+02     2.45395e+02
   1.02163     1.32386e+02     1.47256e+02     1.74301e+02     2.42398e+02
   1.02777     1.33191e+02     1.44423e+02     1.75673e+02     2.41359e+02
   1.03390     1.30395e+02     1.43076e+02     1.75807e+02     2.39409e+02
   1.04004     1.28238e+02     1.41783e+02     1.73451e+02     2.40003e+02
   1.04617     1.25971e+02     1.40875e+02     1.67685e+02     2.33681e+02
   1.05231     1.25543e+02     1.37079e+02     1.67466e+02     2.31491e+02
   1.05845     1.22865e+02     1.35272e+02     1.66080e+02     2.27955e+02
   1.06458     1.22402e+02     1.33559e+02     1.61091e+02     2.24894e+02
   1.07072     1.19586e+02     1.30768e+02     1.59159e+02     2.22249e+02
   1.07685     1.19450e+02     1.29972e+02     1.56781e+02     2.19184e+02
   1.08299     1.17128e+02     1.27832e+02     1.55311e+02     2.18215e+02
   1.08913     1.15873e+02     1.26947e+02     1.52968e+02     2.16595e+02
   1.09526     1.13552e+02     1.25169e+02     1.53381e+02     2.12395e+02
   1.10140     1.12947e+02     1.23384e+02     1.50873e+02     2.09603e+02
   1.10753     1.11429e+02     1.20653e+02     1.47946e+02     2.08844e+02
   1.11367     1.08957e+02     1.20102e+02     1.47673e+02     2.03205e+02
   1.11981     1.08431e+02     1.18671e+02     1.45865e+02     2.02457e+02
   1.12594     1.05538e+02     1.15769e+02     1.44746e+02     1.99306e+02
   1.13208     1.05536e+02     1.14145e+02     1.40805e+02     1.98900e+02
   1.13821     1.02428e+02     1.14019e+02     1.39153e+02     1.96151e+02
   1.14435     1.01961e+02     1.11669e+02     1.37922e+02     1.92867e+02
   1.15049     9.96291e+01     1.10030e+02     1.34361e+02     1.92236e+02
   1.15662     9.90842e+01     1.09588e+02     1.33612e+02     1.87674e+02
   1.16276     9.79335e+01     1.06035e+02     1.32623e+02     1.88030e+02
   1.16889     9.62815e+01     1.07044e+02     1.31418e+02     1.84200e+02
   1.17503     9.39624e+01     1.04355e+02     1.29718e+02     1.84019e+02
   1.18117     9.34464e+01     1.03245e+02     1.26461e+02     1.79701e+02
   1.18730     9.01598e+01     1.01236e+02     1.25387e+02     1.77963e+02
   1.19344     9.08347e+01     1.00300e+02     1.25087e+02     1.77187e+02
   1.19957     8.94623e+01     9.88373e+01     1.22860e+02     1.74524e+02
   1.20571     8.85535e+01     9.75105e+01     1.22243e+02     1.73630e+02
   1.21184     8.64701e+01     9.57278e+01     1.17566e+02     1.70247e+02
   1.21798     8.52021e+01     9.42170e+01     1.18614e+02     1.68157e+02
   1.22412     8.38646e+01     9.24899e+01     1.15375e+02     1.67457e+02
   1.23025     8.34698e+01     9.19060e+01     1.13121e+02     1.64143e+02
   1.23639     8.13303e+01     9.07991e+01     1.11067e+02     1.61867e+02
   1.24252     8.04465e+01     8.86340e+01     1.11868e+02     1.62114e+02
   1.24866     7.83113e+01     8.74143e+01     1.09874e+02     1.61054e+02
   1.25480     7.78628e+01     8.65615e+01     1.07632e+02     1.58402e+02
   1.26093     7.63286e+01     8.44527e+01     1.06458e+02     1.54701e+02
   1.26707     7.48139e+01     8.38542e+01     1.04685e+02     1.52627e+02
   1.27320     7.48551e+01     8.32571e+01     1.03667e+02     1.51499e+02
   1.27934     7.26437e+01     8.09423e+01     1.01145e+02     1.50548e+02
   1.28548     7.26764e+01     8.07764e+01     9.99295e+01     1.48287e+02
   1.29161     7.12632e+01     7.87468e+01     1.00010e+02     1.45640e+02
   1.29775     6.93979e+01     7.70773e+01     9.81250e+01     1.44017e+02
   1.30388     7.04690e+01     7.61573e+01     9.68811e+01     1.42785e+02
   1.31002     6.81294e+01     7.49564e+01     9.70640e+01     1.40994e+02
   1.31616     6.64134e+01     7.40242e+01     9.36159e+01     1.37166e+02
   1.32229     6.52668e+01     7.26173e+01     9.26914e+01     1.36299e+02
   1.32843     6.40480e+01     7.26040e+01     9.13489e+01     1.35503e+02
   1.33456     6.33660e+01     7.13482e+01     9.00231e+01     1.32943e+02
   1.34070     6.27325e+01     6.86157e+01     9.08268e+01     1.32200e+02
   1.34684     6.14444e+01     6.86044e+01     8.72901e+01     1.28948e+02
   1.35297     6.12157e+01     6.71061e+01     8.66279e+01     1.27248e+02
   1.35911     5.84639e+01     6.67948e+01     8.56043e+01     1.27618e+02
   1.36524     5.70993e+01     6.48704e+01     8.40717e+01     1.25675e+02
   1.37138     5.76245e+01     6.51097e+01     8.29554e+01     1.23639e+02
   1.37751     5.59042e+01     6.33714e+01     8.09773e+01     1.23468e+02
   1.38365     5.52513e+01     6.22729e+01     7.91018e+01     1.20486e+02
   1.38979     5.47994e+01     6.20514e+01     7.87783e+01     1.19360e+02
   1.39592     5.29511e+01     6.08071e+01     7.60366e+01     1.18402e+02
   1.40206     5.20303e+01     5.93150e+01     7.65601e+01     1.16516e+02
   1.40819     5.10426e+01     5.74408e+01     7.46403e+01     1.15881e+02
   1.41433     5.06045e+01     5.72778e+01     7.41229e+01     1.12652e+02
   1.42047     4.97842e+01     5.45250e+01     7.27461e+01     1.11236e+02
   1.42660     4.78387e+01     5.61979e+01     7.19380e+01     1.08469e+02
   1.43274     4.69995e+01     5.37693e+01     7.05665e+01     1.08418e+02
   1.43887     4.75628e+01     5.34433e+01     6.85649e+01     1.07059e+02
   1.44501     4.58582e+01     5.18295e+01     6.77321e+01     1.06670e+02
   1.45115     4.44190e+01     5.11736e+01     6.67207e+01     1.05142e+02
   1.45728     4.38286e+01     5.00345e+01     6.61946e+01     1.02566e+02
   1.46342     4.31551e+01     4.88906e+01     6.62609e+01     1.02258e+02
   1.46955     4.25542e+01     4.79538e+01     6.48162e+01     9.95695e+01
   1.47569     4.24634e+01     4.73834e+01     6.28274e+01     9.99255e+01
   1.48183     4.09274e+01     4.63792e+01     6.16318e+01     9.68687e+01
   1.48796     4.08117e+01     4.61034e+01     5.99638e+01     9.55349e+01
   1.49410     3.85066e+01     4.42803e+01     5.90707e+01     9.44896e+01
   1.50023     3.92428e+01     4.39770e+01     5.90741e+01     9.33052e+01
   1.50637     3.68510e+01     4.23688e+01     5.74825e+01     9.29138e+01
   1.51251     3.61732e+01     4.22275e+01     5.71029e+01     9.05960e+01
   1.51864     3.57515e+01     4.05523e+01     5.52896e+01     8.99278e+01
   1.52478     3.49711e+01     4.02895e+01     5.43998e+01     8.85699e+01
   1.53091     3.44969e+01     3.94385e+01     5.36324e+01     8.72604e+01
   1.53705     3.30836e+01     3.84296e+01     5.23583e+01     8.54191e+01
   1.54318     3.36564e+01     3.78070e+01     5.14652e+01     8.40214e+01
   1.54932     3.19017e+01     3.72639e+01     5.06827e+01     8.36027e+01
   1.55546     3.09672e+01     3.60143e+01     4.90841e+01     8.17443e+01
   1.56159     3.08692e+01     3.46097e+01     4.87384e+01     8.09827e+01
   1.56773     2.94708e+01     3.37655e+01     4.62857e+01     7.98119e+01
   1.57386     2.84094e+01     3.39872e+01     4.66731e+01     7.75806e+01
   1.58000     2.79859e+01     3.30426e+01     4.69472e+01     7.71746e+01
   1.58614     2.73044e+01     3.19811e+01     4.46469e+01     7.54104e+01
   1.59227     2.66661e+01     3.08194e+01     4.41102e+01     7.39060e+01
   1.59841     2.55857e+01     3.03460e+01     4.25029e+01     7.43954e+01
   1.60454     2.41181e+01     2.92770e+01     4.20263e+01     7.26444e+01
   1.61068     2.39368e+01     2.86821e+01     4.17726e+01     7.16254e+01
   1.61682     2.34782e+01     2.72563e+01     4.02739e+01     6.98625e+01
   1.62295     2.25424e+01     2.66002e+01     3.95037e+01     6.79963e+01
   1.62909     2.23051e+01     2.62061e+01     3.85242e+01     6.80942e+01
   1.63522     2.11061e+01     2.52800e+01     3.78621e+01     6.67264e+01
   1.64136     2.06692e+01     2.42673e+01     3.64353e+01     6.53614e+01
   1.64750     1.98795e+01     2.38875e+01     3.61397e+01     6.42441e+01
   1.65363     1.92119e+01     2.37145e+01     3.49316e+01     6.29026e+01
   1.65977     1.90551e+01     2.23088e+01     3.40199e+01     6.22213e+01
   1.66590     1.75017e+01     2.18441e+01     3.32775e+01     6.08874e+01
   1.67204     1.72326e+01     2.08176e+01     3.24289e+01     6.02546e+01
   1.67817     1.68448e+01     2.06866e+01     3.18052e+01     5.90248e+01
   1.68431     1.57846e+01     1.97406e+01     3.03238e+01     5.75217e+01
   1.69045     1.52137e+01     1.90497e+01     2.94922e+01     5.63557e+01
   1.69658     1.47413e+01     1.82867e+01     2.95035e+01     5.56303e+01
   1.70272     1.35082e+01     1.77664e+01     2.84153e+01     5.36789e+01
   1.70885     1.36365e+01     1.70399e+01     2.77305e+01     5.34390e+01
   1.71499     1.32615e+01     1.63518e+01     2.69700e+01     5.29020e+01
   1.72113     1.19329e+01     1.54244e+01     2.61737e+01     5.15312e+01
   1.72726     1.11695e+01     1.46931e+01     2.50646e+01     5.02570e+01
   1.73340     1.12633e+01     1.44877e+01     2.48393e+01     4.91205e+01
   1.73953     1.03397e+01     1.29944e+01     2.39354e+01     4.89341e+01
   1.74567     9.57230e+00     1.30648e+01     2.23688e+01     4.77777e+01
   1.75181     8.81189e+00     1.21211e+01     2.23613e+01     4.60660e+01
   1.75794     8.31056e+00     1.15711e+01     2.13540e+01     4.57297e+01
   1.76408     7.90476e+00     1.08254e+01     2.10312e+01     4.43415e+01
   1.77021     6.76692e+00     1.03708e+01     1.94985e+01     4.34767e+01
   1.77635     6.86872e+00     9.43635e+00     1.90493e+01     4.31786e+01
   1.78249     6.16413e+00     8.95471e+00     1.84872e+01     4.22600e+01
   1.78862     5.22153e+00     8.51747e+00     1.73391e+01     4.14968e+01
   1.79476     4.75493e+00     7.51216e+00     1.68132e+01     4.01897e+01
   1.80089     4.31946e+00     7.05052e+00     1.64571e+01     3.90480e+01
   1.80703     3.60131e+00     6.41317e+00     1.53543e+01     3.82429e+01
   1.81317     2.64456e+00     5.31623e+00     1.49028e+01     3.64540e+01
   1.81930     3.07855e+00     5.71898e+00     1.40037e+01     3.63481e+01
   1.82544     1.78222e+00     4.61850e+00     1.36411e+01     3.48418e+01
   1.83157     9.30817e-01     4.35901e+00     1.23892e+01     3.42689e+01
   1.83771     7.59809e-01     3.04938e+00     1.19048e+01     3.38433e+01
   1.84384     1.58914e-02     2.73882e+00     1.07306e+01     3.29083e+01
   1.84998     5.20193e-01     2.56557e+00     1.06484e+01     3.19984e+01
   1.85612     9.32107e-01     1.47638e+00     9.96988e+00     3.11941e+01
   1.86225     1.14300e+00     1.20889e+00     8.89717e+00     3.02957e+01
   1.86839     2.20772e+00     9.53082e-01     8.42121e+00     2.94116e+01
   1.87452     2.42877e+00     2.43165e-01     7.60925e+00     2.84613e+01
   1.88066     3.42122e+00     5.32621e-01     6.93112e+00     2.76493e+01
   1.88680     3.89020e+00     1.14578e+00     6.80281e+00     2.67363e+01
   1.89293     4.39110e+00     1.99121e+00     5.73151e+00     2.56361e+01
   1.89907     4.89577e+00     1.76838e+00     5.79608e+00     2.49998e+01
   1.90520     5.18567e+00     2.85613e+00     4.25514e+00     2.40302e+01
   1.91134     5.77408e+00     3.40178e+00     3.71159e+00     2.33848e+01
   1.91748     6.14308e+00     4.06470e+00     3.67068e+00     2.25272e+01
   1.92361     6.67326e+00     4.05837e+00     3.10547e+00     2.19337e+01
   1.92975     7.32653e+00     5.29240e+00     2.37945e+00     2.17403e+01
   1.93588     7.76361e+00     5.53649e+00     1.45286e+00     1.99840e+01
   1.94202     8.27567e+00     5.93220e+00     1.35485e+00     1.98002e+01
   1.94816     8.61318e+00     6.43623e+00     5.14506e-01     1.89337e+01
   1.95429     9.02619e+00     7.17883e+00     1.94748e-01     1.82244e+01
   1.96043     1.00054e+01     7.74274e+00     1.28664e+00     1.72088e+01
   1.96656     1.01891e+01     8.12465e+00     1.29147e+00     1.66665e+01
   1.97270     1.05079e+01     8.55494e+00     2.10183e+00     1.60439e+01
   1.97884     1.09935e+01     9.35713e+00     2.83281e+00     1.51696e+01
   1.98497     1.16521e+01     9.59373e+00     3.32194e+00     1.39253e+01
   1.99111     1.17437e+01     1.04136e+01     3.95918e+00     1.38994e+01
   1.99724     1.24789e+01     1.08003e+01     4.55279e+00     1.28802e+01
   2.00338     1.28371e+01     1.10858e+01     4.66625e+00     1.25302e+01
   2.00951     1.36399e+01     1.14206e+01     5.42749e+00     1.15823e+01
   2.01565     1.37090e+01     1.25667e+01     6.18024e+00     1.09183e+01
   2.02179     1.47118e+01     1.25824e+01     6.88154e+00     1.00850e+01
   2.02792     1.51689e+01     1.30410e+01     7.25944e+00     9.06366e+00
   2.03406     1.54995e+01     1.33703e+01     8.09122e+00     8.33469e+00
   2.04019     1.59750e+01     1.42528e+01     8.22620e+00     7.78585e+00
   2.04633     1.62224e+01     1.46688e+01     9.18583e+00     7.05546e+00
   2.05247     1.66841e+01     1.52035e+01     9.16060e+00     6.43874e+00
   2.05860     1.68511e+01     1.54532e+01     1.02225e+01     6.15954e+00
   2.06474     1.73215e+01     1.58112e+01     1.04173e+01     5.29565e+00
   2.07087     1.78368e+01     1.63689e+01     1.11975e+01     4.56598e+00
   2.07701     1.81395e+01     1.70364e+01     1.16720e+01     4.28195e+00
   2.08315     1.87418e+01     1.72170e+01     1.19538e+01     3.56896e+00
   2.08928     1.90862e+01     1.80587e+01     1.22491e+01     2.54271e+00
   2.09542     1.94153e+01     1.80116e+01     1.32472e+01     1.51587e+00
   2.10155     2.02300e+01     1.85414e+01     1.36922e+01     1.27556e+00
   2.10769     2.02015e+01     1.91493e+01     1.40549e+01     9.07948e-01
   2.11383     2.07621e+01     1.95310e+01     1.43230e+01     2.87439e-02
   2.11996     2.12933e+01     2.00814e+01     1.53429e+01     6.15606e-01
   2.12610     2.16069e+01     2.05663e+01     1.56886e+01     1.12072e+00
   2.13223     2.19837e+01     2.08857e+01     1.58606e+01     1.66349e+00
   2.13837     2.26313e+01     2.12756e+01     1.67546e+01     2.19664e+00
   2.14451     2.28689e+01     2.18813e+01     1.70767e+01     3.25214e+00
   2.15064     2.30852e+01     2.21567e+01     1.75802e+01     3.84615e+00
   2.15678     2.35913e+01     2.27447e+01     1.78895e+01     4.35820e+00
   2.16291     2.41498e+01     2.29685e+01     1.84257e+01     4.81049e+00
   2.16905     2.44726e+01     2.34464e+01     1.92178e+01     5.60269e+00
   2.17518     2.45499e+01     2.38182e+01     1.96213e+01     5.72728e+00
   2.18132     2.54914e+01     2.42780e+01     2.00232e+01     6.64059e+00
   2.18746     2.57077e+01     2.45991e+01     2.03801e+01     7.14334e+00
   2.19359     2.57823e+01     2.50630e+01     2.07131e+01     7.90009e+00
   2.19973     2.63625e+01     2.56360e+01     2.15272e+01     8.42504e+00
   2.20586     2.66832e+01     2.57166e+01     2.18911e+01     8.68468e+00
   2.21200     2.68938e+01     2.61909e+01     2.22728e+01     9.24952e+00
   2.21814     2.73750e+01     2.66955e+01     2.26157e+01     1.00438e+01
   2.22427     2.77750e+01     2.68609e+01     2.33157e+01     1.05500e+01
   2.23041     2.80408e+01     2.73515e+01     2.35546e+01     1.09009e+01
   2.23654     2.83154e+01     2.79097e+01     2.39623e+01     1.15143e+01
   2.24268     2.89050e+01     2.82722e+01     2.43830e+01     1.22179e+01
   2.24882     2.91793e+01     2.82733e+01     2.47986e+01     1.30444e+01
   2.25495     2.94944e+01     2.89246e+01     2.52132e+01     1.30887e+01
   2.26109     2.98670e+01     2.93363e+01     2.55764e+01     1.40014e+01
   2.26722     3.01394e+01     2.96435e+01     2.61915e+01     1.39838e+01
   2.27336     3.08327e+01     2.98771e+01     2.66922e+01     1.49993e+01
   2.27950     3.12818e+01     3.03257e+01     2.69682e+01     1.51123e+01
   2.28563     3.11536e+01     3.05924e+01     2.73518e+01     1.58806e+01
   2.29177     3.14311e+01     3.12869e+01     2.79583e+01     1.62417e+01
   2.29790     3.21230e+01     3.12127e+01     2.84347e+01     1.67906e+01
   2.30404     3.23642e+01     3.21115e+01     2.86895e+01     1.68928e+01
   2.31018     3.26353e+01     3.22809e+01     2.91162e+01     1.79981e+01
   2.31631     3.29096e+01     3.24113e+01     2.94466e+01     1.84169e+01
   2.32245     3.32356e+01     3.29088e+01     3.00249e+01     1.86548e+01
   2.32858     3.35715e+01     3.30857e+01     3.03528e+01     1.91389e+01
   2.33472     3.40653e+01     3.35269e+01     3.08521e+01     1.97266e+01
   2.34085     3.43418e+01     3.40649e+01     3.12091e+01     2.02610e+01
   2.34699     3.47402e+01     3.43922e+01     3.14494e+01     2.07760e+01
   2.35313     3.48039e+01     3.45566e+01     3.18526e+01     2.13781e+01
   2.35926     3.52679e+01     3.49911e+01     3.24496e+01     2.15701e+01
   2.36540     3.53362e+01     3.51569e+01     3.28046e+01     2.20996e+01
   2.37153     3.55490e+01     3.56929e+01     3.29857e+01     2.26379e+01
   2.37767     3.63048e+01     3.59052e+01     3.34863e+01     2.30031e+01
   2.38381     3.64173e+01     3.61590e+01     3.38592e+01     2.35034e+01
   2.38994     3.67358e+01     3.68102e+01     3.43026e+01     2.40383e+01
   2.39608     3.68687e+01     3.70644e+01     3.44561e+01     2.42197e+01
   2.40221     3.72649e+01     3.71364e+01     3.48797e+01     2.49182e+01
   2.40835     3.76479e+01     3.75074e+01     3.52863e+01     2.51159e+01
   2.41449     3.82299e+01     3.80746e+01     3.57426e+01     2.56119e+01
   2.42062     3.81792e+01     3.80715e+01     3.57925e+01     2.62015e+01
   2.42676     3.85045e+01     3.87308e+01     3.64056e+01     2.62347e+01
   2.43289     3.87222e+01     3.89900e+01     3.68064e+01     2.67271e+01
   2.43903     3.90565e+01     3.91173e+01     3.69949e+01     2.73048e+01
   2.44517     3.91165e+01     3.95333e+01     3.74603e+01     2.77806e+01
   2.45130     3.95270e+01     3.97949e+01     3.80382e+01     2.81275e+01
   2.45744     3.99689e+01     4.01005e+01     3.81654e+01     2.84172e+01
   2.46357     4.01004e+01     4.04134e+01     3.86520e+01     2.88128e+01
   2.46971     4.04561e+01     4.06693e+01     3.88390e+01     2.94292e+01
   2.47584     4.08678e+01     4.09665e+01     3.91255e+01     2.99182e+01
   2.48198     4.09914e+01     4.12893e+01     3.94756e+01     3.02126e+01
   2.48812     4.11936e+01     4.16663e+01     3.97768e+01     3.04239e+01
   2.49425     4.14405e+01     4.18861e+01     3.99930e+01     3.08586e+01
   2.50039     4.17204e+01     4.23162e+01     4.04396e+01     3.14300e+01
   2.50652     4.21145e+01     4.24926e+01     4.07655e+01     3.17920e+01
   2.51266     4.23994e+01     4.26460e+01     4.11015e+01     3.20757e+01
   2.51880     4.25768e+01     4.29091e+01     4.14473e+01     3.25371e+01
   2.52493     4.27880e+01     4.31328e+01     4.18037e+01     3.29596e+01
   2.53107     4.31719e+01     4.35300e+01     4.20775e+01     3.32355e+01
   2.53720     4.33341e+01     4.37583e+01     4.25289e+01     3.34872e+01
   2.54334     4.35654e+01     4.41309e+01     4.25365e+01     3.41721e+01
   2.54948     4.37368e+01     4.44141e+01     4.28531e+01     3.42446e+01
   2.55561     4.40220e+01     4.46078e+01     4.32746e+01     3.45232e+01
   2.56175     4.45592e+01     4.49201e+01     4.34294e+01     3.48732e+01
   2.56788     4.46609e+01     4.50967e+01     4.38420e+01     3.53905e+01
   2.57402     4.48270e+01     4.55068e+01     4.42889e+01     3.57056e+01
   2.58016     4.51441e+01     4.56960e+01     4.45045e+01     3.60736e+01
   2.58629     4.51276e+01     4.59115e+01     4.49245e+01     3.63481e+01
   2.59243     4.54387e+01     4.63573e+01     4.50998e+01     3.65945e+01
   2.59856     4.56625e+01     4.65137e+01     4.54934e+01     3.70802e+01
   2.60470     4.60067e+01     4.65983e+01     4.56855e+01     3.74184e+01
   2.61084     4.61448e+01     4.68257e+01     4.58269e+01     3.74397e+01
   2.61697     4.63320e+01     4.72336e+01     4.63686e+01     3.81216e+01
   2.62311     4.65934e+01     4.75214e+01     4.66984e+01     3.83610e+01
   2.62924     4.67377e+01     4.77051e+01     4.69600e+01     3.86964e+01
   2.63538     4.69509e+01     4.79188e+01     4.71024e+01     3.89649e+01
   2.64151     4.73692e+01     4.81752e+01     4.73890e+01     3.92164e+01
   2.64765     4.73972e+01     4.84010e+01     4.78580e+01     3.96009e+01
   2.65379     4.76812e+01     4.87436e+01     4.80500e+01     3.96570e+01
   2.65992     4.78844e+01     4.89110e+01     4.83623e+01     4.02761e+01
   2.66606     4.82139e+01     4.89285e+01     4.85235e+01     4.04969e+01
   2.67219     4.83746e+01     4.93958e+01     4.86182e+01     4.08135e+01
   2.67833     4.86945e+01     4.95711e+01     4.90866e+01     4.10413e+01
   2.68447     4.88696e+01     4.99690e+01     4.92257e+01     4.13739e+01
   2.69060     4.89771e+01     5.01147e+01     4.95976e+01     4.19393e+01
   2.69674     4.91686e+01     5.01655e+01     4.98517e+01     4.18410e+01
   2.70287     4.93778e+01     5.04141e+01     5.00222e+01     4.22857e+01
   2.70901     4.95828e+01     5.06863e+01     5.03789e+01     4.26633e+01
   2.71515     4.98131e+01     5.09836e+01     5.05711e+01     4.27978e+01
   2.72128     5.01386e+01     5.10293e+01     5.09844e+01     4.33262e+01
   2.72742     5.00880e+01     5.14059e+01     5.11780e+01     4.35803e+01
   2.73355     5.02652e+01     5.16080e+01     5.14046e+01     4.36846e+01
   2.73969     5.04009e+01     5.18183e+01     5.15399e+01     4.39863e+01
   2.74583     5.07167e+01     5.20191e+01     5.17582e+01     4.43253e+01
   2.75196     5.09864e+01     5.22493e+01     5.21076e+01     4.44936e+01
   2.75810     5.10219e+01     5.24972e+01     5.24887e+01     4.47402e+01
   2.76423     5.13926e+01     5.26821e+01     5.25949e+01     4.50129e+01
   2.77037     5.13996e+01     5.29392e+01     5.29563e+01     4.51745e+01
   2.77651     5.15877e+01     5.30782e+01     5.31793e+01     4.55263e+01
   2.78264     5.18055e+01     5.33121e+01     5.32989e+01     4.56826e+01
   2.78878     5.21116e+01     5.34690e+01     5.34507e+01     4.60806e+01
   2.79491     5.22123e+01     5.36570e+01     5.39455e+01     4.61982e+01
   2.80105     5.22522e+01     5.38310e+01     5.40525e+01     4.65284e+01
   2.80718     5.24813e+01     5.40003e+01     5.42851e+01     4.66978e+01
   2.81332     5.27493e+01     5.43709e+01     5.44657e+01     4.70179e+01
   2.81946     5.27511e+01     5.44200e+01     5.47118e+01     4.71442e+01
   2.82559     5.30643e+01     5.46085e+01     5.48215e+01     4.74145e+01
   2.83173     5.31819e+01     5.48688e+01     5.51004e+01     4.76939e+01
   2.83786     5.33325e+01     5.50909e+01     5.53707e+01     4.79138e+01
   2.84400     5.35448e+01     5.52642e+01     5.55868e+01     4.81989e+01
   2.85014     5.36844e+01     5.54210e+01     5.58443e+01     4.83604e+01
   2.85627     5.37359e+01     5.56925e+01     5.60305e+01     4.87001e+01
   2.86241     5.40334e+01     5.57358e+01     5.62597e+01     4.88829e+01
   2.86854     5.40720e+01     5.59244e+01     5.64758e+01     4.89744e+01
   2.87468     5.41691e+01     5.61069e+01     5.66896e+01     4.92964e+01
   2.88082     5.43746e+01     5.62504e+01     5.69070e+01     4.94873e+01
   2.88695     5.44489e+01     5.64281e+01     5.71578e+01     4.96112e+01
   2.89309     5.46996e+01     5.66056e+01     5.73293e+01     4.99396e+01
   2.89922     5.49779e+01     5.69392e+01     5.75555e+01     5.01770e+01
   2.90536     5.50318e+01     5.70225e+01     5.77544e+01     5.01923e+01
   2.91150     5.51038e+01     5.71920e+01     5.79280e+01     5.04078e+01
   2.91763     5.52237e+01     5.74259e+01     5.81286e+01     5.07990e+01
   2.92377     5.53597e+01     5.75593e+01     5.82806e+01     5.09619e+01
   2.92990     5.54919e+01     5.76884e+01     5.84960e+01     5.11348e+01
   2.93604     5.56420e+01     5.78645e+01     5.88274e+01     5.12281e+01
   2.94218     5.58428e+01     5.80602e+01     5.89072e+01     5.14211e+01
   2.94831     5.60200e+01     5.81690e+01     5.91076e+01     5.17215e+01
   2.95445     5.61053e+01     5.82553e+01     5.92624e+01     5.17975e+01
   2.96058     5.62326e+01     5.84925e+01     5.95104e+01     5.21386e+01
   2.96672     5.64140e+01     5.86356e+01     5.96498e+01     5.22966e+01
   2.97285     5.65906e+01     5.88622e+01     5.98728e+01     5.24033e+01
   2.97899     5.65684e+01     5.89780e+01     6.00955e+01     5.26031e+01
   2.98513     5.67127e+01     5.91080e+01     6.02684e+01     5.27439e+01
   2.99126     5.68763e+01     5.92789e+01     6.04298e+01     5.29551e+01
   2.99740     5.70172e+01     5.94079e+01     6.05936e+01     5.31459e+01
   3.00353     5.70915e+01     5.95866e+01     6.08172e+01     5.34182e+01
   3.00967     5.72169e+01     5.97463e+01     6.09798e+01     5.34237e+01
   3.01581     5.73813e+01     5.98155e+01     6.11405e+01     5.36391e+01
   3.02194     5.74340e+01     5.99841e+01     6.13187e+01     5.36992e+01
   3.02808     5.76258e+01     6.01347e+01     6.16043e+01     5.39762e+01
   3.03421     5.77398e+01     6.03476e+01     6.15960e+01     5.42320e+01
   3.04035     5.78072e+01     6.04699e+01     6.17652e+01     5.43653e+01
   3.04649     5.78112e+01     6.06283e+01     6.20803e+01     5.43832e+01
   3.05262     5.79990e+01     6.07189e+01     6.22306e+01     5.46626e+01
   3.05876     5.81237e+01     6.09058e+01     6.23154e+01     5.48690e+01
   3.06489     5.81100e+01     6.09829e+01     6.25711e+01     5.49324e+01
   3.07103     5.83434e+01     6.11122e+01     6.27169e+01     5.50422e+01
   3.07717     5.83909e+01     6.12276e+01     6.29460e+01     5.52321e+01
   3.08330     5.85514e+01     6.13786e+01     6.30503e+01     5.53179e+01
   3.08944     5.85286e+01     6.15862e+01     6.32070e+01     5.55409e+01
   3.09557     5.87076e+01     6.16912e+01     6.34054e+01     5.56283e+01
   3.10171     5.87972e+01     6.18171e+01     6.35627e+01     5.57994e+01
   3.10785     5.88904e+01     6.19421e+01     6.36702e+01     5.58535e+01
   3.11398     5.89513e+01     6.20667e+01     6.38278e+01     5.59617e+01
   3.12012     5.90779e+01     6.21601e+01     6.40472e+01     5.61823e+01
   3.12625     5.91870e+01     6.22868e+01     6.41868e+01     5.62683e+01
   3.13239     5.92834e+01     6.24112e+01     6.42674e+01     5.64269e+01
   3.13852     5.93153e+01     6.25520e+01     6.43980e+01     5.64960e+01
