# Redshift space power spectrum in mu bins.
# Subtracting SN=    6.82680e+01.
#     k\mu         0.12500         0.37500         0.62500         0.87500
   0.00920     1.39241e+04             nan     2.06656e+04     1.66100e+04
   0.01534     1.65383e+04     1.97292e+04     2.42547e+04     2.64149e+04
   0.02148     1.71784e+04     1.81811e+04     2.09944e+04     2.48471e+04
   0.02761     1.66449e+04     1.69367e+04     2.01937e+04     2.24536e+04
   0.03375     1.42026e+04     1.33751e+04     1.60060e+04     2.05632e+04
   0.03988     1.14174e+04     1.25172e+04     1.42203e+04     1.71119e+04
   0.04602     1.01164e+04     1.03264e+04     1.21598e+04     1.43154e+04
   0.05216     9.20275e+03     9.99347e+03     1.13195e+04     1.32925e+04
   0.05829     8.49136e+03     9.26228e+03     1.02251e+04     1.27564e+04
   0.06443     7.65416e+03     8.26888e+03     9.69680e+03     1.10902e+04
   0.07056     7.19490e+03     7.71169e+03     8.83691e+03     1.06219e+04
   0.07670     6.67158e+03     7.24867e+03     8.09262e+03     1.00957e+04
   0.08283     5.85666e+03     6.36843e+03     7.33155e+03     8.71876e+03
   0.08897     5.19042e+03     5.73026e+03     6.32529e+03     7.74134e+03
   0.09511     4.62930e+03     4.88421e+03     5.53975e+03     6.69995e+03
   0.10124     4.29967e+03     4.57159e+03     5.24901e+03     6.10280e+03
   0.10738     3.78918e+03     4.15271e+03     4.57414e+03     5.61509e+03
   0.11351     3.64212e+03     3.82612e+03     4.44375e+03     5.28997e+03
   0.11965     3.40001e+03     3.66041e+03     4.25690e+03     4.95343e+03
   0.12579     3.31555e+03     3.65873e+03     4.06007e+03     4.99030e+03
   0.13192     3.22374e+03     3.46979e+03     3.97477e+03     4.83705e+03
   0.13806     2.89570e+03     3.23076e+03     3.74155e+03     4.32912e+03
   0.14419     2.81265e+03     2.89503e+03     3.46757e+03     4.22536e+03
   0.15033     2.53254e+03     2.80503e+03     3.10486e+03     3.74926e+03
   0.15647     2.30947e+03     2.52101e+03     2.86985e+03     3.50594e+03
   0.16260     2.19737e+03     2.33586e+03     2.67765e+03     3.20767e+03
   0.16874     2.04448e+03     2.18782e+03     2.59386e+03     3.21151e+03
   0.17487     1.97683e+03     2.08412e+03     2.42133e+03     3.01473e+03
   0.18101     1.80851e+03     2.06168e+03     2.20932e+03     2.83951e+03
   0.18715     1.80972e+03     1.93067e+03     2.20762e+03     2.79251e+03
   0.19328     1.76294e+03     1.91387e+03     2.18247e+03     2.65564e+03
   0.19942     1.67795e+03     1.78002e+03     2.03572e+03     2.55492e+03
   0.20555     1.57153e+03     1.71684e+03     1.93908e+03     2.43603e+03
   0.21169     1.44413e+03     1.62833e+03     1.94224e+03     2.25875e+03
   0.21783     1.42536e+03     1.51518e+03     1.74905e+03     2.19438e+03
   0.22396     1.32967e+03     1.40278e+03     1.68427e+03     2.03691e+03
   0.23010     1.26416e+03     1.38800e+03     1.63656e+03     2.08242e+03
   0.23623     1.23995e+03     1.31123e+03     1.54415e+03     1.95674e+03
   0.24237     1.16994e+03     1.27368e+03     1.45354e+03     1.79341e+03
   0.24850     1.14877e+03     1.25548e+03     1.44337e+03     1.86088e+03
   0.25464     1.10876e+03     1.21172e+03     1.40329e+03     1.77767e+03
   0.26078     1.05696e+03     1.18231e+03     1.34841e+03     1.70794e+03
   0.26691     1.03053e+03     1.08941e+03     1.28421e+03     1.60281e+03
   0.27305     1.00361e+03     1.07716e+03     1.27128e+03     1.51688e+03
   0.27918     9.69951e+02     1.05402e+03     1.18070e+03     1.52456e+03
   0.28532     9.12630e+02     1.00265e+03     1.20328e+03     1.45332e+03
   0.29146     8.85144e+02     9.47785e+02     1.12971e+03     1.42245e+03
   0.29759     8.51170e+02     9.34344e+02     1.07587e+03     1.38841e+03
   0.30373     8.25992e+02     8.88401e+02     1.05506e+03     1.35384e+03
   0.30986     8.07079e+02     8.77422e+02     1.04294e+03     1.30253e+03
   0.31600     7.78454e+02     8.50802e+02     9.75463e+02     1.22914e+03
   0.32214     7.66435e+02     8.18990e+02     9.60947e+02     1.23526e+03
   0.32827     7.23726e+02     7.91992e+02     9.29079e+02     1.17920e+03
   0.33441     7.07077e+02     7.61451e+02     9.18356e+02     1.15931e+03
   0.34054     6.91979e+02     7.47885e+02     8.64420e+02     1.10262e+03
   0.34668     6.64914e+02     7.42913e+02     8.59791e+02     1.12920e+03
   0.35282     6.49126e+02     7.07329e+02     8.09995e+02     1.05956e+03
   0.35895     6.29584e+02     6.91024e+02     7.98966e+02     1.06510e+03
   0.36509     6.11051e+02     6.64147e+02     7.70645e+02     9.84461e+02
   0.37122     5.97149e+02     6.73027e+02     7.85709e+02     9.86778e+02
   0.37736     5.91388e+02     6.44480e+02     7.37228e+02     9.85071e+02
   0.38350     5.52293e+02     6.20259e+02     7.39813e+02     9.23544e+02
   0.38963     5.53569e+02     6.12728e+02     6.97767e+02     9.00697e+02
   0.39577     5.46893e+02     5.95373e+02     6.89576e+02     9.04395e+02
   0.40190     5.18127e+02     5.74274e+02     6.95768e+02     8.87476e+02
   0.40804     5.18073e+02     5.60438e+02     6.57546e+02     8.81594e+02
   0.41417     4.90224e+02     5.39667e+02     6.43848e+02     8.31065e+02
   0.42031     4.95592e+02     5.30313e+02     6.33522e+02     8.28178e+02
   0.42645     4.78219e+02     5.09457e+02     6.24708e+02     8.02184e+02
   0.43258     4.55797e+02     4.92737e+02     5.83516e+02     7.80941e+02
   0.43872     4.45308e+02     4.92452e+02     5.88899e+02     7.68185e+02
   0.44485     4.53725e+02     4.67378e+02     5.74910e+02     7.49394e+02
   0.45099     4.17681e+02     4.77118e+02     5.61770e+02     7.27691e+02
   0.45713     4.19427e+02     4.54489e+02     5.49649e+02     7.33274e+02
   0.46326     4.17475e+02     4.49216e+02     5.35447e+02     7.15199e+02
   0.46940     4.10163e+02     4.45761e+02     5.22734e+02     6.98556e+02
   0.47553     3.94017e+02     4.29073e+02     5.18362e+02     6.85436e+02
   0.48167     3.79570e+02     4.28533e+02     5.12097e+02     6.69371e+02
   0.48781     3.71096e+02     4.12450e+02     4.83980e+02     6.61423e+02
   0.49394     3.70033e+02     3.97622e+02     4.92608e+02     6.46488e+02
   0.50008     3.54560e+02     3.90085e+02     4.66292e+02     6.41527e+02
   0.50621     3.53513e+02     3.83022e+02     4.59447e+02     6.27006e+02
   0.51235     3.46967e+02     3.68344e+02     4.39996e+02     6.00506e+02
   0.51849     3.38432e+02     3.68438e+02     4.46900e+02     5.86775e+02
   0.52462     3.30174e+02     3.62773e+02     4.34337e+02     5.83745e+02
   0.53076     3.22763e+02     3.50746e+02     4.33887e+02     5.78361e+02
   0.53689     3.18810e+02     3.46058e+02     4.18789e+02     5.61535e+02
   0.54303     3.07809e+02     3.38309e+02     4.17854e+02     5.55665e+02
   0.54917     3.07387e+02     3.34805e+02     4.04927e+02     5.51061e+02
   0.55530     2.98337e+02     3.28470e+02     3.98627e+02     5.37432e+02
   0.56144     2.95142e+02     3.24443e+02     3.89995e+02     5.28619e+02
   0.56757     2.81576e+02     3.14723e+02     3.80034e+02     5.13820e+02
   0.57371     2.83924e+02     3.10474e+02     3.67851e+02     5.10107e+02
   0.57984     2.73604e+02     2.99521e+02     3.65408e+02     4.99786e+02
   0.58598     2.69815e+02     2.95656e+02     3.65729e+02     4.89012e+02
   0.59212     2.65507e+02     2.96690e+02     3.55411e+02     4.83246e+02
   0.59825     2.60832e+02     2.87569e+02     3.51675e+02     4.74612e+02
   0.60439     2.60701e+02     2.83211e+02     3.48476e+02     4.69621e+02
   0.61052     2.48270e+02     2.75533e+02     3.42835e+02     4.60667e+02
   0.61666     2.50586e+02     2.73850e+02     3.29875e+02     4.55174e+02
   0.62280     2.40825e+02     2.68963e+02     3.26754e+02     4.46660e+02
   0.62893     2.38598e+02     2.64198e+02     3.18089e+02     4.38298e+02
   0.63507     2.34935e+02     2.59296e+02     3.19206e+02     4.32650e+02
   0.64120     2.33828e+02     2.55259e+02     3.10028e+02     4.26476e+02
   0.64734     2.28050e+02     2.53189e+02     3.02485e+02     4.22981e+02
   0.65348     2.23174e+02     2.45139e+02     3.00894e+02     4.08476e+02
   0.65961     2.16589e+02     2.38060e+02     2.92722e+02     4.06530e+02
   0.66575     2.13792e+02     2.34470e+02     2.94051e+02     4.01112e+02
   0.67188     2.12038e+02     2.29469e+02     2.87663e+02     3.98806e+02
   0.67802     2.07519e+02     2.30311e+02     2.81107e+02     3.89201e+02
   0.68416     2.03062e+02     2.24268e+02     2.79894e+02     3.79982e+02
   0.69029     2.03054e+02     2.22971e+02     2.75467e+02     3.72679e+02
   0.69643     1.95316e+02     2.17212e+02     2.66527e+02     3.70332e+02
   0.70256     1.90760e+02     2.16438e+02     2.62996e+02     3.63885e+02
   0.70870     1.93818e+02     2.09333e+02     2.58491e+02     3.57556e+02
   0.71484     1.85938e+02     2.07591e+02     2.59845e+02     3.52333e+02
   0.72097     1.84715e+02     2.04847e+02     2.53430e+02     3.50802e+02
   0.72711     1.82496e+02     1.99933e+02     2.49058e+02     3.50726e+02
   0.73324     1.76347e+02     1.98464e+02     2.41719e+02     3.36204e+02
   0.73938     1.76537e+02     1.96124e+02     2.41493e+02     3.31981e+02
   0.74551     1.72768e+02     1.91914e+02     2.36551e+02     3.26980e+02
   0.75165     1.71388e+02     1.88508e+02     2.32504e+02     3.26303e+02
   0.75779     1.66338e+02     1.83942e+02     2.31794e+02     3.12689e+02
   0.76392     1.65550e+02     1.82222e+02     2.25302e+02     3.14832e+02
   0.77006     1.60194e+02     1.79521e+02     2.20642e+02     3.11253e+02
   0.77619     1.59778e+02     1.75910e+02     2.18967e+02     3.03924e+02
   0.78233     1.57374e+02     1.73845e+02     2.16822e+02     3.06234e+02
   0.78847     1.56028e+02     1.74800e+02     2.10800e+02     2.99524e+02
   0.79460     1.51041e+02     1.69212e+02     2.11083e+02     2.97380e+02
   0.80074     1.48144e+02     1.64058e+02     2.07384e+02     2.90542e+02
   0.80687     1.47870e+02     1.64377e+02     2.02655e+02     2.85759e+02
   0.81301     1.45845e+02     1.62806e+02     1.98399e+02     2.79624e+02
   0.81915     1.44698e+02     1.58863e+02     1.97787e+02     2.74105e+02
   0.82528     1.40835e+02     1.56343e+02     1.92086e+02     2.75986e+02
   0.83142     1.36424e+02     1.52832e+02     1.89321e+02     2.70681e+02
   0.83755     1.34962e+02     1.51781e+02     1.88950e+02     2.68207e+02
   0.84369     1.31460e+02     1.49114e+02     1.84247e+02     2.62259e+02
   0.84983     1.32526e+02     1.47695e+02     1.81708e+02     2.57373e+02
   0.85596     1.30539e+02     1.42511e+02     1.78665e+02     2.58274e+02
   0.86210     1.31673e+02     1.42034e+02     1.77643e+02     2.53437e+02
   0.86823     1.25694e+02     1.40284e+02     1.75584e+02     2.52445e+02
   0.87437     1.26118e+02     1.35887e+02     1.73168e+02     2.42815e+02
   0.88050     1.24221e+02     1.38005e+02     1.69570e+02     2.43251e+02
   0.88664     1.20182e+02     1.33881e+02     1.66002e+02     2.35996e+02
   0.89278     1.18808e+02     1.31243e+02     1.65833e+02     2.35397e+02
   0.89891     1.17051e+02     1.26555e+02     1.62666e+02     2.30957e+02
   0.90505     1.14761e+02     1.26988e+02     1.60494e+02     2.27910e+02
   0.91118     1.12001e+02     1.27366e+02     1.57419e+02     2.26967e+02
   0.91732     1.10984e+02     1.23389e+02     1.54984e+02     2.24164e+02
   0.92346     1.10147e+02     1.21021e+02     1.50218e+02     2.17114e+02
   0.92959     1.07221e+02     1.19217e+02     1.51029e+02     2.15952e+02
   0.93573     1.06702e+02     1.17272e+02     1.45595e+02     2.15218e+02
   0.94186     1.03662e+02     1.17254e+02     1.47317e+02     2.10746e+02
   0.94800     1.03390e+02     1.13832e+02     1.43318e+02     2.09764e+02
   0.95414     1.02712e+02     1.12750e+02     1.41435e+02     2.05215e+02
   0.96027     1.00994e+02     1.12387e+02     1.39856e+02     2.02967e+02
   0.96641     1.00444e+02     1.08760e+02     1.37725e+02     2.03163e+02
   0.97254     9.62943e+01     1.09171e+02     1.36571e+02     1.96411e+02
   0.97868     9.54249e+01     1.05749e+02     1.33202e+02     1.95693e+02
   0.98482     9.47692e+01     1.05393e+02     1.31529e+02     1.93081e+02
   0.99095     9.53293e+01     1.04020e+02     1.29396e+02     1.89594e+02
   0.99709     9.07550e+01     1.01173e+02     1.30242e+02     1.87067e+02
   1.00322     8.94078e+01     1.00199e+02     1.25476e+02     1.82429e+02
   1.00936     8.86195e+01     9.87487e+01     1.24848e+02     1.83660e+02
   1.01550     8.59340e+01     9.72864e+01     1.22645e+02     1.80192e+02
   1.02163     8.43245e+01     9.67006e+01     1.19663e+02     1.77439e+02
   1.02777     8.51552e+01     9.33351e+01     1.17654e+02     1.73728e+02
   1.03390     8.29071e+01     9.33051e+01     1.18674e+02     1.74062e+02
   1.04004     8.19292e+01     9.18453e+01     1.16474e+02     1.71850e+02
   1.04617     8.06415e+01     9.16419e+01     1.13372e+02     1.69608e+02
   1.05231     7.93505e+01     8.87076e+01     1.11960e+02     1.66680e+02
   1.05845     7.79660e+01     8.70302e+01     1.10762e+02     1.63759e+02
   1.06458     7.76794e+01     8.64840e+01     1.07900e+02     1.62183e+02
   1.07072     7.53190e+01     8.29224e+01     1.06286e+02     1.61285e+02
   1.07685     7.48158e+01     8.30035e+01     1.04449e+02     1.56225e+02
   1.08299     7.35174e+01     8.18810e+01     1.03405e+02     1.55798e+02
   1.08913     7.26316e+01     7.97930e+01     1.01557e+02     1.53014e+02
   1.09526     7.02227e+01     7.92863e+01     1.00682e+02     1.50159e+02
   1.10140     6.99232e+01     7.84895e+01     9.86867e+01     1.49608e+02
   1.10753     6.88106e+01     7.61004e+01     9.72271e+01     1.47253e+02
   1.11367     6.74495e+01     7.64980e+01     9.58769e+01     1.42949e+02
   1.11981     6.70643e+01     7.43500e+01     9.52725e+01     1.42755e+02
   1.12594     6.52433e+01     7.23719e+01     9.40017e+01     1.41471e+02
   1.13208     6.51032e+01     7.13973e+01     9.13218e+01     1.39895e+02
   1.13821     6.25081e+01     7.04977e+01     9.01280e+01     1.36475e+02
   1.14435     6.19244e+01     6.98053e+01     8.92311e+01     1.34540e+02
   1.15049     6.09979e+01     6.79774e+01     8.69756e+01     1.32967e+02
   1.15662     6.05511e+01     6.79245e+01     8.63300e+01     1.30436e+02
   1.16276     5.94889e+01     6.55546e+01     8.56190e+01     1.31584e+02
   1.16889     5.83886e+01     6.59486e+01     8.34444e+01     1.27330e+02
   1.17503     5.70923e+01     6.40956e+01     8.23652e+01     1.25836e+02
   1.18117     5.61042e+01     6.35963e+01     7.99044e+01     1.24589e+02
   1.18730     5.41005e+01     6.11413e+01     8.05606e+01     1.20943e+02
   1.19344     5.39130e+01     6.01491e+01     7.97657e+01     1.20574e+02
   1.19957     5.39167e+01     5.98309e+01     7.69764e+01     1.18829e+02
   1.20571     5.32235e+01     5.86630e+01     7.65743e+01     1.17464e+02
   1.21184     5.12344e+01     5.75406e+01     7.47895e+01     1.17394e+02
   1.21798     4.98172e+01     5.65586e+01     7.41321e+01     1.13469e+02
   1.22412     4.98080e+01     5.51805e+01     7.28872e+01     1.13045e+02
   1.23025     4.89157e+01     5.44457e+01     7.14465e+01     1.11621e+02
   1.23639     4.75874e+01     5.34620e+01     6.90970e+01     1.09469e+02
   1.24252     4.66903e+01     5.29222e+01     6.88933e+01     1.06694e+02
   1.24866     4.59733e+01     5.16051e+01     6.76739e+01     1.07180e+02
   1.25480     4.50413e+01     5.09172e+01     6.67352e+01     1.04936e+02
   1.26093     4.41212e+01     4.96192e+01     6.50958e+01     1.02236e+02
   1.26707     4.28794e+01     4.90040e+01     6.42860e+01     1.02239e+02
   1.27320     4.22123e+01     4.89610e+01     6.30729e+01     1.00234e+02
   1.27934     4.13220e+01     4.72076e+01     6.15385e+01     9.91080e+01
   1.28548     4.08875e+01     4.66170e+01     5.99583e+01     9.59998e+01
   1.29161     4.00178e+01     4.56407e+01     6.00773e+01     9.55144e+01
   1.29775     3.93339e+01     4.40626e+01     5.95352e+01     9.38987e+01
   1.30388     3.96652e+01     4.35837e+01     5.82383e+01     9.25341e+01
   1.31002     3.75049e+01     4.26092e+01     5.76970e+01     9.16555e+01
   1.31616     3.71400e+01     4.18447e+01     5.59070e+01     9.01655e+01
   1.32229     3.69166e+01     4.10243e+01     5.45625e+01     8.75456e+01
   1.32843     3.54718e+01     4.04963e+01     5.42502e+01     8.81287e+01
   1.33456     3.46863e+01     4.05656e+01     5.28887e+01     8.61088e+01
   1.34070     3.42251e+01     3.86346e+01     5.27563e+01     8.38225e+01
   1.34684     3.35447e+01     3.77664e+01     5.12918e+01     8.30875e+01
   1.35297     3.34672e+01     3.67913e+01     5.02454e+01     8.18727e+01
   1.35911     3.12795e+01     3.71983e+01     4.96046e+01     8.06099e+01
   1.36524     3.05969e+01     3.54088e+01     4.84715e+01     8.00890e+01
   1.37138     3.05058e+01     3.54732e+01     4.74315e+01     7.76957e+01
   1.37751     2.96031e+01     3.39012e+01     4.68258e+01     7.73741e+01
   1.38365     2.92796e+01     3.39994e+01     4.54493e+01     7.62598e+01
   1.38979     2.89067e+01     3.30058e+01     4.48230e+01     7.43647e+01
   1.39592     2.74879e+01     3.21355e+01     4.30654e+01     7.36057e+01
   1.40206     2.69449e+01     3.14546e+01     4.29775e+01     7.15738e+01
   1.40819     2.61315e+01     3.02347e+01     4.21019e+01     7.09126e+01
   1.41433     2.60661e+01     2.96499e+01     4.13226e+01     6.98948e+01
   1.42047     2.56501e+01     2.82705e+01     4.06012e+01     6.90701e+01
   1.42660     2.40980e+01     2.86100e+01     3.88422e+01     6.67747e+01
   1.43274     2.35335e+01     2.76957e+01     3.87179e+01     6.52175e+01
   1.43887     2.37225e+01     2.68777e+01     3.78215e+01     6.52316e+01
   1.44501     2.24670e+01     2.59967e+01     3.63183e+01     6.42496e+01
   1.45115     2.19973e+01     2.51962e+01     3.56544e+01     6.20854e+01
   1.45728     2.10504e+01     2.48204e+01     3.50112e+01     6.16596e+01
   1.46342     2.04860e+01     2.41915e+01     3.52308e+01     6.06843e+01
   1.46955     2.00749e+01     2.32018e+01     3.38475e+01     5.95071e+01
   1.47569     2.00185e+01     2.28053e+01     3.26421e+01     5.92880e+01
   1.48183     1.88072e+01     2.19719e+01     3.22689e+01     5.73491e+01
   1.48796     1.88343e+01     2.15817e+01     3.13226e+01     5.60393e+01
   1.49410     1.79250e+01     2.07254e+01     3.03501e+01     5.53044e+01
   1.50023     1.75033e+01     2.09355e+01     3.04717e+01     5.42413e+01
   1.50637     1.66256e+01     1.96391e+01     2.92992e+01     5.41051e+01
   1.51251     1.61545e+01     1.88510e+01     2.85351e+01     5.24979e+01
   1.51864     1.53919e+01     1.81983e+01     2.75001e+01     5.11045e+01
   1.52478     1.50833e+01     1.80682e+01     2.68963e+01     4.97304e+01
   1.53091     1.48030e+01     1.70352e+01     2.66390e+01     4.96415e+01
   1.53705     1.37035e+01     1.64829e+01     2.48592e+01     4.83618e+01
   1.54318     1.35636e+01     1.58209e+01     2.48525e+01     4.73921e+01
   1.54932     1.30481e+01     1.53088e+01     2.41891e+01     4.65096e+01
   1.55546     1.20227e+01     1.51247e+01     2.31582e+01     4.54472e+01
   1.56159     1.20812e+01     1.43182e+01     2.24926e+01     4.43792e+01
   1.56773     1.13988e+01     1.36288e+01     2.10782e+01     4.37676e+01
   1.57386     1.07343e+01     1.32806e+01     2.14546e+01     4.26694e+01
   1.58000     1.03050e+01     1.25533e+01     2.10271e+01     4.18009e+01
   1.58614     9.70532e+00     1.18472e+01     2.03356e+01     4.08973e+01
   1.59227     8.58502e+00     1.13631e+01     1.95113e+01     3.98182e+01
   1.59841     8.47703e+00     1.07961e+01     1.88448e+01     3.97608e+01
   1.60454     7.88904e+00     1.04090e+01     1.80470e+01     3.86832e+01
   1.61068     7.44744e+00     9.78810e+00     1.75035e+01     3.75041e+01
   1.61682     7.13920e+00     9.18413e+00     1.68488e+01     3.65591e+01
   1.62295     6.49036e+00     8.13235e+00     1.61753e+01     3.56439e+01
   1.62909     6.17772e+00     8.67419e+00     1.55388e+01     3.50131e+01
   1.63522     5.59929e+00     7.47820e+00     1.52905e+01     3.47362e+01
   1.64136     5.15802e+00     7.03238e+00     1.42746e+01     3.39507e+01
   1.64750     4.90004e+00     6.40590e+00     1.36325e+01     3.27675e+01
   1.65363     4.25129e+00     5.87697e+00     1.29493e+01     3.22844e+01
   1.65977     3.97800e+00     5.60869e+00     1.21807e+01     3.09553e+01
   1.66590     3.08305e+00     5.35059e+00     1.16000e+01     3.01085e+01
   1.67204     2.88664e+00     4.44927e+00     1.13972e+01     2.91080e+01
   1.67817     2.76931e+00     4.10750e+00     1.07326e+01     2.90086e+01
   1.68431     1.57710e+00     3.51433e+00     9.98973e+00     2.78316e+01
   1.69045     1.54940e+00     3.07369e+00     9.46204e+00     2.67487e+01
   1.69658     1.11428e+00     2.61295e+00     9.32181e+00     2.64961e+01
   1.70272     4.22251e-01     2.32108e+00     8.42203e+00     2.58542e+01
   1.70885     1.50419e-01     1.96464e+00     8.03746e+00     2.50685e+01
   1.71499     1.79102e-02     1.50983e+00     7.36061e+00     2.38670e+01
   1.72113     6.56018e-01     5.75774e-01     7.19889e+00     2.33870e+01
   1.72726     1.36052e+00     2.08485e-01     6.17000e+00     2.20119e+01
   1.73340     1.57840e+00     1.16744e-02     5.71321e+00     2.20479e+01
   1.73953     2.16714e+00     6.35156e-01     5.37893e+00     2.09493e+01
   1.74567     2.56345e+00     1.20143e+00     4.36423e+00     2.05178e+01
   1.75181     3.02673e+00     1.51350e+00     4.29159e+00     1.94322e+01
   1.75794     3.52880e+00     2.25344e+00     3.88739e+00     1.89911e+01
   1.76408     3.70386e+00     2.62690e+00     2.93064e+00     1.83513e+01
   1.77021     4.40390e+00     2.70817e+00     2.52701e+00     1.73772e+01
   1.77635     4.32029e+00     3.16895e+00     2.28561e+00     1.73075e+01
   1.78249     5.06668e+00     3.63940e+00     1.64756e+00     1.60445e+01
   1.78862     5.49793e+00     4.16457e+00     5.64023e-01     1.59481e+01
   1.79476     5.67891e+00     4.77992e+00     6.60432e-01     1.48309e+01
   1.80089     5.98090e+00     5.14247e+00     2.57677e-01     1.43248e+01
   1.80703     6.45928e+00     5.25789e+00     3.16705e-01     1.38811e+01
   1.81317     6.70581e+00     5.91280e+00     1.12790e+00     1.29866e+01
   1.81930     6.77904e+00     6.16886e+00     1.21252e+00     1.23632e+01
   1.82544     7.52954e+00     6.46397e+00     1.71999e+00     1.16556e+01
   1.83157     8.02542e+00     6.77152e+00     2.24948e+00     1.14526e+01
   1.83771     8.49011e+00     7.69688e+00     2.68593e+00     1.04966e+01
   1.84384     8.87434e+00     8.00943e+00     3.15039e+00     9.97631e+00
   1.84998     9.36420e+00     8.08361e+00     3.83460e+00     9.59913e+00
   1.85612     9.60117e+00     8.46432e+00     4.21151e+00     8.94839e+00
   1.86225     9.77224e+00     8.81795e+00     4.63380e+00     7.89474e+00
   1.86839     1.01391e+01     9.35328e+00     5.39080e+00     7.91573e+00
   1.87452     1.04805e+01     9.71257e+00     5.42216e+00     7.15063e+00
   1.88066     1.11054e+01     1.02349e+01     6.15655e+00     6.55514e+00
   1.88680     1.13961e+01     1.04014e+01     6.33274e+00     5.80936e+00
   1.89293     1.18687e+01     1.09674e+01     7.08167e+00     5.31914e+00
   1.89907     1.20008e+01     1.12085e+01     7.06075e+00     4.79136e+00
   1.90520     1.20396e+01     1.18495e+01     7.72639e+00     4.08244e+00
   1.91134     1.29318e+01     1.20035e+01     8.19920e+00     3.87224e+00
   1.91748     1.29939e+01     1.25619e+01     8.31454e+00     2.86420e+00
   1.92361     1.34581e+01     1.26736e+01     8.84406e+00     2.76998e+00
   1.92975     1.40819e+01     1.33444e+01     9.35383e+00     2.32997e+00
   1.93588     1.42786e+01     1.37042e+01     9.55769e+00     1.62401e+00
   1.94202     1.44220e+01     1.35602e+01     1.02691e+01     9.68814e-01
   1.94816     1.48424e+01     1.41163e+01     1.06956e+01     3.46322e-01
   1.95429     1.48923e+01     1.45290e+01     1.09074e+01     4.12279e-02
   1.96043     1.56569e+01     1.47983e+01     1.15748e+01     6.23834e-01
   1.96656     1.57201e+01     1.54057e+01     1.17483e+01     1.12349e+00
   1.97270     1.60396e+01     1.55703e+01     1.23222e+01     1.41428e+00
   1.97884     1.66317e+01     1.61089e+01     1.25113e+01     2.28836e+00
   1.98497     1.66906e+01     1.64650e+01     1.30463e+01     2.65152e+00
   1.99111     1.69825e+01     1.68577e+01     1.35811e+01     2.87355e+00
   1.99724     1.73083e+01     1.69757e+01     1.39590e+01     3.62103e+00
   2.00338     1.75892e+01     1.72022e+01     1.40386e+01     4.11617e+00
   2.00951     1.79876e+01     1.75153e+01     1.44094e+01     4.43252e+00
   2.01565     1.82927e+01     1.82169e+01     1.50595e+01     5.01480e+00
   2.02179     1.87754e+01     1.84252e+01     1.53374e+01     5.63146e+00
   2.02792     1.91548e+01     1.87475e+01     1.57766e+01     5.87779e+00
   2.03406     1.93753e+01     1.88457e+01     1.60069e+01     6.46321e+00
   2.04019     1.96782e+01     1.93437e+01     1.64726e+01     6.98609e+00
   2.04633     1.98755e+01     1.96758e+01     1.69194e+01     7.33555e+00
   2.05247     2.03242e+01     1.97070e+01     1.73280e+01     7.87708e+00
   2.05860     2.03971e+01     2.01733e+01     1.75038e+01     8.14830e+00
   2.06474     2.05808e+01     2.05467e+01     1.78205e+01     8.65933e+00
   2.07087     2.07492e+01     2.08149e+01     1.81656e+01     9.06775e+00
   2.07701     2.13044e+01     2.11170e+01     1.87282e+01     9.48813e+00
   2.08315     2.15655e+01     2.11419e+01     1.89214e+01     9.98794e+00
   2.08928     2.16909e+01     2.15845e+01     1.92580e+01     1.06107e+01
   2.09542     2.21344e+01     2.18278e+01     1.93390e+01     1.09701e+01
   2.10155     2.24172e+01     2.22962e+01     1.98149e+01     1.13520e+01
   2.10769     2.27578e+01     2.24419e+01     2.02225e+01     1.18166e+01
   2.11383     2.30029e+01     2.28561e+01     2.04160e+01     1.19240e+01
   2.11996     2.33032e+01     2.30621e+01     2.08557e+01     1.24667e+01
   2.12610     2.33720e+01     2.34519e+01     2.10808e+01     1.29284e+01
   2.13223     2.36375e+01     2.36504e+01     2.14984e+01     1.32031e+01
   2.13837     2.40632e+01     2.39518e+01     2.18179e+01     1.37527e+01
   2.14451     2.42544e+01     2.43524e+01     2.23115e+01     1.39366e+01
   2.15064     2.43929e+01     2.45881e+01     2.24899e+01     1.47409e+01
   2.15678     2.48319e+01     2.49756e+01     2.28124e+01     1.48694e+01
   2.16291     2.50492e+01     2.50218e+01     2.29392e+01     1.52463e+01
   2.16905     2.53388e+01     2.52468e+01     2.32562e+01     1.55005e+01
   2.17518     2.54308e+01     2.57082e+01     2.35328e+01     1.60298e+01
   2.18132     2.59589e+01     2.58988e+01     2.38986e+01     1.64255e+01
   2.18746     2.60976e+01     2.61563e+01     2.44045e+01     1.68737e+01
   2.19359     2.62677e+01     2.65463e+01     2.44989e+01     1.71479e+01
   2.19973     2.64244e+01     2.69333e+01     2.47608e+01     1.76268e+01
   2.20586     2.66388e+01     2.68488e+01     2.51680e+01     1.80368e+01
   2.21200     2.69369e+01     2.73095e+01     2.53460e+01     1.82022e+01
   2.21814     2.72623e+01     2.73907e+01     2.58065e+01     1.86046e+01
   2.22427     2.74399e+01     2.77247e+01     2.62035e+01     1.90753e+01
   2.23041     2.76808e+01     2.81872e+01     2.63992e+01     1.92252e+01
   2.23654     2.79046e+01     2.82331e+01     2.67099e+01     1.96773e+01
   2.24268     2.82352e+01     2.85515e+01     2.68443e+01     1.99543e+01
   2.24882     2.83877e+01     2.85489e+01     2.74062e+01     2.01655e+01
   2.25495     2.87152e+01     2.89550e+01     2.74123e+01     2.06059e+01
   2.26109     2.89635e+01     2.93514e+01     2.76929e+01     2.12300e+01
   2.26722     2.90822e+01     2.95228e+01     2.79131e+01     2.14194e+01
   2.27336     2.95070e+01     2.96589e+01     2.84527e+01     2.16683e+01
   2.27950     2.96596e+01     2.99463e+01     2.86219e+01     2.21316e+01
   2.28563     2.98691e+01     3.01617e+01     2.86981e+01     2.22953e+01
   2.29177     3.00747e+01     3.04514e+01     2.91272e+01     2.26724e+01
   2.29790     3.03086e+01     3.06214e+01     2.93694e+01     2.29660e+01
   2.30404     3.05686e+01     3.09964e+01     2.94162e+01     2.33093e+01
   2.31018     3.08023e+01     3.10812e+01     2.98571e+01     2.37653e+01
   2.31631     3.07617e+01     3.12328e+01     3.02018e+01     2.40615e+01
   2.32245     3.11903e+01     3.16324e+01     3.04543e+01     2.42289e+01
   2.32858     3.13495e+01     3.17400e+01     3.06307e+01     2.45301e+01
   2.33472     3.16538e+01     3.19268e+01     3.09290e+01     2.47300e+01
   2.34085     3.17704e+01     3.22490e+01     3.12146e+01     2.49828e+01
   2.34699     3.21168e+01     3.23333e+01     3.14963e+01     2.53111e+01
   2.35313     3.22205e+01     3.26381e+01     3.17480e+01     2.57082e+01
   2.35926     3.24932e+01     3.29042e+01     3.19836e+01     2.60366e+01
   2.36540     3.25477e+01     3.32356e+01     3.21314e+01     2.64414e+01
   2.37153     3.27310e+01     3.32913e+01     3.22758e+01     2.65679e+01
   2.37767     3.30010e+01     3.35356e+01     3.26254e+01     2.69541e+01
   2.38381     3.33169e+01     3.37996e+01     3.29777e+01     2.71061e+01
   2.38994     3.33131e+01     3.41574e+01     3.31007e+01     2.75840e+01
   2.39608     3.36113e+01     3.42104e+01     3.30993e+01     2.77270e+01
   2.40221     3.37643e+01     3.43695e+01     3.34495e+01     2.80036e+01
   2.40835     3.40182e+01     3.46427e+01     3.37248e+01     2.82176e+01
   2.41449     3.43302e+01     3.48580e+01     3.39449e+01     2.85497e+01
   2.42062     3.44272e+01     3.49866e+01     3.43275e+01     2.87066e+01
   2.42676     3.45687e+01     3.51779e+01     3.44683e+01     2.90588e+01
   2.43289     3.47936e+01     3.54732e+01     3.46458e+01     2.93551e+01
   2.43903     3.49786e+01     3.55698e+01     3.48513e+01     2.95495e+01
   2.44517     3.52577e+01     3.58348e+01     3.51184e+01     2.99534e+01
   2.45130     3.53374e+01     3.58822e+01     3.52436e+01     3.01068e+01
   2.45744     3.54244e+01     3.61580e+01     3.55547e+01     3.04310e+01
   2.46357     3.57693e+01     3.64071e+01     3.58514e+01     3.05547e+01
   2.46971     3.58989e+01     3.68407e+01     3.60327e+01     3.07411e+01
   2.47584     3.60113e+01     3.69890e+01     3.60707e+01     3.11522e+01
   2.48198     3.62631e+01     3.70600e+01     3.65060e+01     3.14432e+01
   2.48812     3.64371e+01     3.72887e+01     3.65950e+01     3.16338e+01
   2.49425     3.66136e+01     3.73911e+01     3.67394e+01     3.18502e+01
   2.50039     3.66783e+01     3.76265e+01     3.70029e+01     3.22134e+01
   2.50652     3.69866e+01     3.77586e+01     3.72153e+01     3.25339e+01
   2.51266     3.71086e+01     3.79197e+01     3.74705e+01     3.25606e+01
   2.51880     3.72741e+01     3.80513e+01     3.76504e+01     3.28826e+01
   2.52493     3.73239e+01     3.82112e+01     3.79122e+01     3.31209e+01
   2.53107     3.77141e+01     3.85381e+01     3.80610e+01     3.33603e+01
   2.53720     3.77735e+01     3.85834e+01     3.82654e+01     3.34235e+01
   2.54334     3.79970e+01     3.88587e+01     3.84508e+01     3.37909e+01
   2.54948     3.80999e+01     3.90238e+01     3.86780e+01     3.39816e+01
   2.55561     3.82742e+01     3.92386e+01     3.88975e+01     3.42621e+01
   2.56175     3.84356e+01     3.94226e+01     3.89256e+01     3.42999e+01
   2.56788     3.86058e+01     3.94895e+01     3.91923e+01     3.46024e+01
   2.57402     3.87984e+01     3.96450e+01     3.94302e+01     3.47796e+01
   2.58016     3.89301e+01     3.98705e+01     3.97470e+01     3.49593e+01
   2.58629     3.89773e+01     4.01048e+01     3.98225e+01     3.51534e+01
   2.59243     3.91983e+01     4.02526e+01     4.00486e+01     3.56153e+01
   2.59856     3.93657e+01     4.03863e+01     4.02150e+01     3.56161e+01
   2.60470     3.95781e+01     4.04999e+01     4.04032e+01     3.59137e+01
   2.61084     3.96016e+01     4.06921e+01     4.05613e+01     3.61584e+01
   2.61697     3.97638e+01     4.08116e+01     4.07473e+01     3.63390e+01
   2.62311     3.99079e+01     4.09719e+01     4.09717e+01     3.65499e+01
   2.62924     4.00832e+01     4.11916e+01     4.10360e+01     3.66193e+01
   2.63538     4.03378e+01     4.13897e+01     4.12407e+01     3.68379e+01
   2.64151     4.04642e+01     4.14788e+01     4.14304e+01     3.70660e+01
   2.64765     4.05661e+01     4.16738e+01     4.15727e+01     3.73321e+01
   2.65379     4.07172e+01     4.17893e+01     4.19047e+01     3.74448e+01
   2.65992     4.07731e+01     4.19744e+01     4.19674e+01     3.75773e+01
   2.66606     4.10230e+01     4.19997e+01     4.21626e+01     3.78058e+01
   2.67219     4.10938e+01     4.21967e+01     4.22508e+01     3.80680e+01
   2.67833     4.12856e+01     4.24040e+01     4.24708e+01     3.82391e+01
   2.68447     4.13963e+01     4.24740e+01     4.26459e+01     3.83705e+01
   2.69060     4.14842e+01     4.27238e+01     4.27855e+01     3.86585e+01
   2.69674     4.16287e+01     4.28583e+01     4.29053e+01     3.86283e+01
   2.70287     4.18260e+01     4.29260e+01     4.31383e+01     3.89715e+01
   2.70901     4.19517e+01     4.31191e+01     4.33412e+01     3.90945e+01
   2.71515     4.21045e+01     4.33286e+01     4.34429e+01     3.92953e+01
   2.72128     4.21888e+01     4.33419e+01     4.36236e+01     3.94123e+01
   2.72742     4.23539e+01     4.34916e+01     4.37521e+01     3.96048e+01
   2.73355     4.24272e+01     4.36546e+01     4.39562e+01     3.98017e+01
   2.73969     4.25005e+01     4.38208e+01     4.40801e+01     4.00118e+01
   2.74583     4.26493e+01     4.39577e+01     4.42208e+01     4.01195e+01
   2.75196     4.28720e+01     4.40306e+01     4.44100e+01     4.02741e+01
   2.75810     4.28550e+01     4.41833e+01     4.45699e+01     4.04650e+01
   2.76423     4.30640e+01     4.43340e+01     4.47476e+01     4.06504e+01
   2.77037     4.30978e+01     4.44885e+01     4.49241e+01     4.06971e+01
   2.77651     4.32664e+01     4.46298e+01     4.50458e+01     4.09391e+01
   2.78264     4.33869e+01     4.47544e+01     4.52063e+01     4.09929e+01
   2.78878     4.35275e+01     4.48870e+01     4.53282e+01     4.11958e+01
   2.79491     4.36336e+01     4.49933e+01     4.54944e+01     4.13012e+01
   2.80105     4.36959e+01     4.51015e+01     4.55613e+01     4.14780e+01
   2.80718     4.37408e+01     4.52090e+01     4.57843e+01     4.16462e+01
   2.81332     4.39151e+01     4.53795e+01     4.59085e+01     4.17054e+01
   2.81946     4.40299e+01     4.55066e+01     4.60168e+01     4.19686e+01
   2.82559     4.41269e+01     4.56497e+01     4.61284e+01     4.19817e+01
   2.83173     4.42321e+01     4.57245e+01     4.63470e+01     4.22204e+01
   2.83786     4.43833e+01     4.58801e+01     4.64644e+01     4.23847e+01
   2.84400     4.44952e+01     4.59537e+01     4.65984e+01     4.25413e+01
   2.85014     4.45186e+01     4.61807e+01     4.67288e+01     4.25611e+01
   2.85627     4.46123e+01     4.62148e+01     4.69111e+01     4.27670e+01
   2.86241     4.47751e+01     4.63848e+01     4.69853e+01     4.29529e+01
   2.86854     4.47977e+01     4.65016e+01     4.72045e+01     4.30704e+01
   2.87468     4.49872e+01     4.66275e+01     4.72574e+01     4.32465e+01
   2.88082     4.50848e+01     4.66473e+01     4.74001e+01     4.33819e+01
   2.88695     4.51151e+01     4.68303e+01     4.75215e+01     4.34816e+01
   2.89309     4.52958e+01     4.69733e+01     4.77727e+01     4.36276e+01
   2.89922     4.53797e+01     4.71296e+01     4.78812e+01     4.37033e+01
   2.90536     4.54206e+01     4.71013e+01     4.80452e+01     4.37825e+01
   2.91150     4.56034e+01     4.72520e+01     4.80727e+01     4.39486e+01
   2.91763     4.56482e+01     4.74100e+01     4.82370e+01     4.40605e+01
   2.92377     4.57392e+01     4.74816e+01     4.83780e+01     4.41406e+01
   2.92990     4.57819e+01     4.75459e+01     4.84370e+01     4.42642e+01
   2.93604     4.58835e+01     4.77356e+01     4.86473e+01     4.44169e+01
   2.94218     4.59635e+01     4.78271e+01     4.87582e+01     4.45035e+01
   2.94831     4.61111e+01     4.78803e+01     4.88456e+01     4.46791e+01
   2.95445     4.61615e+01     4.79936e+01     4.89596e+01     4.48227e+01
   2.96058     4.63477e+01     4.80905e+01     4.91014e+01     4.48909e+01
   2.96672     4.63253e+01     4.82677e+01     4.91870e+01     4.51039e+01
   2.97285     4.64484e+01     4.83309e+01     4.93154e+01     4.51566e+01
   2.97899     4.64963e+01     4.84490e+01     4.94720e+01     4.52409e+01
   2.98513     4.65800e+01     4.85435e+01     4.95550e+01     4.53228e+01
   2.99126     4.67419e+01     4.85502e+01     4.96595e+01     4.54562e+01
   2.99740     4.67959e+01     4.86488e+01     4.97735e+01     4.55115e+01
   3.00353     4.68731e+01     4.88480e+01     4.98974e+01     4.56919e+01
   3.00967     4.69647e+01     4.88742e+01     5.00382e+01     4.57300e+01
   3.01581     4.69944e+01     4.89785e+01     5.01551e+01     4.58850e+01
   3.02194     4.70570e+01     4.90994e+01     5.02291e+01     4.59531e+01
   3.02808     4.72007e+01     4.92145e+01     5.03400e+01     4.60482e+01
   3.03421     4.72488e+01     4.92630e+01     5.04267e+01     4.61309e+01
   3.04035     4.73457e+01     4.93279e+01     5.05997e+01     4.62196e+01
   3.04649     4.73051e+01     4.94413e+01     5.06467e+01     4.63753e+01
   3.05262     4.74449e+01     4.95392e+01     5.08107e+01     4.64401e+01
   3.05876     4.75716e+01     4.96406e+01     5.08884e+01     4.64403e+01
   3.06489     4.75418e+01     4.97531e+01     5.09890e+01     4.66644e+01
   3.07103     4.76499e+01     4.97659e+01     5.10957e+01     4.67043e+01
   3.07717     4.77489e+01     4.99103e+01     5.12631e+01     4.67883e+01
   3.08330     4.77802e+01     4.99358e+01     5.14011e+01     4.69212e+01
   3.08944     4.77796e+01     5.00865e+01     5.14108e+01     4.69487e+01
   3.09557     4.79053e+01     5.00837e+01     5.15483e+01     4.70517e+01
   3.10171     4.79533e+01     5.02722e+01     5.16467e+01     4.71682e+01
   3.10785     4.80162e+01     5.03240e+01     5.17938e+01     4.72509e+01
   3.11398     4.81127e+01     5.03941e+01     5.17989e+01     4.73290e+01
   3.12012     4.81587e+01     5.05094e+01     5.19194e+01     4.73883e+01
   3.12625     4.82127e+01     5.05686e+01     5.20745e+01     4.74995e+01
   3.13239     4.83145e+01     5.05815e+01     5.20752e+01     4.75495e+01
   3.13852     4.82376e+01     5.07435e+01     5.22382e+01     4.76157e+01
