# Redshift space power spectrum in mu bins.
# Subtracting SN=    7.01636e+01.
#     k\mu         0.12500         0.37500         0.62500         0.87500
   0.00920     1.34884e+04             nan     2.05398e+04     1.80782e+04
   0.01534     1.61518e+04     1.92905e+04     2.41842e+04     2.68955e+04
   0.02148     1.66271e+04     1.77518e+04     2.08261e+04     2.51716e+04
   0.02761     1.59947e+04     1.66397e+04     2.01742e+04     2.30142e+04
   0.03375     1.36854e+04     1.31454e+04     1.58603e+04     2.09099e+04
   0.03988     1.10096e+04     1.21731e+04     1.40523e+04     1.73172e+04
   0.04602     9.77349e+03     1.00743e+04     1.20546e+04     1.44810e+04
   0.05216     8.84417e+03     9.72600e+03     1.12809e+04     1.34165e+04
   0.05829     8.17702e+03     9.00054e+03     1.01246e+04     1.28706e+04
   0.06443     7.41207e+03     8.06338e+03     9.59644e+03     1.11832e+04
   0.07056     6.98784e+03     7.48594e+03     8.73686e+03     1.07051e+04
   0.07670     6.43205e+03     7.03557e+03     7.99421e+03     1.01911e+04
   0.08283     5.67838e+03     6.21134e+03     7.22910e+03     8.80507e+03
   0.08897     4.99906e+03     5.54349e+03     6.24509e+03     7.80767e+03
   0.09511     4.42855e+03     4.73558e+03     5.48768e+03     6.79054e+03
   0.10124     4.13785e+03     4.44543e+03     5.16545e+03     6.12555e+03
   0.10738     3.67000e+03     4.02659e+03     4.49793e+03     5.65527e+03
   0.11351     3.49201e+03     3.70606e+03     4.37341e+03     5.30366e+03
   0.11965     3.26203e+03     3.53279e+03     4.17803e+03     4.97399e+03
   0.12579     3.18465e+03     3.54153e+03     3.99015e+03     5.00321e+03
   0.13192     3.09007e+03     3.33845e+03     3.89520e+03     4.84791e+03
   0.13806     2.77946e+03     3.11444e+03     3.68990e+03     4.32419e+03
   0.14419     2.69053e+03     2.80032e+03     3.39135e+03     4.23899e+03
   0.15033     2.42194e+03     2.70961e+03     3.05258e+03     3.73196e+03
   0.15647     2.21073e+03     2.43998e+03     2.80839e+03     3.50725e+03
   0.16260     2.09405e+03     2.25475e+03     2.62311e+03     3.20324e+03
   0.16874     1.94487e+03     2.11022e+03     2.54381e+03     3.22847e+03
   0.17487     1.88034e+03     2.01654e+03     2.36786e+03     3.02161e+03
   0.18101     1.73385e+03     1.98346e+03     2.15806e+03     2.84496e+03
   0.18715     1.73147e+03     1.85156e+03     2.16648e+03     2.79554e+03
   0.19328     1.68161e+03     1.84440e+03     2.13176e+03     2.64538e+03
   0.19942     1.59945e+03     1.71095e+03     1.98434e+03     2.53853e+03
   0.20555     1.49489e+03     1.64761e+03     1.88707e+03     2.41889e+03
   0.21169     1.37258e+03     1.56813e+03     1.88855e+03     2.24483e+03
   0.21783     1.35376e+03     1.45223e+03     1.70513e+03     2.18593e+03
   0.22396     1.26456e+03     1.34319e+03     1.64189e+03     2.03407e+03
   0.23010     1.20160e+03     1.32882e+03     1.59756e+03     2.07668e+03
   0.23623     1.17526e+03     1.26196e+03     1.50413e+03     1.94655e+03
   0.24237     1.10829e+03     1.21814e+03     1.41159e+03     1.78005e+03
   0.24850     1.08669e+03     1.20330e+03     1.40435e+03     1.85227e+03
   0.25464     1.05326e+03     1.15519e+03     1.36519e+03     1.77202e+03
   0.26078     9.98806e+02     1.12784e+03     1.30982e+03     1.69355e+03
   0.26691     9.76390e+02     1.04177e+03     1.24685e+03     1.58827e+03
   0.27305     9.49096e+02     1.02401e+03     1.23904e+03     1.50311e+03
   0.27918     9.19081e+02     1.00760e+03     1.14331e+03     1.51631e+03
   0.28532     8.62856e+02     9.57151e+02     1.17137e+03     1.44154e+03
   0.29146     8.33540e+02     9.00061e+02     1.09138e+03     1.40454e+03
   0.29759     8.03448e+02     8.90657e+02     1.04086e+03     1.38265e+03
   0.30373     7.74799e+02     8.46495e+02     1.02195e+03     1.34171e+03
   0.30986     7.60957e+02     8.35228e+02     1.00777e+03     1.29200e+03
   0.31600     7.32783e+02     8.08420e+02     9.44437e+02     1.21416e+03
   0.32214     7.21620e+02     7.77866e+02     9.29885e+02     1.21513e+03
   0.32827     6.83540e+02     7.52968e+02     8.95401e+02     1.16523e+03
   0.33441     6.66502e+02     7.21703e+02     8.86598e+02     1.14060e+03
   0.34054     6.49573e+02     7.12001e+02     8.30392e+02     1.09531e+03
   0.34668     6.23598e+02     7.04852e+02     8.27968e+02     1.11488e+03
   0.35282     6.09963e+02     6.71904e+02     7.78790e+02     1.04485e+03
   0.35895     5.88877e+02     6.55398e+02     7.68608e+02     1.05170e+03
   0.36509     5.73925e+02     6.27278e+02     7.38872e+02     9.71074e+02
   0.37122     5.61317e+02     6.36913e+02     7.55136e+02     9.74212e+02
   0.37736     5.54131e+02     6.09278e+02     7.08125e+02     9.68964e+02
   0.38350     5.17410e+02     5.85605e+02     7.08114e+02     9.03119e+02
   0.38963     5.17693e+02     5.78083e+02     6.68831e+02     8.81940e+02
   0.39577     5.11292e+02     5.61357e+02     6.63449e+02     8.87261e+02
   0.40190     4.84018e+02     5.41017e+02     6.64797e+02     8.70076e+02
   0.40804     4.85072e+02     5.27529e+02     6.31742e+02     8.62301e+02
   0.41417     4.57043e+02     5.08091e+02     6.15469e+02     8.13259e+02
   0.42031     4.62581e+02     4.99068e+02     6.06833e+02     8.12178e+02
   0.42645     4.45879e+02     4.80357e+02     5.95903e+02     7.86952e+02
   0.43258     4.23784e+02     4.62618e+02     5.58885e+02     7.67567e+02
   0.43872     4.14308e+02     4.62713e+02     5.63445e+02     7.54979e+02
   0.44485     4.22401e+02     4.39499e+02     5.49782e+02     7.34634e+02
   0.45099     3.88125e+02     4.48942e+02     5.35921e+02     7.08895e+02
   0.45713     3.89685e+02     4.27308e+02     5.25277e+02     7.15139e+02
   0.46326     3.89196e+02     4.20620e+02     5.10171e+02     7.00600e+02
   0.46940     3.81601e+02     4.18415e+02     4.99121e+02     6.81079e+02
   0.47553     3.67347e+02     4.02612e+02     4.92442e+02     6.68020e+02
   0.48167     3.52747e+02     4.01822e+02     4.86404e+02     6.52531e+02
   0.48781     3.44283e+02     3.85644e+02     4.60496e+02     6.42880e+02
   0.49394     3.44043e+02     3.71761e+02     4.68632e+02     6.30358e+02
   0.50008     3.28472e+02     3.64344e+02     4.43615e+02     6.25126e+02
   0.50621     3.27146e+02     3.57683e+02     4.37185e+02     6.06679e+02
   0.51235     3.21463e+02     3.44122e+02     4.17104e+02     5.84228e+02
   0.51849     3.14579e+02     3.43774e+02     4.24922e+02     5.70226e+02
   0.52462     3.06046e+02     3.37455e+02     4.12254e+02     5.65771e+02
   0.53076     2.97661e+02     3.26599e+02     4.11082e+02     5.59820e+02
   0.53689     2.95151e+02     3.22324e+02     3.95761e+02     5.45337e+02
   0.54303     2.83855e+02     3.14552e+02     3.95029e+02     5.37759e+02
   0.54917     2.82434e+02     3.10509e+02     3.83061e+02     5.33647e+02
   0.55530     2.74835e+02     3.04725e+02     3.75950e+02     5.18390e+02
   0.56144     2.72143e+02     3.00358e+02     3.68746e+02     5.12204e+02
   0.56757     2.59402e+02     2.92628e+02     3.59583e+02     4.96149e+02
   0.57371     2.61460e+02     2.87656e+02     3.45779e+02     4.90749e+02
   0.57984     2.51380e+02     2.77707e+02     3.44128e+02     4.82244e+02
   0.58598     2.47403e+02     2.73393e+02     3.43851e+02     4.70575e+02
   0.59212     2.43809e+02     2.74246e+02     3.35156e+02     4.67683e+02
   0.59825     2.38971e+02     2.65410e+02     3.30235e+02     4.58376e+02
   0.60439     2.38492e+02     2.61475e+02     3.27673e+02     4.51409e+02
   0.61052     2.27541e+02     2.55242e+02     3.21246e+02     4.42974e+02
   0.61666     2.30047e+02     2.52941e+02     3.09599e+02     4.35313e+02
   0.62280     2.20494e+02     2.48674e+02     3.06555e+02     4.29724e+02
   0.62893     2.18319e+02     2.43431e+02     2.97930e+02     4.21120e+02
   0.63507     2.14900e+02     2.38525e+02     2.99638e+02     4.14591e+02
   0.64120     2.12972e+02     2.35605e+02     2.89663e+02     4.08777e+02
   0.64734     2.07906e+02     2.33231e+02     2.82834e+02     4.03607e+02
   0.65348     2.03771e+02     2.25409e+02     2.81306e+02     3.88976e+02
   0.65961     1.97713e+02     2.19292e+02     2.73599e+02     3.87872e+02
   0.66575     1.94599e+02     2.15351e+02     2.73399e+02     3.83303e+02
   0.67188     1.93011e+02     2.10996e+02     2.67102e+02     3.80747e+02
   0.67802     1.89344e+02     2.11508e+02     2.61267e+02     3.71524e+02
   0.68416     1.84527e+02     2.05469e+02     2.61043e+02     3.60790e+02
   0.69029     1.84722e+02     2.03926e+02     2.55313e+02     3.54549e+02
   0.69643     1.77977e+02     1.99101e+02     2.47846e+02     3.52615e+02
   0.70256     1.73501e+02     1.98072e+02     2.44599e+02     3.45241e+02
   0.70870     1.75756e+02     1.90904e+02     2.39463e+02     3.39593e+02
   0.71484     1.68575e+02     1.90557e+02     2.42052e+02     3.35148e+02
   0.72097     1.67925e+02     1.87126e+02     2.35662e+02     3.32211e+02
   0.72711     1.65977e+02     1.82158e+02     2.29480e+02     3.30875e+02
   0.73324     1.59324e+02     1.80952e+02     2.23578e+02     3.17343e+02
   0.73938     1.59819e+02     1.78825e+02     2.23032e+02     3.14435e+02
   0.74551     1.56073e+02     1.74243e+02     2.17890e+02     3.09275e+02
   0.75165     1.54951e+02     1.71090e+02     2.14215e+02     3.09802e+02
   0.75779     1.50377e+02     1.67561e+02     2.13275e+02     2.95092e+02
   0.76392     1.49243e+02     1.65552e+02     2.08204e+02     2.96552e+02
   0.77006     1.44470e+02     1.62697e+02     2.01994e+02     2.92408e+02
   0.77619     1.44289e+02     1.59648e+02     2.01702e+02     2.86466e+02
   0.78233     1.41573e+02     1.57469e+02     1.99429e+02     2.88043e+02
   0.78847     1.40691e+02     1.58101e+02     1.93582e+02     2.81246e+02
   0.79460     1.35308e+02     1.52947e+02     1.94674e+02     2.78189e+02
   0.80074     1.33108e+02     1.48737e+02     1.90171e+02     2.70563e+02
   0.80687     1.32564e+02     1.48777e+02     1.86409e+02     2.67218e+02
   0.81301     1.30980e+02     1.46803e+02     1.81628e+02     2.61453e+02
   0.81915     1.29861e+02     1.42836e+02     1.80587e+02     2.56415e+02
   0.82528     1.26051e+02     1.40936e+02     1.75449e+02     2.56957e+02
   0.83142     1.21836e+02     1.37155e+02     1.72124e+02     2.52549e+02
   0.83755     1.20914e+02     1.36748e+02     1.72803e+02     2.50175e+02
   0.84369     1.16840e+02     1.34363e+02     1.67653e+02     2.44359e+02
   0.84983     1.18162e+02     1.32513e+02     1.65046e+02     2.38476e+02
   0.85596     1.16451e+02     1.27713e+02     1.62729e+02     2.38981e+02
   0.86210     1.17677e+02     1.26855e+02     1.61851e+02     2.36017e+02
   0.86823     1.12300e+02     1.25747e+02     1.59401e+02     2.33493e+02
   0.87437     1.12260e+02     1.21828e+02     1.56161e+02     2.24906e+02
   0.88050     1.10237e+02     1.23493e+02     1.53961e+02     2.25920e+02
   0.88664     1.06860e+02     1.19124e+02     1.50419e+02     2.17490e+02
   0.89278     1.05553e+02     1.17131e+02     1.50378e+02     2.17532e+02
   0.89891     1.03572e+02     1.12841e+02     1.46713e+02     2.13978e+02
   0.90505     1.01434e+02     1.12887e+02     1.43873e+02     2.10258e+02
   0.91118     9.91107e+01     1.13199e+02     1.42241e+02     2.08242e+02
   0.91732     9.81311e+01     1.09841e+02     1.39612e+02     2.05616e+02
   0.92346     9.75204e+01     1.06954e+02     1.35713e+02     1.99380e+02
   0.92959     9.46999e+01     1.05417e+02     1.35656e+02     1.97530e+02
   0.93573     9.43096e+01     1.03834e+02     1.31224e+02     1.96483e+02
   0.94186     9.12116e+01     1.04144e+02     1.31984e+02     1.93177e+02
   0.94800     9.10017e+01     1.00645e+02     1.28909e+02     1.91046e+02
   0.95414     9.02571e+01     9.94587e+01     1.26359e+02     1.87255e+02
   0.96027     8.89938e+01     9.89636e+01     1.25401e+02     1.85635e+02
   0.96641     8.83953e+01     9.57434e+01     1.23439e+02     1.85983e+02
   0.97254     8.42371e+01     9.52427e+01     1.22247e+02     1.78762e+02
   0.97868     8.36020e+01     9.31110e+01     1.18803e+02     1.78003e+02
   0.98482     8.34187e+01     9.26436e+01     1.16671e+02     1.75078e+02
   0.99095     8.34008e+01     9.13288e+01     1.14779e+02     1.71168e+02
   0.99709     7.91443e+01     8.83076e+01     1.15901e+02     1.70148e+02
   1.00322     7.81509e+01     8.76621e+01     1.10692e+02     1.65601e+02
   1.00936     7.72322e+01     8.63061e+01     1.10177e+02     1.65601e+02
   1.01550     7.44665e+01     8.49111e+01     1.08945e+02     1.63207e+02
   1.02163     7.28903e+01     8.45757e+01     1.05952e+02     1.60908e+02
   1.02777     7.39525e+01     8.09808e+01     1.03595e+02     1.55948e+02
   1.03390     7.18937e+01     8.12890e+01     1.04507e+02     1.56141e+02
   1.04004     7.09302e+01     7.99815e+01     1.02229e+02     1.53954e+02
   1.04617     6.97948e+01     7.97135e+01     1.00105e+02     1.52225e+02
   1.05231     6.81547e+01     7.70296e+01     9.80902e+01     1.49440e+02
   1.05845     6.75709e+01     7.53027e+01     9.68427e+01     1.46593e+02
   1.06458     6.71313e+01     7.48736e+01     9.44794e+01     1.45358e+02
   1.07072     6.49529e+01     7.12752e+01     9.33364e+01     1.44163e+02
   1.07685     6.44712e+01     7.14856e+01     9.11363e+01     1.39978e+02
   1.08299     6.31733e+01     7.07980e+01     9.03562e+01     1.39000e+02
   1.08913     6.22043e+01     6.84160e+01     8.82810e+01     1.36099e+02
   1.09526     6.00114e+01     6.78173e+01     8.75018e+01     1.34248e+02
   1.10140     5.95026e+01     6.74105e+01     8.50978e+01     1.33261e+02
   1.10753     5.87509e+01     6.51279e+01     8.45939e+01     1.29890e+02
   1.11367     5.75492e+01     6.54177e+01     8.24824e+01     1.27396e+02
   1.11981     5.69806e+01     6.30899e+01     8.18347e+01     1.26347e+02
   1.12594     5.55377e+01     6.16917e+01     8.08227e+01     1.24784e+02
   1.13208     5.52267e+01     6.04392e+01     7.82400e+01     1.23762e+02
   1.13821     5.26805e+01     5.96567e+01     7.72223e+01     1.20166e+02
   1.14435     5.22165e+01     5.95109e+01     7.63981e+01     1.18755e+02
   1.15049     5.15848e+01     5.75940e+01     7.43905e+01     1.16700e+02
   1.15662     5.10194e+01     5.73179e+01     7.41946e+01     1.14898e+02
   1.16276     4.99381e+01     5.55486e+01     7.30597e+01     1.15487e+02
   1.16889     4.86763e+01     5.53482e+01     7.12025e+01     1.11724e+02
   1.17503     4.80649e+01     5.37098e+01     6.97583e+01     1.09353e+02
   1.18117     4.67097e+01     5.33916e+01     6.77185e+01     1.08744e+02
   1.18730     4.52090e+01     5.08662e+01     6.86221e+01     1.05306e+02
   1.19344     4.46388e+01     4.96090e+01     6.75359e+01     1.05285e+02
   1.19957     4.48278e+01     4.94752e+01     6.49456e+01     1.02992e+02
   1.20571     4.43056e+01     4.83159e+01     6.42087e+01     1.01595e+02
   1.21184     4.21516e+01     4.75517e+01     6.26509e+01     1.01865e+02
   1.21798     4.09854e+01     4.66947e+01     6.19617e+01     9.76369e+01
   1.22412     4.10405e+01     4.53731e+01     6.12222e+01     9.76950e+01
   1.23025     3.99717e+01     4.45067e+01     6.00706e+01     9.67905e+01
   1.23639     3.90598e+01     4.38056e+01     5.81266e+01     9.44866e+01
   1.24252     3.77770e+01     4.33805e+01     5.72356e+01     9.10167e+01
   1.24866     3.74232e+01     4.20531e+01     5.61647e+01     9.14647e+01
   1.25480     3.65860e+01     4.10767e+01     5.54835e+01     8.97497e+01
   1.26093     3.57944e+01     4.02097e+01     5.38414e+01     8.69903e+01
   1.26707     3.46902e+01     3.94855e+01     5.30440e+01     8.76076e+01
   1.27320     3.37280e+01     3.94852e+01     5.16480e+01     8.60457e+01
   1.27934     3.29292e+01     3.80298e+01     5.01872e+01     8.43299e+01
   1.28548     3.23922e+01     3.73164e+01     4.88622e+01     8.10802e+01
   1.29161     3.15766e+01     3.65584e+01     4.85596e+01     8.07686e+01
   1.29775     3.13676e+01     3.49022e+01     4.78487e+01     7.94640e+01
   1.30388     3.14368e+01     3.46296e+01     4.73207e+01     7.81048e+01
   1.31002     2.93416e+01     3.34857e+01     4.65752e+01     7.70977e+01
   1.31616     2.92642e+01     3.31218e+01     4.54857e+01     7.57942e+01
   1.32229     2.91822e+01     3.22198e+01     4.38245e+01     7.36093e+01
   1.32843     2.75369e+01     3.14779e+01     4.35285e+01     7.40639e+01
   1.33456     2.68481e+01     3.18240e+01     4.21261e+01     7.16869e+01
   1.34070     2.64480e+01     3.00714e+01     4.19152e+01     7.01845e+01
   1.34684     2.61327e+01     2.88419e+01     4.05841e+01     6.92020e+01
   1.35297     2.56519e+01     2.82782e+01     3.96158e+01     6.76328e+01
   1.35911     2.38898e+01     2.87184e+01     3.89222e+01     6.68004e+01
   1.36524     2.32382e+01     2.70480e+01     3.84013e+01     6.65125e+01
   1.37138     2.29389e+01     2.66549e+01     3.71746e+01     6.41823e+01
   1.37751     2.22612e+01     2.55551e+01     3.68031e+01     6.32576e+01
   1.38365     2.17834e+01     2.56381e+01     3.54319e+01     6.19045e+01
   1.38979     2.12599e+01     2.45116e+01     3.45929e+01     6.09551e+01
   1.39592     2.03616e+01     2.38133e+01     3.31753e+01     6.00230e+01
   1.40206     1.97489e+01     2.32992e+01     3.29514e+01     5.83351e+01
   1.40819     1.90350e+01     2.21472e+01     3.23287e+01     5.72258e+01
   1.41433     1.87219e+01     2.15279e+01     3.15183e+01     5.69011e+01
   1.42047     1.86211e+01     2.04571e+01     3.07015e+01     5.55529e+01
   1.42660     1.72659e+01     2.04407e+01     2.89013e+01     5.40593e+01
   1.43274     1.67730e+01     1.97382e+01     2.91160e+01     5.21903e+01
   1.43887     1.65520e+01     1.87505e+01     2.82298e+01     5.20745e+01
   1.44501     1.56485e+01     1.81755e+01     2.68850e+01     5.10556e+01
   1.45115     1.50858e+01     1.73018e+01     2.63090e+01     4.91913e+01
   1.45728     1.42939e+01     1.72237e+01     2.54607e+01     4.91103e+01
   1.46342     1.35960e+01     1.64834e+01     2.55569e+01     4.78098e+01
   1.46955     1.33497e+01     1.57593e+01     2.42280e+01     4.67074e+01
   1.47569     1.31703e+01     1.52196e+01     2.34262e+01     4.67125e+01
   1.48183     1.20977e+01     1.44758e+01     2.27105e+01     4.51374e+01
   1.48796     1.21080e+01     1.38669e+01     2.23654e+01     4.37917e+01
   1.49410     1.13939e+01     1.32446e+01     2.13442e+01     4.27371e+01
   1.50023     1.08866e+01     1.35312e+01     2.17079e+01     4.19637e+01
   1.50637     1.03943e+01     1.23612e+01     1.99865e+01     4.14875e+01
   1.51251     9.77865e+00     1.14822e+01     1.94137e+01     4.05716e+01
   1.51864     9.06100e+00     1.09057e+01     1.88472e+01     3.86547e+01
   1.52478     8.63993e+00     1.08462e+01     1.81185e+01     3.77365e+01
   1.53091     8.55383e+00     9.83468e+00     1.75076e+01     3.77562e+01
   1.53705     7.51791e+00     9.51836e+00     1.61030e+01     3.65918e+01
   1.54318     7.15039e+00     8.70038e+00     1.62358e+01     3.56112e+01
   1.54932     6.79895e+00     8.13596e+00     1.53828e+01     3.45535e+01
   1.55546     5.77599e+00     7.99469e+00     1.47681e+01     3.39261e+01
   1.56159     5.83186e+00     7.21327e+00     1.40301e+01     3.24094e+01
   1.56773     5.44854e+00     6.60195e+00     1.27456e+01     3.22245e+01
   1.57386     4.74089e+00     6.26434e+00     1.29199e+01     3.13007e+01
   1.58000     4.38287e+00     5.66782e+00     1.23379e+01     3.05707e+01
   1.58614     3.72276e+00     4.99594e+00     1.19554e+01     2.95992e+01
   1.59227     2.55961e+00     4.55871e+00     1.12503e+01     2.84091e+01
   1.59841     2.64343e+00     4.05540e+00     1.06055e+01     2.81823e+01
   1.60454     2.28331e+00     3.59817e+00     9.87701e+00     2.75357e+01
   1.61068     1.71849e+00     3.11964e+00     9.54996e+00     2.61382e+01
   1.61682     1.30291e+00     2.77061e+00     8.76006e+00     2.58605e+01
   1.62295     7.90712e-01     1.63508e+00     8.10203e+00     2.47672e+01
   1.62909     4.05598e-01     2.16640e+00     7.41110e+00     2.40920e+01
   1.63522     5.22813e-03     8.60919e-01     7.43379e+00     2.36561e+01
   1.64136     4.84035e-01     6.80132e-01     6.64190e+00     2.28407e+01
   1.64750     7.14955e-01     9.82148e-02     5.72916e+00     2.19662e+01
   1.65363     1.33424e+00     5.14673e-01     5.33304e+00     2.15533e+01
   1.65977     1.63349e+00     6.07959e-01     4.35060e+00     2.04278e+01
   1.66590     2.34604e+00     8.34809e-01     4.02901e+00     1.97755e+01
   1.67204     2.56732e+00     1.83283e+00     3.84964e+00     1.88592e+01
   1.67817     2.66978e+00     2.10865e+00     3.10365e+00     1.86689e+01
   1.68431     3.88227e+00     2.70916e+00     2.50813e+00     1.74928e+01
   1.69045     3.72715e+00     3.09413e+00     1.95223e+00     1.67281e+01
   1.69658     4.31145e+00     3.52563e+00     1.90775e+00     1.63028e+01
   1.70272     4.91601e+00     3.81384e+00     1.15021e+00     1.56795e+01
   1.70885     5.09537e+00     4.07565e+00     7.71724e-01     1.52228e+01
   1.71499     5.33503e+00     4.44152e+00     1.27503e-01     1.42232e+01
   1.72113     5.92511e+00     5.31931e+00     8.96235e-02     1.36920e+01
   1.72726     6.62180e+00     5.58611e+00     9.95225e-01     1.26463e+01
   1.73340     6.77863e+00     5.92910e+00     1.43210e+00     1.26380e+01
   1.73953     7.46735e+00     6.40972e+00     1.75778e+00     1.12470e+01
   1.74567     7.68628e+00     7.13492e+00     2.71117e+00     1.08953e+01
   1.75181     8.10584e+00     7.26766e+00     2.86753e+00     1.01932e+01
   1.75794     8.59789e+00     8.03272e+00     3.31349e+00     9.59853e+00
   1.76408     8.79147e+00     8.43529e+00     4.05925e+00     8.83805e+00
   1.77021     9.38070e+00     8.15529e+00     4.07037e+00     8.30418e+00
   1.77635     9.39644e+00     8.77820e+00     4.43867e+00     8.03501e+00
   1.78249     1.00938e+01     9.07910e+00     5.23915e+00     6.83118e+00
   1.78862     1.04524e+01     9.69471e+00     6.17570e+00     6.90515e+00
   1.79476     1.04686e+01     1.03142e+01     5.95227e+00     5.48396e+00
   1.80089     1.07937e+01     1.06181e+01     6.50713e+00     5.61023e+00
   1.80703     1.12703e+01     1.09094e+01     6.81462e+00     4.89670e+00
   1.81317     1.15749e+01     1.12254e+01     7.55708e+00     4.31569e+00
   1.81930     1.16297e+01     1.17157e+01     7.71059e+00     3.58491e+00
   1.82544     1.22491e+01     1.18229e+01     8.28791e+00     3.10683e+00
   1.83157     1.27192e+01     1.20964e+01     8.69569e+00     2.39110e+00
   1.83771     1.31971e+01     1.30277e+01     8.98201e+00     2.08910e+00
   1.84384     1.36490e+01     1.32363e+01     9.43283e+00     1.48609e+00
   1.84998     1.39237e+01     1.33270e+01     9.87300e+00     9.80729e-01
   1.85612     1.41145e+01     1.37382e+01     1.03397e+01     5.90817e-02
   1.86225     1.44258e+01     1.38249e+01     1.07279e+01     3.67604e-01
   1.86839     1.46795e+01     1.44979e+01     1.15693e+01     4.05838e-01
   1.87452     1.51703e+01     1.49061e+01     1.14620e+01     1.19835e+00
   1.88066     1.55222e+01     1.53399e+01     1.20227e+01     1.72513e+00
   1.88680     1.58341e+01     1.54434e+01     1.24819e+01     2.56413e+00
   1.89293     1.63922e+01     1.60710e+01     1.30171e+01     2.79077e+00
   1.89907     1.63664e+01     1.63110e+01     1.32116e+01     3.19399e+00
   1.90520     1.64627e+01     1.67679e+01     1.34455e+01     3.83255e+00
   1.91134     1.73182e+01     1.69867e+01     1.40278e+01     4.27129e+00
   1.91748     1.73591e+01     1.74740e+01     1.41856e+01     5.02081e+00
   1.92361     1.77026e+01     1.75732e+01     1.47821e+01     5.07398e+00
   1.92975     1.83432e+01     1.81109e+01     1.50477e+01     5.49614e+00
   1.93588     1.86228e+01     1.85124e+01     1.54545e+01     6.15504e+00
   1.94202     1.86107e+01     1.83633e+01     1.61010e+01     6.79712e+00
   1.94816     1.90981e+01     1.89187e+01     1.64329e+01     7.29291e+00
   1.95429     1.92062e+01     1.92171e+01     1.65640e+01     7.39060e+00
   1.96043     1.98478e+01     1.94736e+01     1.71757e+01     8.01900e+00
   1.96656     1.98633e+01     1.99591e+01     1.74017e+01     8.66038e+00
   1.97270     2.02954e+01     2.03339e+01     1.78619e+01     8.88163e+00
   1.97884     2.07224e+01     2.06416e+01     1.78676e+01     9.52209e+00
   1.98497     2.08213e+01     2.10812e+01     1.85357e+01     9.88266e+00
   1.99111     2.12827e+01     2.14289e+01     1.87731e+01     1.03216e+01
   1.99724     2.13417e+01     2.14141e+01     1.91032e+01     1.07600e+01
   2.00338     2.15612e+01     2.16975e+01     1.93050e+01     1.12990e+01
   2.00951     2.20032e+01     2.20703e+01     1.96619e+01     1.17226e+01
   2.01565     2.24056e+01     2.24837e+01     2.03395e+01     1.21329e+01
   2.02179     2.27187e+01     2.27952e+01     2.04994e+01     1.25473e+01
   2.02792     2.29101e+01     2.31527e+01     2.10175e+01     1.27223e+01
   2.03406     2.32628e+01     2.32605e+01     2.10649e+01     1.31836e+01
   2.04019     2.34730e+01     2.38093e+01     2.17001e+01     1.38929e+01
   2.04633     2.37620e+01     2.39837e+01     2.20016e+01     1.40495e+01
   2.05247     2.41104e+01     2.40970e+01     2.23456e+01     1.44142e+01
   2.05860     2.43410e+01     2.44222e+01     2.23734e+01     1.50165e+01
   2.06474     2.44307e+01     2.47771e+01     2.27998e+01     1.53220e+01
   2.07087     2.46191e+01     2.51394e+01     2.29267e+01     1.57976e+01
   2.07701     2.51248e+01     2.52975e+01     2.36170e+01     1.59516e+01
   2.08315     2.52863e+01     2.53722e+01     2.36872e+01     1.66340e+01
   2.08928     2.54384e+01     2.58772e+01     2.41423e+01     1.70865e+01
   2.09542     2.58836e+01     2.60482e+01     2.41994e+01     1.74372e+01
   2.10155     2.61254e+01     2.65387e+01     2.46265e+01     1.76408e+01
   2.10769     2.65200e+01     2.65001e+01     2.48274e+01     1.80725e+01
   2.11383     2.66284e+01     2.68695e+01     2.51944e+01     1.83573e+01
   2.11996     2.69157e+01     2.71486e+01     2.55767e+01     1.86579e+01
   2.12610     2.70962e+01     2.73873e+01     2.57332e+01     1.91052e+01
   2.13223     2.72651e+01     2.76555e+01     2.61431e+01     1.95289e+01
   2.13837     2.77338e+01     2.79979e+01     2.64376e+01     1.99716e+01
   2.14451     2.79004e+01     2.83106e+01     2.68576e+01     2.00648e+01
   2.15064     2.79880e+01     2.84860e+01     2.70200e+01     2.08333e+01
   2.15678     2.85171e+01     2.87901e+01     2.73830e+01     2.07544e+01
   2.16291     2.86753e+01     2.89116e+01     2.74275e+01     2.13805e+01
   2.16905     2.89228e+01     2.91177e+01     2.78638e+01     2.13993e+01
   2.17518     2.90076e+01     2.94729e+01     2.79612e+01     2.19229e+01
   2.18132     2.93674e+01     2.96293e+01     2.83450e+01     2.24418e+01
   2.18746     2.96356e+01     2.99803e+01     2.87218e+01     2.26077e+01
   2.19359     2.98474e+01     3.03256e+01     2.89281e+01     2.29046e+01
   2.19973     2.99355e+01     3.05927e+01     2.90754e+01     2.31951e+01
   2.20586     3.00795e+01     3.05949e+01     2.94658e+01     2.35984e+01
   2.21200     3.04286e+01     3.10805e+01     2.96567e+01     2.39209e+01
   2.21814     3.06406e+01     3.10662e+01     3.00385e+01     2.41617e+01
   2.22427     3.08309e+01     3.13812e+01     3.02536e+01     2.46190e+01
   2.23041     3.11135e+01     3.17780e+01     3.04933e+01     2.46651e+01
   2.23654     3.12787e+01     3.18895e+01     3.08176e+01     2.50560e+01
   2.24268     3.15810e+01     3.21999e+01     3.10016e+01     2.54823e+01
   2.24882     3.17193e+01     3.22885e+01     3.15007e+01     2.56282e+01
   2.25495     3.19832e+01     3.25490e+01     3.15148e+01     2.60257e+01
   2.26109     3.22483e+01     3.29108e+01     3.17198e+01     2.64737e+01
   2.26722     3.23628e+01     3.30059e+01     3.20541e+01     2.67528e+01
   2.27336     3.27411e+01     3.32144e+01     3.23915e+01     2.67739e+01
   2.27950     3.28181e+01     3.34409e+01     3.25484e+01     2.73657e+01
   2.28563     3.30263e+01     3.37413e+01     3.26360e+01     2.74415e+01
   2.29177     3.32944e+01     3.40049e+01     3.30886e+01     2.77691e+01
   2.29790     3.34450e+01     3.40289e+01     3.33619e+01     2.80788e+01
   2.30404     3.36878e+01     3.43618e+01     3.33287e+01     2.83655e+01
   2.31018     3.38835e+01     3.44420e+01     3.36725e+01     2.86641e+01
   2.31631     3.39378e+01     3.47340e+01     3.40499e+01     2.88311e+01
   2.32245     3.43427e+01     3.50047e+01     3.41664e+01     2.93065e+01
   2.32858     3.44142e+01     3.51789e+01     3.44245e+01     2.93637e+01
   2.33472     3.47481e+01     3.52697e+01     3.45838e+01     2.97747e+01
   2.34085     3.48755e+01     3.56265e+01     3.49415e+01     3.00270e+01
   2.34699     3.51334e+01     3.56835e+01     3.51495e+01     3.01796e+01
   2.35313     3.53067e+01     3.59139e+01     3.54202e+01     3.04856e+01
   2.35926     3.55546e+01     3.61620e+01     3.55420e+01     3.08641e+01
   2.36540     3.55319e+01     3.64422e+01     3.57239e+01     3.10084e+01
   2.37153     3.57861e+01     3.65355e+01     3.58619e+01     3.11989e+01
   2.37767     3.59904e+01     3.67063e+01     3.61699e+01     3.16498e+01
   2.38381     3.62063e+01     3.69754e+01     3.65103e+01     3.17498e+01
   2.38994     3.62336e+01     3.72104e+01     3.65538e+01     3.21621e+01
   2.39608     3.65337e+01     3.73753e+01     3.66761e+01     3.22695e+01
   2.40221     3.66783e+01     3.76100e+01     3.69974e+01     3.23989e+01
   2.40835     3.68995e+01     3.78695e+01     3.72170e+01     3.27578e+01
   2.41449     3.71577e+01     3.79371e+01     3.74050e+01     3.29984e+01
   2.42062     3.73319e+01     3.82261e+01     3.77510e+01     3.31935e+01
   2.42676     3.75022e+01     3.81832e+01     3.78536e+01     3.35609e+01
   2.43289     3.77473e+01     3.86153e+01     3.80717e+01     3.36018e+01
   2.43903     3.78102e+01     3.85956e+01     3.82339e+01     3.38283e+01
   2.44517     3.81900e+01     3.87884e+01     3.85559e+01     3.42198e+01
   2.45130     3.81952e+01     3.89122e+01     3.85285e+01     3.44584e+01
   2.45744     3.82407e+01     3.91903e+01     3.88218e+01     3.46053e+01
   2.46357     3.85232e+01     3.93280e+01     3.91192e+01     3.48614e+01
   2.46971     3.86990e+01     3.97048e+01     3.92876e+01     3.49578e+01
   2.47584     3.88000e+01     3.98998e+01     3.92986e+01     3.53202e+01
   2.48198     3.90776e+01     4.00068e+01     3.97385e+01     3.55857e+01
   2.48812     3.91659e+01     4.01441e+01     3.97679e+01     3.57150e+01
   2.49425     3.94555e+01     4.02916e+01     3.99587e+01     3.60170e+01
   2.50039     3.94920e+01     4.03990e+01     4.01873e+01     3.60434e+01
   2.50652     3.97057e+01     4.05790e+01     4.03770e+01     3.65366e+01
   2.51266     3.97979e+01     4.07875e+01     4.06629e+01     3.66300e+01
   2.51880     3.98843e+01     4.08353e+01     4.08294e+01     3.67999e+01
   2.52493     4.01059e+01     4.10480e+01     4.10214e+01     3.70351e+01
   2.53107     4.03486e+01     4.13799e+01     4.11785e+01     3.71367e+01
   2.53720     4.03988e+01     4.13550e+01     4.13024e+01     3.72795e+01
   2.54334     4.06270e+01     4.16393e+01     4.15538e+01     3.76021e+01
   2.54948     4.07960e+01     4.16899e+01     4.17049e+01     3.77598e+01
   2.55561     4.09066e+01     4.19946e+01     4.18365e+01     3.80518e+01
   2.56175     4.10701e+01     4.21783e+01     4.19314e+01     3.80934e+01
   2.56788     4.11580e+01     4.23012e+01     4.21529e+01     3.83638e+01
   2.57402     4.13850e+01     4.23383e+01     4.23877e+01     3.84511e+01
   2.58016     4.14822e+01     4.25563e+01     4.26378e+01     3.86867e+01
   2.58629     4.16127e+01     4.28585e+01     4.26557e+01     3.89427e+01
   2.59243     4.17445e+01     4.28697e+01     4.29012e+01     3.92677e+01
   2.59856     4.18564e+01     4.30098e+01     4.29842e+01     3.93088e+01
   2.60470     4.20674e+01     4.31399e+01     4.32332e+01     3.95491e+01
   2.61084     4.21407e+01     4.33106e+01     4.33663e+01     3.96862e+01
   2.61697     4.22698e+01     4.34116e+01     4.34801e+01     3.98905e+01
   2.62311     4.24405e+01     4.36376e+01     4.36992e+01     4.00375e+01
   2.62924     4.26160e+01     4.38288e+01     4.38259e+01     4.01401e+01
   2.63538     4.28407e+01     4.39403e+01     4.39867e+01     4.02966e+01
   2.64151     4.28957e+01     4.40356e+01     4.41992e+01     4.04883e+01
   2.64765     4.30472e+01     4.42401e+01     4.42923e+01     4.07773e+01
   2.65379     4.31601e+01     4.43453e+01     4.45983e+01     4.08269e+01
   2.65992     4.32140e+01     4.45065e+01     4.47169e+01     4.11118e+01
   2.66606     4.34550e+01     4.45446e+01     4.48571e+01     4.12605e+01
   2.67219     4.35408e+01     4.47654e+01     4.50302e+01     4.13300e+01
   2.67833     4.36810e+01     4.49093e+01     4.51508e+01     4.15998e+01
   2.68447     4.37964e+01     4.50130e+01     4.52714e+01     4.15831e+01
   2.69060     4.39264e+01     4.52172e+01     4.54375e+01     4.18822e+01
   2.69674     4.40405e+01     4.53719e+01     4.55281e+01     4.20439e+01
   2.70287     4.42029e+01     4.54776e+01     4.57786e+01     4.22411e+01
   2.70901     4.43185e+01     4.55990e+01     4.59298e+01     4.24003e+01
   2.71515     4.44353e+01     4.57701e+01     4.60462e+01     4.25483e+01
   2.72128     4.45296e+01     4.57860e+01     4.61230e+01     4.27148e+01
   2.72742     4.46949e+01     4.59397e+01     4.63508e+01     4.27929e+01
   2.73355     4.48124e+01     4.60502e+01     4.65273e+01     4.29971e+01
   2.73969     4.49387e+01     4.62252e+01     4.66632e+01     4.30913e+01
   2.74583     4.50424e+01     4.63592e+01     4.67684e+01     4.33394e+01
   2.75196     4.52054e+01     4.64734e+01     4.68881e+01     4.34347e+01
   2.75810     4.52251e+01     4.66290e+01     4.70636e+01     4.35426e+01
   2.76423     4.53751e+01     4.67302e+01     4.72863e+01     4.37033e+01
   2.77037     4.54480e+01     4.68346e+01     4.73680e+01     4.37948e+01
   2.77651     4.56142e+01     4.70536e+01     4.75456e+01     4.39668e+01
   2.78264     4.56942e+01     4.71252e+01     4.77001e+01     4.40957e+01
   2.78878     4.58563e+01     4.72553e+01     4.77762e+01     4.42875e+01
   2.79491     4.59226e+01     4.73745e+01     4.79092e+01     4.43734e+01
   2.80105     4.60029e+01     4.74791e+01     4.80210e+01     4.45644e+01
   2.80718     4.60387e+01     4.75713e+01     4.81743e+01     4.45705e+01
   2.81332     4.62051e+01     4.76997e+01     4.83039e+01     4.47939e+01
   2.81946     4.63424e+01     4.77690e+01     4.84417e+01     4.49145e+01
   2.82559     4.63892e+01     4.79484e+01     4.85821e+01     4.50001e+01
   2.83173     4.65360e+01     4.79994e+01     4.86961e+01     4.51944e+01
   2.83786     4.66636e+01     4.81113e+01     4.88036e+01     4.52852e+01
   2.84400     4.67461e+01     4.82688e+01     4.90148e+01     4.53837e+01
   2.85014     4.67347e+01     4.84048e+01     4.91375e+01     4.55917e+01
   2.85627     4.69347e+01     4.84960e+01     4.91965e+01     4.56614e+01
   2.86241     4.70162e+01     4.85945e+01     4.93007e+01     4.58518e+01
   2.86854     4.70753e+01     4.87196e+01     4.94944e+01     4.58980e+01
   2.87468     4.72801e+01     4.88918e+01     4.95734e+01     4.60285e+01
   2.88082     4.73538e+01     4.89243e+01     4.97886e+01     4.61456e+01
   2.88695     4.74154e+01     4.90405e+01     4.98969e+01     4.62888e+01
   2.89309     4.74976e+01     4.91537e+01     5.00016e+01     4.64371e+01
   2.89922     4.75348e+01     4.92773e+01     5.01743e+01     4.64914e+01
   2.90536     4.76451e+01     4.92715e+01     5.02461e+01     4.66296e+01
   2.91150     4.78126e+01     4.95246e+01     5.03337e+01     4.67391e+01
   2.91763     4.78671e+01     4.95652e+01     5.04866e+01     4.68440e+01
   2.92377     4.79307e+01     4.96697e+01     5.05954e+01     4.69313e+01
   2.92990     4.79704e+01     4.97143e+01     5.06875e+01     4.70835e+01
   2.93604     4.80841e+01     4.98718e+01     5.08384e+01     4.71534e+01
   2.94218     4.81673e+01     4.99580e+01     5.09156e+01     4.72352e+01
   2.94831     4.82794e+01     5.00015e+01     5.10822e+01     4.73747e+01
   2.95445     4.82793e+01     5.01292e+01     5.11690e+01     4.74727e+01
   2.96058     4.84662e+01     5.01901e+01     5.12471e+01     4.75780e+01
   2.96672     4.84792e+01     5.03134e+01     5.13795e+01     4.77086e+01
   2.97285     4.85291e+01     5.04240e+01     5.14702e+01     4.77446e+01
   2.97899     4.86899e+01     5.05476e+01     5.16024e+01     4.78474e+01
   2.98513     4.87468e+01     5.06359e+01     5.17257e+01     4.79698e+01
   2.99126     4.88149e+01     5.06553e+01     5.18250e+01     4.80978e+01
   2.99740     4.89431e+01     5.07884e+01     5.19218e+01     4.81296e+01
   3.00353     4.90267e+01     5.08853e+01     5.20029e+01     4.82851e+01
   3.00967     4.90569e+01     5.09356e+01     5.21543e+01     4.83564e+01
   3.01581     4.91204e+01     5.10590e+01     5.22599e+01     4.84114e+01
   3.02194     4.91832e+01     5.11420e+01     5.23978e+01     4.84737e+01
   3.02808     4.93106e+01     5.12928e+01     5.24210e+01     4.85558e+01
   3.03421     4.93389e+01     5.13027e+01     5.25471e+01     4.87427e+01
   3.04035     4.94320e+01     5.13281e+01     5.27570e+01     4.87685e+01
   3.04649     4.93843e+01     5.14994e+01     5.27569e+01     4.89110e+01
   3.05262     4.95227e+01     5.15828e+01     5.28998e+01     4.89726e+01
   3.05876     4.95927e+01     5.17058e+01     5.29870e+01     4.90318e+01
   3.06489     4.96202e+01     5.17826e+01     5.30798e+01     4.91310e+01
   3.07103     4.97144e+01     5.17913e+01     5.32169e+01     4.92233e+01
   3.07717     4.98049e+01     5.19552e+01     5.32936e+01     4.93440e+01
   3.08330     4.98764e+01     5.19730e+01     5.34116e+01     4.94096e+01
   3.08944     4.99177e+01     5.20962e+01     5.34137e+01     4.94752e+01
   3.09557     4.99627e+01     5.21032e+01     5.35747e+01     4.95106e+01
   3.10171     5.00630e+01     5.22498e+01     5.36696e+01     4.96550e+01
   3.10785     5.00364e+01     5.23365e+01     5.37681e+01     4.96913e+01
   3.11398     5.01623e+01     5.23721e+01     5.38099e+01     4.97768e+01
   3.12012     5.02491e+01     5.25005e+01     5.39629e+01     4.97924e+01
   3.12625     5.02698e+01     5.25427e+01     5.40654e+01     4.98941e+01
   3.13239     5.03566e+01     5.25591e+01     5.41122e+01     5.00542e+01
   3.13852     5.03318e+01     5.27275e+01     5.42366e+01     5.00634e+01
