# Subtracting SN=    7.01636e+01.
#        k         Pk_0_HI
   0.03175     1.67155e+04
   0.04446     1.21947e+04
   0.05670     1.01344e+04
   0.06913     8.62028e+03
   0.08163     7.13912e+03
   0.09394     5.59427e+03
   0.10633     4.52227e+03
   0.11897     4.05453e+03
   0.13156     3.75938e+03
   0.14405     3.25040e+03
   0.15655     2.73932e+03
   0.16903     2.43638e+03
   0.18145     2.19680e+03
   0.19391     2.04802e+03
   0.20638     1.85998e+03
   0.21880     1.64189e+03
   0.23135     1.52381e+03
   0.24388     1.39983e+03
   0.25638     1.31279e+03
   0.26888     1.20937e+03
   0.28133     1.13256e+03
   0.29385     1.04490e+03
   0.30628     9.89286e+02
   0.31877     9.17959e+02
   0.33129     8.64170e+02
   0.34378     8.19814e+02
   0.35632     7.67919e+02
   0.36883     7.28886e+02
   0.38133     6.91273e+02
   0.39379     6.56395e+02
   0.40628     6.29363e+02
   0.41878     5.93930e+02
   0.43132     5.61515e+02
   0.44381     5.36228e+02
   0.45630     5.14793e+02
   0.46880     4.95809e+02
   0.48130     4.70915e+02
   0.49379     4.52465e+02
   0.50627     4.31169e+02
   0.51878     4.10573e+02
   0.53128     3.98800e+02
   0.54381     3.81588e+02
   0.55628     3.67419e+02
   0.56880     3.52361e+02
   0.58132     3.37816e+02
   0.59381     3.28297e+02
   0.60631     3.16124e+02
   0.61879     3.05032e+02
   0.63131     2.94202e+02
   0.64381     2.84773e+02
   0.65629     2.72681e+02
   0.66878     2.64529e+02
   0.68130     2.55699e+02
   0.69382     2.46406e+02
   0.70631     2.37943e+02
   0.71877     2.31951e+02
   0.73127     2.23412e+02
   0.74379     2.15672e+02
   0.75629     2.08421e+02
   0.76880     2.01838e+02
   0.78130     1.96786e+02
   0.79378     1.89835e+02
   0.80630     1.83587e+02
   0.81880     1.77808e+02
   0.83127     1.71809e+02
   0.84379     1.66356e+02
   0.85630     1.61223e+02
   0.86879     1.57428e+02
   0.88128     1.51990e+02
   0.89378     1.46780e+02
   0.90628     1.41774e+02
   0.91879     1.37271e+02
   0.93128     1.32775e+02
   0.94378     1.29348e+02
   0.95630     1.25478e+02
   0.96878     1.22048e+02
   0.98127     1.17767e+02
   0.99376     1.14257e+02
   1.00625     1.10244e+02
   1.01876     1.06853e+02
   1.03128     1.03542e+02
   1.04378     1.00976e+02
   1.05626     9.71391e+01
   1.06878     9.40533e+01
   1.08130     9.09636e+01
   1.09378     8.77629e+01
   1.10628     8.50145e+01
   1.11877     8.21626e+01
   1.13126     7.94674e+01
   1.14378     7.64815e+01
   1.15629     7.44537e+01
   1.16880     7.17904e+01
   1.18130     6.89335e+01
   1.19378     6.66239e+01
   1.20627     6.44245e+01
   1.21876     6.20201e+01
   1.23127     6.01328e+01
   1.24378     5.73145e+01
   1.25626     5.51888e+01
   1.26874     5.35238e+01
   1.28126     5.07775e+01
   1.29376     4.90151e+01
   1.30627     4.73669e+01
   1.31878     4.54024e+01
   1.33127     4.36296e+01
   1.34376     4.17003e+01
   1.35626     3.98964e+01
   1.36877     3.81828e+01
   1.38126     3.65109e+01
   1.39377     3.46827e+01
   1.40626     3.29358e+01
   1.41876     3.15795e+01
   1.43128     2.96929e+01
   1.44376     2.80987e+01
   1.45626     2.65309e+01
   1.46878     2.53488e+01
   1.48127     2.36742e+01
   1.49375     2.23226e+01
   1.50627     2.12452e+01
   1.51879     1.93607e+01
   1.53128     1.81753e+01
   1.54377     1.68445e+01
   1.55627     1.54793e+01
   1.56876     1.42894e+01
   1.58126     1.30196e+01
   1.59377     1.17151e+01
   1.60627     1.05856e+01
   1.61877     9.35931e+00
   1.63126     8.33440e+00
   1.64377     7.11247e+00
   1.65627     6.00935e+00
   1.66875     4.89601e+00
   1.68125     3.80291e+00
   1.69375     2.76800e+00
   1.70626     1.81220e+00
   1.71876     7.96864e-01
   1.73127    -3.10272e-01
   1.74377    -1.47316e+00
   1.75628    -2.41863e+00
   1.76876    -3.31068e+00
   1.78125    -4.21395e+00
   1.79375    -5.17399e+00
   1.80627    -5.96262e+00
   1.81877    -6.89209e+00
   1.83126    -7.76619e+00
   1.84377    -8.68044e+00
   1.85627    -9.49861e+00
   1.86877    -1.03156e+01
   1.88127    -1.11586e+01
   1.89376    -1.20530e+01
   1.90627    -1.27746e+01
   1.91877    -1.35410e+01
   1.93127    -1.43438e+01
   1.94377    -1.51216e+01
   1.95627    -1.58066e+01
   1.96877    -1.66060e+01
   1.98126    -1.73402e+01
   1.99375    -1.80284e+01
   2.00625    -1.86589e+01
   2.01875    -1.95022e+01
   2.03126    -2.00774e+01
   2.04377    -2.08592e+01
   2.05627    -2.14231e+01
   2.06876    -2.20239e+01
   2.08126    -2.27069e+01
   2.09376    -2.33170e+01
   2.10626    -2.39409e+01
   2.11877    -2.44883e+01
   2.13126    -2.51070e+01
   2.14377    -2.57759e+01
   2.15626    -2.63527e+01
   2.16875    -2.67984e+01
   2.18126    -2.74399e+01
   2.19376    -2.79891e+01
   2.20626    -2.84820e+01
   2.21876    -2.90161e+01
   2.23126    -2.95580e+01
   2.24376    -3.00878e+01
   2.25626    -3.05976e+01
   2.26876    -3.10987e+01
   2.28127    -3.15923e+01
   2.29377    -3.20953e+01
   2.30626    -3.25084e+01
   2.31876    -3.30193e+01
   2.33127    -3.34584e+01
   2.34377    -3.39510e+01
   2.35626    -3.44112e+01
   2.36877    -3.47650e+01
   2.38126    -3.52703e+01
   2.39375    -3.56563e+01
   2.40626    -3.60812e+01
   2.41875    -3.65438e+01
   2.43125    -3.69233e+01
   2.44376    -3.73426e+01
   2.45626    -3.76784e+01
   2.46877    -3.81225e+01
   2.48127    -3.85375e+01
   2.49376    -3.88920e+01
   2.50625    -3.92593e+01
   2.51875    -3.96178e+01
   2.53126    -3.99699e+01
   2.54376    -4.03379e+01
   2.55626    -4.06898e+01
   2.56876    -4.10264e+01
   2.58126    -4.13483e+01
   2.59377    -4.17099e+01
   2.60626    -4.20319e+01
   2.61876    -4.23184e+01
   2.63126    -4.26648e+01
   2.64376    -4.29669e+01
   2.65626    -4.33027e+01
   2.66876    -4.35919e+01
   2.68126    -4.38673e+01
   2.69376    -4.41852e+01
   2.70626    -4.45024e+01
   2.71876    -4.47522e+01
   2.73126    -4.50385e+01
   2.74376    -4.53229e+01
   2.75626    -4.55871e+01
   2.76877    -4.58584e+01
   2.78127    -4.61294e+01
   2.79377    -4.63740e+01
   2.80626    -4.65956e+01
   2.81875    -4.68496e+01
   2.83126    -4.70992e+01
   2.84377    -4.73373e+01
   2.85627    -4.75899e+01
   2.86876    -4.77990e+01
   2.88127    -4.80585e+01
   2.89377    -4.82837e+01
   2.90626    -4.84877e+01
   2.91876    -4.87073e+01
   2.93126    -4.89019e+01
   2.94376    -4.91038e+01
   2.95626    -4.92934e+01
   2.96876    -4.94950e+01
   2.98126    -4.97031e+01
   2.99376    -4.98899e+01
   3.00625    -5.00840e+01
   3.01875    -5.02541e+01
   3.03125    -5.04411e+01
   3.04376    -5.06090e+01
   3.05626    -5.07922e+01
   3.06876    -5.09576e+01
   3.08126    -5.11425e+01
   3.09376    -5.12778e+01
   3.10626    -5.14450e+01
   3.11876    -5.16087e+01
   3.13126    -5.17541e+01
