# Redshift space power spectrum in mu bins.
# Subtracting SN=    5.44381e+01.
#     k\mu         0.12500         0.37500         0.62500         0.87500
   0.00920     1.04670e+04             nan     1.76979e+04     2.05462e+04
   0.01534     1.31341e+04     1.60339e+04     2.17063e+04     2.57926e+04
   0.02148     1.30503e+04     1.42939e+04     1.80503e+04     2.38352e+04
   0.02761     1.23924e+04     1.37999e+04     1.78968e+04     2.23077e+04
   0.03375     1.05725e+04     1.08363e+04     1.36862e+04     1.96889e+04
   0.03988     8.56688e+03     9.80193e+03     1.21734e+04     1.61487e+04
   0.04602     7.63739e+03     8.22052e+03     1.03981e+04     1.35428e+04
   0.05216     6.84451e+03     7.86505e+03     9.86235e+03     1.25159e+04
   0.05829     6.36972e+03     7.20810e+03     8.70985e+03     1.19262e+04
   0.06443     5.87361e+03     6.55274e+03     8.27963e+03     1.03948e+04
   0.07056     5.59079e+03     6.04159e+03     7.50056e+03     9.84558e+03
   0.07670     5.01147e+03     5.65945e+03     6.85990e+03     9.46928e+03
   0.08283     4.48815e+03     5.02314e+03     6.12444e+03     8.12979e+03
   0.08897     3.89087e+03     4.39889e+03     5.37119e+03     7.17275e+03
   0.09511     3.38173e+03     3.78811e+03     4.74481e+03     6.33910e+03
   0.10124     3.20540e+03     3.58514e+03     4.37184e+03     5.56773e+03
   0.10738     2.88402e+03     3.23613e+03     3.80752e+03     5.19485e+03
   0.11351     2.68174e+03     2.96055e+03     3.72538e+03     4.78256e+03
   0.11965     2.50825e+03     2.78952e+03     3.49494e+03     4.55317e+03
   0.12579     2.45315e+03     2.82113e+03     3.37167e+03     4.53707e+03
   0.13192     2.35909e+03     2.60772e+03     3.24983e+03     4.36834e+03
   0.13806     2.13985e+03     2.43420e+03     3.13908e+03     3.86897e+03
   0.14419     2.04878e+03     2.22440e+03     2.80262e+03     3.81146e+03
   0.15033     1.84993e+03     2.15302e+03     2.55962e+03     3.31074e+03
   0.15647     1.68672e+03     1.93914e+03     2.33430e+03     3.15017e+03
   0.16260     1.58465e+03     1.78108e+03     2.17392e+03     2.86735e+03
   0.16874     1.46274e+03     1.65982e+03     2.12681e+03     2.92454e+03
   0.17487     1.41472e+03     1.60016e+03     1.97218e+03     2.71673e+03
   0.18101     1.34005e+03     1.54601e+03     1.79256e+03     2.56647e+03
   0.18715     1.31795e+03     1.43520e+03     1.80289e+03     2.48650e+03
   0.19328     1.27195e+03     1.44321e+03     1.75431e+03     2.34098e+03
   0.19942     1.20851e+03     1.34131e+03     1.62943e+03     2.23074e+03
   0.20555     1.11585e+03     1.27462e+03     1.54260e+03     2.11340e+03
   0.21169     1.02714e+03     1.22933e+03     1.53157e+03     1.96943e+03
   0.21783     1.01196e+03     1.12251e+03     1.39821e+03     1.92683e+03
   0.22396     9.44613e+02     1.03553e+03     1.34827e+03     1.80105e+03
   0.23010     9.02268e+02     1.02352e+03     1.30499e+03     1.82783e+03
   0.23623     8.74068e+02     9.82709e+02     1.22743e+03     1.68971e+03
   0.24237     8.22854e+02     9.34263e+02     1.14453e+03     1.54858e+03
   0.24850     8.02209e+02     9.32234e+02     1.14263e+03     1.61513e+03
   0.25464     7.89078e+02     8.77795e+02     1.11292e+03     1.54545e+03
   0.26078     7.38400e+02     8.54185e+02     1.05714e+03     1.46366e+03
   0.26691     7.20628e+02     7.96771e+02     1.00770e+03     1.36811e+03
   0.27305     6.99769e+02     7.71043e+02     1.01077e+03     1.30752e+03
   0.27918     6.80856e+02     7.68575e+02     9.14826e+02     1.31479e+03
   0.28532     6.36753e+02     7.28800e+02     9.43796e+02     1.24394e+03
   0.29146     6.08210e+02     6.75031e+02     8.65467e+02     1.19498e+03
   0.29759     5.89799e+02     6.71406e+02     8.38315e+02     1.19173e+03
   0.30373     5.57913e+02     6.41264e+02     8.16594e+02     1.14803e+03
   0.30986     5.56125e+02     6.27958e+02     7.96144e+02     1.10862e+03
   0.31600     5.34255e+02     6.05835e+02     7.55091e+02     1.03873e+03
   0.32214     5.27866e+02     5.83838e+02     7.37069e+02     1.02280e+03
   0.32827     5.04033e+02     5.64543e+02     7.03974e+02     9.90137e+02
   0.33441     4.85144e+02     5.39364e+02     6.96516e+02     9.49986e+02
   0.34054     4.70113e+02     5.37177e+02     6.46196e+02     9.36388e+02
   0.34668     4.48559e+02     5.23475e+02     6.47820e+02     9.38143e+02
   0.35282     4.39837e+02     5.03526e+02     6.12219e+02     8.86283e+02
   0.35895     4.21282e+02     4.87459e+02     6.03326e+02     8.80535e+02
   0.36509     4.16400e+02     4.63091e+02     5.74267e+02     8.18211e+02
   0.37122     4.08117e+02     4.70650e+02     5.87953e+02     8.19224e+02
   0.37736     3.95482e+02     4.49550e+02     5.49163e+02     8.07013e+02
   0.38350     3.71783e+02     4.28889e+02     5.46854e+02     7.45528e+02
   0.38963     3.69973e+02     4.23335e+02     5.16504e+02     7.22795e+02
   0.39577     3.65375e+02     4.09206e+02     5.14771e+02     7.28032e+02
   0.40190     3.46637e+02     3.98689e+02     5.06861e+02     7.12565e+02
   0.40804     3.47134e+02     3.83178e+02     4.87257e+02     7.00846e+02
   0.41417     3.25867e+02     3.71783e+02     4.67142e+02     6.67306e+02
   0.42031     3.27589e+02     3.62844e+02     4.63326e+02     6.63772e+02
   0.42645     3.15442e+02     3.50649e+02     4.51774e+02     6.41446e+02
   0.43258     2.99333e+02     3.36723e+02     4.30325e+02     6.30916e+02
   0.43872     2.93220e+02     3.35711e+02     4.31838e+02     6.19056e+02
   0.44485     2.97023e+02     3.20638e+02     4.18793e+02     5.96300e+02
   0.45099     2.75088e+02     3.25389e+02     4.04778e+02     5.71843e+02
   0.45713     2.73714e+02     3.10678e+02     3.98397e+02     5.73780e+02
   0.46326     2.76014e+02     3.01458e+02     3.82677e+02     5.60992e+02
   0.46940     2.66964e+02     3.00756e+02     3.77076e+02     5.42818e+02
   0.47553     2.60305e+02     2.90440e+02     3.67428e+02     5.30085e+02
   0.48167     2.47879e+02     2.89285e+02     3.61508e+02     5.24232e+02
   0.48781     2.41881e+02     2.75767e+02     3.44180e+02     5.10312e+02
   0.49394     2.40857e+02     2.67290e+02     3.49176e+02     4.99891e+02
   0.50008     2.29328e+02     2.60983e+02     3.31797e+02     4.95073e+02
   0.50621     2.28442e+02     2.56078e+02     3.27187e+02     4.68251e+02
   0.51235     2.23073e+02     2.46454e+02     3.10029e+02     4.63307e+02
   0.51849     2.21005e+02     2.43288e+02     3.14283e+02     4.50483e+02
   0.52462     2.13900e+02     2.37560e+02     3.05671e+02     4.42157e+02
   0.53076     2.04781e+02     2.31466e+02     3.04198e+02     4.30917e+02
   0.53689     2.05535e+02     2.28471e+02     2.90596e+02     4.26078e+02
   0.54303     1.96461e+02     2.21389e+02     2.88849e+02     4.16878e+02
   0.54917     1.92919e+02     2.16885e+02     2.81097e+02     4.10504e+02
   0.55530     1.88666e+02     2.13765e+02     2.73505e+02     4.00007e+02
   0.56144     1.86398e+02     2.07786e+02     2.68686e+02     3.95767e+02
   0.56757     1.78640e+02     2.05292e+02     2.64811e+02     3.82747e+02
   0.57371     1.78601e+02     2.00719e+02     2.52631e+02     3.71827e+02
   0.57984     1.72880e+02     1.94634e+02     2.50107e+02     3.64656e+02
   0.58598     1.68681e+02     1.89943e+02     2.46490e+02     3.54224e+02
   0.59212     1.66395e+02     1.88033e+02     2.43433e+02     3.57287e+02
   0.59825     1.62555e+02     1.82162e+02     2.36153e+02     3.48914e+02
   0.60439     1.61033e+02     1.79587e+02     2.35385e+02     3.36930e+02
   0.61052     1.54961e+02     1.77891e+02     2.27084e+02     3.32586e+02
   0.61666     1.55836e+02     1.73424e+02     2.23896e+02     3.25421e+02
   0.62280     1.49907e+02     1.71646e+02     2.18577e+02     3.20957e+02
   0.62893     1.48378e+02     1.67497e+02     2.12951e+02     3.14707e+02
   0.63507     1.45321e+02     1.62181e+02     2.11698e+02     3.07806e+02
   0.64120     1.42590e+02     1.61194e+02     2.04494e+02     3.03704e+02
   0.64734     1.38883e+02     1.57473e+02     1.99576e+02     2.95238e+02
   0.65348     1.37365e+02     1.53525e+02     1.98063e+02     2.86186e+02
   0.65961     1.32830e+02     1.49935e+02     1.92476e+02     2.84553e+02
   0.66575     1.29576e+02     1.46400e+02     1.89977e+02     2.78333e+02
   0.67188     1.29075e+02     1.43830e+02     1.85472e+02     2.75246e+02
   0.67802     1.26550e+02     1.44309e+02     1.82386e+02     2.68590e+02
   0.68416     1.22098e+02     1.38722e+02     1.81080e+02     2.61832e+02
   0.69029     1.22623e+02     1.37164e+02     1.75632e+02     2.54354e+02
   0.69643     1.18702e+02     1.33506e+02     1.70975e+02     2.54585e+02
   0.70256     1.15842e+02     1.33095e+02     1.70118e+02     2.48421e+02
   0.70870     1.16217e+02     1.26465e+02     1.64152e+02     2.46012e+02
   0.71484     1.11870e+02     1.28030e+02     1.65775e+02     2.41690e+02
   0.72097     1.11162e+02     1.24456e+02     1.61076e+02     2.35277e+02
   0.72711     1.09186e+02     1.21200e+02     1.55874e+02     2.32498e+02
   0.73324     1.04797e+02     1.20290e+02     1.52103e+02     2.23747e+02
   0.73938     1.04717e+02     1.19564e+02     1.49762e+02     2.22853e+02
   0.74551     1.02415e+02     1.13485e+02     1.48803e+02     2.20293e+02
   0.75165     1.01438e+02     1.12601e+02     1.44146e+02     2.18965e+02
   0.75779     9.84814e+01     1.11507e+02     1.43094e+02     2.09654e+02
   0.76392     9.68955e+01     1.08705e+02     1.40914e+02     2.06488e+02
   0.77006     9.45581e+01     1.05333e+02     1.34558e+02     2.02639e+02
   0.77619     9.42315e+01     1.04714e+02     1.34519e+02     2.00349e+02
   0.78233     9.22952e+01     1.01612e+02     1.33051e+02     1.97780e+02
   0.78847     9.14399e+01     1.02700e+02     1.28689e+02     1.91452e+02
   0.79460     8.69656e+01     9.93728e+01     1.29643e+02     1.88389e+02
   0.80074     8.66661e+01     9.75182e+01     1.24836e+02     1.84608e+02
   0.80687     8.49546e+01     9.63196e+01     1.24127e+02     1.80876e+02
   0.81301     8.44067e+01     9.48886e+01     1.19962e+02     1.78422e+02
   0.81915     8.31287e+01     9.16943e+01     1.17980e+02     1.75535e+02
   0.82528     8.11887e+01     8.99462e+01     1.15092e+02     1.72751e+02
   0.83142     7.79844e+01     8.75911e+01     1.12659e+02     1.69653e+02
   0.83755     7.75478e+01     8.72452e+01     1.12924e+02     1.66006e+02
   0.84369     7.42894e+01     8.53133e+01     1.08892e+02     1.64308e+02
   0.84983     7.45361e+01     8.40610e+01     1.06761e+02     1.59043e+02
   0.85596     7.40698e+01     8.13817e+01     1.05302e+02     1.59920e+02
   0.86210     7.41713e+01     7.99713e+01     1.04686e+02     1.55510e+02
   0.86823     7.17140e+01     7.91599e+01     1.02395e+02     1.51641e+02
   0.87437     7.05866e+01     7.73973e+01     9.95282e+01     1.48306e+02
   0.88050     6.92868e+01     7.70893e+01     9.78657e+01     1.45926e+02
   0.88664     6.77278e+01     7.34935e+01     9.60391e+01     1.43811e+02
   0.89278     6.60840e+01     7.28503e+01     9.53413e+01     1.40834e+02
   0.89891     6.46486e+01     7.10265e+01     9.25000e+01     1.39785e+02
   0.90505     6.34478e+01     6.95931e+01     8.90073e+01     1.35680e+02
   0.91118     6.17986e+01     6.95712e+01     8.88807e+01     1.33701e+02
   0.91732     6.09696e+01     6.90343e+01     8.80719e+01     1.31751e+02
   0.92346     6.01797e+01     6.58557e+01     8.65450e+01     1.29209e+02
   0.92959     5.88346e+01     6.41896e+01     8.45410e+01     1.27023e+02
   0.93573     5.83585e+01     6.42751e+01     8.35408e+01     1.25039e+02
   0.94186     5.65912e+01     6.37140e+01     8.18528e+01     1.21698e+02
   0.94800     5.63055e+01     6.11037e+01     7.94924e+01     1.17748e+02
   0.95414     5.54207e+01     6.00496e+01     7.75709e+01     1.17029e+02
   0.96027     5.42132e+01     5.89878e+01     7.79971e+01     1.16504e+02
   0.96641     5.36037e+01     5.84483e+01     7.57113e+01     1.14440e+02
   0.97254     5.12361e+01     5.62698e+01     7.49238e+01     1.11770e+02
   0.97868     5.08424e+01     5.61671e+01     7.22992e+01     1.09911e+02
   0.98482     5.10882e+01     5.53918e+01     7.00872e+01     1.07559e+02
   0.99095     5.00774e+01     5.43397e+01     6.90921e+01     1.05197e+02
   0.99709     4.85107e+01     5.21899e+01     6.85420e+01     1.03665e+02
   1.00322     4.77529e+01     5.16232e+01     6.61873e+01     1.02705e+02
   1.00936     4.65406e+01     5.10761e+01     6.50840e+01     9.89934e+01
   1.01550     4.41579e+01     4.95523e+01     6.45895e+01     9.89759e+01
   1.02163     4.31077e+01     4.95313e+01     6.26563e+01     9.73523e+01
   1.02777     4.36477e+01     4.76553e+01     6.18518e+01     9.36328e+01
   1.03390     4.27451e+01     4.75285e+01     6.15956e+01     9.23603e+01
   1.04004     4.15688e+01     4.66552e+01     5.93620e+01     9.12902e+01
   1.04617     4.11256e+01     4.59717e+01     5.93416e+01     8.98177e+01
   1.05231     3.97125e+01     4.42560e+01     5.69562e+01     8.76897e+01
   1.05845     4.01894e+01     4.35877e+01     5.59807e+01     8.65473e+01
   1.06458     3.87261e+01     4.26362e+01     5.49761e+01     8.40289e+01
   1.07072     3.82146e+01     4.05086e+01     5.38093e+01     8.33369e+01
   1.07685     3.74919e+01     4.05587e+01     5.20648e+01     8.10290e+01
   1.08299     3.66972e+01     4.05549e+01     5.16924e+01     8.05746e+01
   1.08913     3.58855e+01     3.88661e+01     5.01255e+01     7.85695e+01
   1.09526     3.48420e+01     3.75856e+01     4.95560e+01     7.69339e+01
   1.10140     3.37285e+01     3.75503e+01     4.76983e+01     7.51415e+01
   1.10753     3.34923e+01     3.64251e+01     4.79615e+01     7.34435e+01
   1.11367     3.30428e+01     3.58005e+01     4.60048e+01     7.30110e+01
   1.11981     3.21575e+01     3.46016e+01     4.52740e+01     7.04114e+01
   1.12594     3.12309e+01     3.34516e+01     4.36349e+01     6.98721e+01
   1.13208     3.14279e+01     3.26150e+01     4.29553e+01     6.90114e+01
   1.13821     2.96958e+01     3.23548e+01     4.20664e+01     6.82762e+01
   1.14435     2.90397e+01     3.23919e+01     4.16342e+01     6.55023e+01
   1.15049     2.90818e+01     3.16691e+01     3.99038e+01     6.37319e+01
   1.15662     2.84483e+01     3.07407e+01     3.97103e+01     6.36915e+01
   1.16276     2.75866e+01     3.00877e+01     3.85323e+01     6.21257e+01
   1.16889     2.63959e+01     2.94657e+01     3.81396e+01     6.01362e+01
   1.17503     2.67940e+01     2.80935e+01     3.70670e+01     5.93768e+01
   1.18117     2.53272e+01     2.79135e+01     3.57751e+01     5.87405e+01
   1.18730     2.50838e+01     2.67543e+01     3.56475e+01     5.70541e+01
   1.19344     2.41160e+01     2.57265e+01     3.49772e+01     5.60491e+01
   1.19957     2.33997e+01     2.56203e+01     3.34336e+01     5.58336e+01
   1.20571     2.35014e+01     2.42950e+01     3.30695e+01     5.35507e+01
   1.21184     2.22404e+01     2.45252e+01     3.16886e+01     5.29302e+01
   1.21798     2.18464e+01     2.40296e+01     3.12385e+01     5.19685e+01
   1.22412     2.16029e+01     2.27077e+01     3.02784e+01     5.05305e+01
   1.23025     2.06900e+01     2.19259e+01     2.96520e+01     4.96063e+01
   1.23639     2.06309e+01     2.17299e+01     2.90334e+01     4.87299e+01
   1.24252     1.92065e+01     2.12108e+01     2.83197e+01     4.70808e+01
   1.24866     1.93094e+01     2.01718e+01     2.78780e+01     4.68611e+01
   1.25480     1.88210e+01     1.94617e+01     2.68408e+01     4.55146e+01
   1.26093     1.80269e+01     1.91481e+01     2.64438e+01     4.44134e+01
   1.26707     1.72382e+01     1.84219e+01     2.54918e+01     4.37692e+01
   1.27320     1.68624e+01     1.78967e+01     2.44681e+01     4.27900e+01
   1.27934     1.59028e+01     1.77827e+01     2.39990e+01     4.16907e+01
   1.28548     1.55577e+01     1.71557e+01     2.34470e+01     4.04961e+01
   1.29161     1.53116e+01     1.67099e+01     2.24791e+01     3.99287e+01
   1.29775     1.49146e+01     1.57078e+01     2.15688e+01     3.96221e+01
   1.30388     1.50507e+01     1.52668e+01     2.12554e+01     3.70325e+01
   1.31002     1.35102e+01     1.45435e+01     2.06711e+01     3.74270e+01
   1.31616     1.34880e+01     1.46158e+01     2.01656e+01     3.58694e+01
   1.32229     1.32529e+01     1.39642e+01     1.90905e+01     3.58099e+01
   1.32843     1.21464e+01     1.28908e+01     1.90463e+01     3.44181e+01
   1.33456     1.19658e+01     1.33253e+01     1.81374e+01     3.35647e+01
   1.34070     1.15007e+01     1.21143e+01     1.76028e+01     3.26731e+01
   1.34684     1.19526e+01     1.15804e+01     1.69669e+01     3.14212e+01
   1.35297     1.06483e+01     1.13029e+01     1.62841e+01     3.11803e+01
   1.35911     9.97177e+00     1.12123e+01     1.58495e+01     3.09633e+01
   1.36524     9.52690e+00     1.02616e+01     1.56205e+01     2.98094e+01
   1.37138     9.01050e+00     9.73389e+00     1.48012e+01     2.91654e+01
   1.37751     8.90313e+00     9.38920e+00     1.42912e+01     2.77564e+01
   1.38365     8.73760e+00     9.25422e+00     1.37453e+01     2.67294e+01
   1.38979     7.95076e+00     8.23080e+00     1.30102e+01     2.66414e+01
   1.39592     7.76090e+00     7.69837e+00     1.27513e+01     2.55456e+01
   1.40206     7.18131e+00     7.51937e+00     1.23626e+01     2.50888e+01
   1.40819     6.81634e+00     6.86527e+00     1.15852e+01     2.42621e+01
   1.41433     6.06197e+00     6.34419e+00     1.14168e+01     2.38020e+01
   1.42047     6.01543e+00     6.38379e+00     1.03177e+01     2.26550e+01
   1.42660     5.68349e+00     5.77687e+00     9.53902e+00     2.19156e+01
   1.43274     5.44871e+00     5.31244e+00     9.38511e+00     2.13736e+01
   1.43887     4.67368e+00     4.67078e+00     8.81064e+00     2.07051e+01
   1.44501     4.51441e+00     4.33360e+00     8.32423e+00     2.00263e+01
   1.45115     3.98932e+00     3.90103e+00     8.38782e+00     1.97447e+01
   1.45728     3.70066e+00     3.94020e+00     7.31390e+00     1.91355e+01
   1.46342     3.24676e+00     3.01863e+00     7.38610e+00     1.85368e+01
   1.46955     2.87747e+00     3.23259e+00     6.51651e+00     1.81719e+01
   1.47569     2.37654e+00     2.63512e+00     6.01421e+00     1.69737e+01
   1.48183     2.07596e+00     1.88483e+00     5.54389e+00     1.63318e+01
   1.48796     1.85496e+00     1.83047e+00     5.22300e+00     1.59325e+01
   1.49410     1.55872e+00     1.29746e+00     4.71771e+00     1.49164e+01
   1.50023     1.12072e+00     1.11159e+00     4.79448e+00     1.42280e+01
   1.50637     8.73751e-01     6.12759e-01     3.52359e+00     1.46036e+01
   1.51251     2.29935e-01     1.18861e-01     3.62412e+00     1.36771e+01
   1.51864     1.26281e-01     2.81089e-01     3.14191e+00     1.28773e+01
   1.52478     6.56710e-01     7.04955e-01     2.66948e+00     1.24679e+01
   1.53091     3.27510e-01     1.00049e+00     1.87919e+00     1.17794e+01
   1.53705     1.00678e+00     1.29427e+00     1.59163e+00     1.10128e+01
   1.54318     1.32319e+00     1.69151e+00     1.21220e+00     1.10124e+01
   1.54932     1.61468e+00     1.84418e+00     1.05707e+00     1.01801e+01
   1.55546     2.17490e+00     2.13352e+00     6.42799e-01     9.75542e+00
   1.56159     2.17989e+00     2.82642e+00     1.15239e-01     8.76187e+00
   1.56773     2.36692e+00     3.23715e+00     5.36783e-01     8.46308e+00
   1.57386     3.02552e+00     3.49872e+00     6.95118e-01     7.96031e+00
   1.58000     3.27538e+00     3.51743e+00     1.19464e+00     7.65631e+00
   1.58614     3.65629e+00     4.08085e+00     1.24309e+00     7.37571e+00
   1.59227     4.10254e+00     4.37767e+00     1.68255e+00     6.20268e+00
   1.59841     4.38828e+00     4.68726e+00     1.95000e+00     6.16092e+00
   1.60454     4.46953e+00     5.09035e+00     2.32759e+00     5.71662e+00
   1.61068     4.86380e+00     5.39962e+00     2.40928e+00     4.99398e+00
   1.61682     5.27430e+00     5.77083e+00     3.17051e+00     4.70806e+00
   1.62295     5.26691e+00     5.94042e+00     3.64627e+00     4.23613e+00
   1.62909     6.01766e+00     6.22507e+00     3.98163e+00     3.92043e+00
   1.63522     6.01756e+00     6.57082e+00     3.84991e+00     3.20580e+00
   1.64136     6.22961e+00     6.55190e+00     4.48667e+00     2.65734e+00
   1.64750     6.63839e+00     7.02655e+00     5.09665e+00     2.19862e+00
   1.65363     6.97827e+00     7.53756e+00     5.24473e+00     1.94173e+00
   1.65977     7.18828e+00     7.71248e+00     5.54666e+00     1.53063e+00
   1.66590     7.61820e+00     8.05868e+00     5.86476e+00     9.77939e-01
   1.67204     7.88268e+00     8.56162e+00     6.02578e+00     5.04349e-01
   1.67817     7.96938e+00     8.66268e+00     6.63598e+00     4.19486e-01
   1.68431     8.63632e+00     8.89801e+00     6.90024e+00     2.48926e-01
   1.69045     8.51588e+00     9.27912e+00     7.30738e+00     3.50742e-01
   1.69658     8.96656e+00     9.46371e+00     7.40941e+00     1.01644e+00
   1.70272     9.25111e+00     9.80339e+00     7.80689e+00     1.20909e+00
   1.70885     9.46617e+00     1.01214e+01     8.07470e+00     1.64628e+00
   1.71499     9.71174e+00     1.01732e+01     8.46739e+00     2.41027e+00
   1.72113     1.01092e+01     1.06654e+01     8.91192e+00     2.47017e+00
   1.72726     1.04440e+01     1.09272e+01     8.99869e+00     2.86265e+00
   1.73340     1.04808e+01     1.10940e+01     9.24611e+00     3.42349e+00
   1.73953     1.08333e+01     1.15146e+01     9.42851e+00     3.65220e+00
   1.74567     1.11353e+01     1.17127e+01     1.00039e+01     4.16417e+00
   1.75181     1.13838e+01     1.21125e+01     1.01842e+01     4.17045e+00
   1.75794     1.15425e+01     1.21522e+01     1.06908e+01     4.66405e+00
   1.76408     1.19081e+01     1.25742e+01     1.08773e+01     4.84767e+00
   1.77021     1.20555e+01     1.25511e+01     1.08871e+01     5.39804e+00
   1.77635     1.23591e+01     1.29784e+01     1.13570e+01     5.82258e+00
   1.78249     1.26194e+01     1.31533e+01     1.15546e+01     6.07144e+00
   1.78862     1.27948e+01     1.33980e+01     1.19818e+01     6.41131e+00
   1.79476     1.31180e+01     1.37830e+01     1.18983e+01     6.83566e+00
   1.80089     1.32312e+01     1.40778e+01     1.25686e+01     7.45383e+00
   1.80703     1.36402e+01     1.43883e+01     1.27233e+01     7.46189e+00
   1.81317     1.37864e+01     1.45426e+01     1.29221e+01     7.81289e+00
   1.81930     1.38368e+01     1.48918e+01     1.30855e+01     8.07019e+00
   1.82544     1.42180e+01     1.50605e+01     1.35534e+01     8.47850e+00
   1.83157     1.44047e+01     1.50733e+01     1.37701e+01     9.07196e+00
   1.83771     1.47375e+01     1.54305e+01     1.40521e+01     9.14197e+00
   1.84384     1.50793e+01     1.58130e+01     1.43309e+01     9.37669e+00
   1.84998     1.52576e+01     1.58513e+01     1.44133e+01     9.65001e+00
   1.85612     1.53255e+01     1.61297e+01     1.47309e+01     1.01515e+01
   1.86225     1.57143e+01     1.62499e+01     1.50516e+01     1.01881e+01
   1.86839     1.57729e+01     1.66748e+01     1.51871e+01     1.05719e+01
   1.87452     1.61098e+01     1.68114e+01     1.55400e+01     1.10494e+01
   1.88066     1.62466e+01     1.69353e+01     1.55705e+01     1.11991e+01
   1.88680     1.63689e+01     1.72176e+01     1.60478e+01     1.14363e+01
   1.89293     1.67843e+01     1.75857e+01     1.63360e+01     1.18703e+01
   1.89907     1.67776e+01     1.76919e+01     1.64116e+01     1.23201e+01
   1.90520     1.71852e+01     1.78737e+01     1.68167e+01     1.24918e+01
   1.91134     1.74574e+01     1.82073e+01     1.68608e+01     1.28176e+01
   1.91748     1.75589e+01     1.83669e+01     1.69972e+01     1.29512e+01
   1.92361     1.75185e+01     1.85650e+01     1.74623e+01     1.30556e+01
   1.92975     1.79080e+01     1.86588e+01     1.74733e+01     1.35495e+01
   1.93588     1.81422e+01     1.87989e+01     1.78262e+01     1.37767e+01
   1.94202     1.82858e+01     1.90753e+01     1.80691e+01     1.40855e+01
   1.94816     1.84777e+01     1.93865e+01     1.83698e+01     1.44549e+01
   1.95429     1.87432e+01     1.96393e+01     1.86345e+01     1.46600e+01
   1.96043     1.89397e+01     1.97583e+01     1.86758e+01     1.47658e+01
   1.96656     1.91945e+01     1.99121e+01     1.88627e+01     1.51443e+01
   1.97270     1.94771e+01     2.02446e+01     1.90366e+01     1.53791e+01
   1.97884     1.95605e+01     2.03309e+01     1.93849e+01     1.56930e+01
   1.98497     1.98429e+01     2.06057e+01     1.94928e+01     1.58091e+01
   1.99111     2.01176e+01     2.06690e+01     1.97282e+01     1.61100e+01
   1.99724     2.02943e+01     2.07723e+01     1.99818e+01     1.65748e+01
   2.00338     2.01731e+01     2.11542e+01     2.02136e+01     1.66188e+01
   2.00951     2.04394e+01     2.11906e+01     2.02426e+01     1.69201e+01
   2.01565     2.08691e+01     2.13731e+01     2.05547e+01     1.71190e+01
   2.02179     2.10326e+01     2.17537e+01     2.08182e+01     1.74817e+01
   2.02792     2.09786e+01     2.19201e+01     2.09794e+01     1.76215e+01
   2.03406     2.12033e+01     2.21284e+01     2.10946e+01     1.79546e+01
   2.04019     2.15500e+01     2.21556e+01     2.16125e+01     1.80489e+01
   2.04633     2.16746e+01     2.24807e+01     2.16717e+01     1.82668e+01
   2.05247     2.18009e+01     2.25454e+01     2.17300e+01     1.86771e+01
   2.05860     2.20760e+01     2.27939e+01     2.20257e+01     1.87905e+01
   2.06474     2.21895e+01     2.29207e+01     2.21625e+01     1.89695e+01
   2.07087     2.23421e+01     2.31589e+01     2.22696e+01     1.92682e+01
   2.07701     2.24612e+01     2.32196e+01     2.24896e+01     1.94688e+01
   2.08315     2.26722e+01     2.34778e+01     2.27737e+01     1.98018e+01
   2.08928     2.27483e+01     2.37744e+01     2.29205e+01     1.99742e+01
   2.09542     2.30029e+01     2.38855e+01     2.30585e+01     2.01337e+01
   2.10155     2.31964e+01     2.39310e+01     2.32830e+01     2.04418e+01
   2.10769     2.33878e+01     2.40983e+01     2.36200e+01     2.05805e+01
   2.11383     2.35458e+01     2.43658e+01     2.37719e+01     2.08130e+01
   2.11996     2.36998e+01     2.46419e+01     2.38124e+01     2.09986e+01
   2.12610     2.39054e+01     2.45633e+01     2.40001e+01     2.11766e+01
   2.13223     2.40117e+01     2.48289e+01     2.41898e+01     2.14625e+01
   2.13837     2.42378e+01     2.50028e+01     2.42703e+01     2.15418e+01
   2.14451     2.43432e+01     2.50324e+01     2.45107e+01     2.17414e+01
   2.15064     2.44001e+01     2.53907e+01     2.47727e+01     2.21204e+01
   2.15678     2.47185e+01     2.53568e+01     2.49728e+01     2.21933e+01
   2.16291     2.48466e+01     2.56224e+01     2.50018e+01     2.23642e+01
   2.16905     2.50305e+01     2.57380e+01     2.51392e+01     2.24640e+01
   2.17518     2.52175e+01     2.59475e+01     2.54959e+01     2.29629e+01
   2.18132     2.53436e+01     2.60749e+01     2.55548e+01     2.30371e+01
   2.18746     2.56049e+01     2.63216e+01     2.57178e+01     2.31226e+01
   2.19359     2.57175e+01     2.63492e+01     2.59912e+01     2.33468e+01
   2.19973     2.59069e+01     2.64463e+01     2.61362e+01     2.35544e+01
   2.20586     2.60247e+01     2.68316e+01     2.61570e+01     2.37609e+01
   2.21200     2.60126e+01     2.68155e+01     2.62648e+01     2.39645e+01
   2.21814     2.63273e+01     2.70877e+01     2.65821e+01     2.40244e+01
   2.22427     2.63016e+01     2.71141e+01     2.67343e+01     2.42691e+01
   2.23041     2.65121e+01     2.73393e+01     2.69061e+01     2.45374e+01
   2.23654     2.66988e+01     2.74411e+01     2.70401e+01     2.46732e+01
   2.24268     2.68505e+01     2.76504e+01     2.72108e+01     2.48916e+01
   2.24882     2.69433e+01     2.77381e+01     2.74005e+01     2.49792e+01
   2.25495     2.71071e+01     2.78651e+01     2.75260e+01     2.52080e+01
   2.26109     2.73005e+01     2.81100e+01     2.75917e+01     2.52725e+01
   2.26722     2.73851e+01     2.81404e+01     2.79012e+01     2.54644e+01
   2.27336     2.75871e+01     2.83874e+01     2.79947e+01     2.57177e+01
   2.27950     2.77810e+01     2.84174e+01     2.82255e+01     2.58894e+01
   2.28563     2.77455e+01     2.86027e+01     2.82762e+01     2.60046e+01
   2.29177     2.80360e+01     2.86988e+01     2.83983e+01     2.61405e+01
   2.29790     2.80702e+01     2.89091e+01     2.85711e+01     2.62745e+01
   2.30404     2.82485e+01     2.90667e+01     2.87317e+01     2.64208e+01
   2.31018     2.83743e+01     2.90615e+01     2.88600e+01     2.65987e+01
   2.31631     2.84884e+01     2.92867e+01     2.90541e+01     2.67728e+01
   2.32245     2.86610e+01     2.93410e+01     2.91323e+01     2.69796e+01
   2.32858     2.88043e+01     2.95773e+01     2.93315e+01     2.72134e+01
   2.33472     2.88913e+01     2.97734e+01     2.94620e+01     2.73443e+01
   2.34085     2.90042e+01     2.99022e+01     2.96821e+01     2.75041e+01
   2.34699     2.91593e+01     2.99784e+01     2.96167e+01     2.76416e+01
   2.35313     2.93841e+01     3.01200e+01     2.98681e+01     2.77348e+01
   2.35926     2.94070e+01     3.02100e+01     3.00096e+01     2.79788e+01
   2.36540     2.95436e+01     3.04097e+01     3.00610e+01     2.80151e+01
   2.37153     2.96918e+01     3.04734e+01     3.02315e+01     2.81562e+01
   2.37767     2.98944e+01     3.06484e+01     3.04593e+01     2.83786e+01
   2.38381     3.00195e+01     3.06916e+01     3.05975e+01     2.84433e+01
   2.38994     3.00539e+01     3.07967e+01     3.06304e+01     2.86687e+01
   2.39608     3.01752e+01     3.09835e+01     3.07995e+01     2.88152e+01
   2.40221     3.02950e+01     3.11022e+01     3.09178e+01     2.88563e+01
   2.40835     3.04721e+01     3.12886e+01     3.10038e+01     2.91340e+01
   2.41449     3.05424e+01     3.13052e+01     3.11997e+01     2.93172e+01
   2.42062     3.06069e+01     3.15071e+01     3.13772e+01     2.92416e+01
   2.42676     3.07929e+01     3.16005e+01     3.14808e+01     2.94963e+01
   2.43289     3.10037e+01     3.17228e+01     3.16253e+01     2.96408e+01
   2.43903     3.10437e+01     3.18687e+01     3.17257e+01     2.97758e+01
   2.44517     3.11173e+01     3.19460e+01     3.18641e+01     2.98883e+01
   2.45130     3.12296e+01     3.20954e+01     3.20166e+01     3.00459e+01
   2.45744     3.14289e+01     3.21842e+01     3.20692e+01     3.01272e+01
   2.46357     3.15005e+01     3.22855e+01     3.22592e+01     3.02670e+01
   2.46971     3.15237e+01     3.24707e+01     3.24360e+01     3.04360e+01
   2.47584     3.17396e+01     3.26084e+01     3.25760e+01     3.05968e+01
   2.48198     3.18092e+01     3.27389e+01     3.26486e+01     3.07931e+01
   2.48812     3.18967e+01     3.27877e+01     3.27477e+01     3.08073e+01
   2.49425     3.20966e+01     3.28715e+01     3.28054e+01     3.09906e+01
   2.50039     3.21169e+01     3.29294e+01     3.30229e+01     3.11426e+01
   2.50652     3.22801e+01     3.31200e+01     3.30660e+01     3.11682e+01
   2.51266     3.23111e+01     3.32302e+01     3.32457e+01     3.13608e+01
   2.51880     3.25199e+01     3.33053e+01     3.34180e+01     3.14393e+01
   2.52493     3.25555e+01     3.33898e+01     3.34803e+01     3.16913e+01
   2.53107     3.26644e+01     3.35641e+01     3.36834e+01     3.17272e+01
   2.53720     3.28458e+01     3.35923e+01     3.36650e+01     3.18513e+01
   2.54334     3.29059e+01     3.37071e+01     3.38323e+01     3.19326e+01
   2.54948     3.30295e+01     3.37870e+01     3.39394e+01     3.20846e+01
   2.55561     3.30856e+01     3.39481e+01     3.40570e+01     3.21133e+01
   2.56175     3.31909e+01     3.39873e+01     3.41427e+01     3.22686e+01
   2.56788     3.32948e+01     3.41772e+01     3.42649e+01     3.24045e+01
   2.57402     3.34261e+01     3.42789e+01     3.44278e+01     3.25085e+01
   2.58016     3.35039e+01     3.43605e+01     3.45002e+01     3.26255e+01
   2.58629     3.36619e+01     3.44532e+01     3.46474e+01     3.28093e+01
   2.59243     3.36413e+01     3.45838e+01     3.47649e+01     3.29084e+01
   2.59856     3.37862e+01     3.46259e+01     3.48385e+01     3.29861e+01
   2.60470     3.39294e+01     3.48234e+01     3.49572e+01     3.31113e+01
   2.61084     3.39694e+01     3.48150e+01     3.51151e+01     3.32321e+01
   2.61697     3.40787e+01     3.50064e+01     3.51157e+01     3.33213e+01
   2.62311     3.41821e+01     3.50599e+01     3.52818e+01     3.33970e+01
   2.62924     3.42725e+01     3.51547e+01     3.54057e+01     3.35696e+01
   2.63538     3.43645e+01     3.52227e+01     3.55493e+01     3.36336e+01
   2.64151     3.44269e+01     3.53333e+01     3.56169e+01     3.37151e+01
   2.64765     3.45992e+01     3.54713e+01     3.57215e+01     3.38427e+01
   2.65379     3.45911e+01     3.55255e+01     3.58305e+01     3.39586e+01
   2.65992     3.47479e+01     3.56314e+01     3.59519e+01     3.40651e+01
   2.66606     3.48052e+01     3.57010e+01     3.60334e+01     3.41968e+01
   2.67219     3.49073e+01     3.58114e+01     3.61078e+01     3.42775e+01
   2.67833     3.50859e+01     3.59479e+01     3.62358e+01     3.43464e+01
   2.68447     3.51153e+01     3.60176e+01     3.63814e+01     3.44922e+01
   2.69060     3.52046e+01     3.60961e+01     3.64027e+01     3.45551e+01
   2.69674     3.53024e+01     3.61548e+01     3.65123e+01     3.46403e+01
   2.70287     3.52356e+01     3.63244e+01     3.65750e+01     3.47694e+01
   2.70901     3.53870e+01     3.63347e+01     3.67311e+01     3.48331e+01
   2.71515     3.54930e+01     3.65058e+01     3.67711e+01     3.49551e+01
   2.72128     3.55782e+01     3.64782e+01     3.69222e+01     3.50351e+01
   2.72742     3.56276e+01     3.65705e+01     3.69948e+01     3.51016e+01
   2.73355     3.57715e+01     3.67324e+01     3.71809e+01     3.51858e+01
   2.73969     3.58760e+01     3.68046e+01     3.72511e+01     3.53489e+01
   2.74583     3.59075e+01     3.69211e+01     3.73163e+01     3.53828e+01
   2.75196     3.59511e+01     3.69579e+01     3.73830e+01     3.54780e+01
   2.75810     3.60788e+01     3.70628e+01     3.75210e+01     3.56503e+01
   2.76423     3.61610e+01     3.71371e+01     3.75816e+01     3.56935e+01
   2.77037     3.62098e+01     3.72692e+01     3.77291e+01     3.57949e+01
   2.77651     3.62482e+01     3.73435e+01     3.78316e+01     3.58614e+01
   2.78264     3.63482e+01     3.74091e+01     3.79185e+01     3.59422e+01
   2.78878     3.64599e+01     3.75188e+01     3.79888e+01     3.60963e+01
   2.79491     3.65004e+01     3.75125e+01     3.80752e+01     3.61101e+01
   2.80105     3.66004e+01     3.75950e+01     3.81895e+01     3.61311e+01
   2.80718     3.66600e+01     3.77022e+01     3.82851e+01     3.63209e+01
   2.81332     3.66948e+01     3.78005e+01     3.83641e+01     3.62821e+01
   2.81946     3.68036e+01     3.78424e+01     3.84457e+01     3.64142e+01
   2.82559     3.68221e+01     3.79838e+01     3.85223e+01     3.65252e+01
   2.83173     3.68872e+01     3.80134e+01     3.86327e+01     3.65994e+01
   2.83786     3.70056e+01     3.81454e+01     3.87026e+01     3.66230e+01
   2.84400     3.71117e+01     3.82254e+01     3.88085e+01     3.67697e+01
   2.85014     3.71561e+01     3.82606e+01     3.88442e+01     3.68481e+01
   2.85627     3.71531e+01     3.83227e+01     3.90141e+01     3.69152e+01
   2.86241     3.72676e+01     3.83940e+01     3.90078e+01     3.69909e+01
   2.86854     3.73559e+01     3.85102e+01     3.91405e+01     3.70820e+01
   2.87468     3.74191e+01     3.85539e+01     3.91922e+01     3.71344e+01
   2.88082     3.74822e+01     3.86709e+01     3.93208e+01     3.72353e+01
   2.88695     3.74919e+01     3.87219e+01     3.93980e+01     3.73192e+01
   2.89309     3.75676e+01     3.88403e+01     3.94762e+01     3.73671e+01
   2.89922     3.76380e+01     3.88746e+01     3.95133e+01     3.74310e+01
   2.90536     3.77064e+01     3.89606e+01     3.96299e+01     3.75028e+01
   2.91150     3.77482e+01     3.89718e+01     3.97075e+01     3.75856e+01
   2.91763     3.78349e+01     3.90286e+01     3.97535e+01     3.76687e+01
   2.92377     3.79430e+01     3.91407e+01     3.98429e+01     3.77194e+01
   2.92990     3.79028e+01     3.92061e+01     3.99403e+01     3.77703e+01
   2.93604     3.80577e+01     3.92420e+01     4.00282e+01     3.78764e+01
   2.94218     3.80713e+01     3.93305e+01     4.01261e+01     3.79272e+01
   2.94831     3.81096e+01     3.94084e+01     4.01753e+01     3.80211e+01
   2.95445     3.82561e+01     3.94771e+01     4.03134e+01     3.80467e+01
   2.96058     3.82642e+01     3.95443e+01     4.03023e+01     3.80812e+01
   2.96672     3.82329e+01     3.96058e+01     4.04538e+01     3.81792e+01
   2.97285     3.83411e+01     3.96830e+01     4.04749e+01     3.82474e+01
   2.97899     3.84124e+01     3.97030e+01     4.05683e+01     3.83419e+01
   2.98513     3.84972e+01     3.98030e+01     4.06573e+01     3.83899e+01
   2.99126     3.84876e+01     3.98757e+01     4.07214e+01     3.85134e+01
   2.99740     3.85328e+01     3.99093e+01     4.08381e+01     3.84842e+01
   3.00353     3.86002e+01     3.99913e+01     4.09008e+01     3.85589e+01
   3.00967     3.86694e+01     4.00209e+01     4.09754e+01     3.86487e+01
   3.01581     3.86796e+01     4.00722e+01     4.10643e+01     3.87106e+01
   3.02194     3.87581e+01     4.01658e+01     4.10902e+01     3.87431e+01
   3.02808     3.88230e+01     4.02104e+01     4.11948e+01     3.88228e+01
   3.03421     3.88872e+01     4.02957e+01     4.12349e+01     3.88359e+01
   3.04035     3.88786e+01     4.03092e+01     4.13463e+01     3.89226e+01
   3.04649     3.89205e+01     4.04043e+01     4.14003e+01     3.89737e+01
   3.05262     3.90124e+01     4.04714e+01     4.14634e+01     3.90607e+01
   3.05876     3.90596e+01     4.04950e+01     4.15465e+01     3.91118e+01
   3.06489     3.91099e+01     4.06093e+01     4.16368e+01     3.91569e+01
   3.07103     3.91260e+01     4.06346e+01     4.17032e+01     3.92045e+01
   3.07717     3.91462e+01     4.07485e+01     4.17259e+01     3.92079e+01
   3.08330     3.92373e+01     4.07661e+01     4.18199e+01     3.93014e+01
   3.08944     3.92604e+01     4.08027e+01     4.18888e+01     3.93771e+01
   3.09557     3.93151e+01     4.08458e+01     4.20048e+01     3.94046e+01
   3.10171     3.93763e+01     4.09196e+01     4.20009e+01     3.94564e+01
   3.10785     3.94101e+01     4.09640e+01     4.21156e+01     3.95416e+01
   3.11398     3.94384e+01     4.10516e+01     4.21989e+01     3.95748e+01
   3.12012     3.94918e+01     4.11163e+01     4.22574e+01     3.96012e+01
   3.12625     3.95500e+01     4.11218e+01     4.22785e+01     3.96783e+01
   3.13239     3.95750e+01     4.11954e+01     4.23736e+01     3.97156e+01
   3.13852     3.96169e+01     4.12161e+01     4.24253e+01     3.97234e+01
