# Redshift space power spectrum in mu bins.
# Subtracting SN=    1.35573e+01.
#     k\mu         0.12500         0.37500         0.62500         0.87500
   0.00920     8.31113e+03             nan     1.27500e+04     1.21503e+04
   0.01534     1.01584e+04     1.20596e+04     1.51923e+04     1.71229e+04
   0.02148     1.03332e+04     1.10613e+04     1.31186e+04     1.60087e+04
   0.02761     9.84020e+03     1.03794e+04     1.26834e+04     1.47359e+04
   0.03375     8.38657e+03     8.24577e+03     9.93312e+03     1.31415e+04
   0.03988     6.81540e+03     7.51857e+03     8.78553e+03     1.09053e+04
   0.04602     6.02293e+03     6.29080e+03     7.54876e+03     9.17635e+03
   0.05216     5.46295e+03     6.01372e+03     7.04154e+03     8.49746e+03
   0.05829     5.04150e+03     5.52986e+03     6.31582e+03     8.07548e+03
   0.06443     4.61210e+03     5.01582e+03     5.98831e+03     7.13450e+03
   0.07056     4.33001e+03     4.64935e+03     5.44389e+03     6.75108e+03
   0.07670     3.96699e+03     4.34688e+03     5.00783e+03     6.38204e+03
   0.08283     3.50763e+03     3.83069e+03     4.47408e+03     5.52532e+03
   0.08897     3.08229e+03     3.40724e+03     3.90995e+03     4.90366e+03
   0.09511     2.71955e+03     2.92416e+03     3.42952e+03     4.27392e+03
   0.10124     2.52329e+03     2.72713e+03     3.18798e+03     3.83216e+03
   0.10738     2.25836e+03     2.47034e+03     2.79612e+03     3.53603e+03
   0.11351     2.13436e+03     2.28532e+03     2.70800e+03     3.32081e+03
   0.11965     2.00480e+03     2.16967e+03     2.57420e+03     3.12369e+03
   0.12579     1.94810e+03     2.16435e+03     2.47257e+03     3.10829e+03
   0.13192     1.87664e+03     2.03886e+03     2.38944e+03     3.00167e+03
   0.13806     1.70582e+03     1.89566e+03     2.26777e+03     2.69815e+03
   0.14419     1.62595e+03     1.71076e+03     2.06738e+03     2.60458e+03
   0.15033     1.47126e+03     1.64688e+03     1.87153e+03     2.31168e+03
   0.15647     1.33806e+03     1.48143e+03     1.71076e+03     2.15025e+03
   0.16260     1.26314e+03     1.36542e+03     1.59426e+03     1.96963e+03
   0.16874     1.17227e+03     1.27399e+03     1.53601e+03     1.95441e+03
   0.17487     1.12875e+03     1.21628e+03     1.43357e+03     1.83000e+03
   0.18101     1.05199e+03     1.19124e+03     1.31962e+03     1.72684e+03
   0.18715     1.04287e+03     1.12308e+03     1.31001e+03     1.69181e+03
   0.19328     1.00816e+03     1.10380e+03     1.28989e+03     1.61082e+03
   0.19942     9.60705e+02     1.02980e+03     1.20352e+03     1.53963e+03
   0.20555     8.94286e+02     9.87931e+02     1.13494e+03     1.46076e+03
   0.21169     8.25235e+02     9.38078e+02     1.13057e+03     1.36400e+03
   0.21783     8.05637e+02     8.67435e+02     1.02141e+03     1.31263e+03
   0.22396     7.54043e+02     8.04062e+02     9.80548e+02     1.22055e+03
   0.23010     7.14398e+02     7.89501e+02     9.46563e+02     1.22852e+03
   0.23623     6.96289e+02     7.48891e+02     8.93715e+02     1.15492e+03
   0.24237     6.57891e+02     7.22106e+02     8.41066e+02     1.06699e+03
   0.24850     6.41616e+02     7.13657e+02     8.36192e+02     1.09321e+03
   0.25464     6.23329e+02     6.82001e+02     8.08430e+02     1.04166e+03
   0.26078     5.90605e+02     6.63876e+02     7.77308e+02     1.00220e+03
   0.26691     5.75667e+02     6.15591e+02     7.42235e+02     9.38416e+02
   0.27305     5.58890e+02     6.05646e+02     7.33983e+02     8.88539e+02
   0.27918     5.36497e+02     5.88683e+02     6.76009e+02     8.88731e+02
   0.28532     5.06081e+02     5.61126e+02     6.83567e+02     8.46861e+02
   0.29146     4.87421e+02     5.25749e+02     6.39857e+02     8.25734e+02
   0.29759     4.67772e+02     5.19773e+02     6.10750e+02     8.01576e+02
   0.30373     4.54083e+02     4.93497e+02     5.95263e+02     7.80758e+02
   0.30986     4.43692e+02     4.86241e+02     5.85538e+02     7.46531e+02
   0.31600     4.28103e+02     4.70364e+02     5.50007e+02     7.11380e+02
   0.32214     4.18420e+02     4.56099e+02     5.40287e+02     7.08712e+02
   0.32827     3.98049e+02     4.35994e+02     5.23532e+02     6.78080e+02
   0.33441     3.87509e+02     4.20534e+02     5.14949e+02     6.60186e+02
   0.34054     3.76300e+02     4.11589e+02     4.83527e+02     6.28139e+02
   0.34668     3.60561e+02     4.06401e+02     4.79986e+02     6.41311e+02
   0.35282     3.50958e+02     3.87829e+02     4.50910e+02     6.00730e+02
   0.35895     3.41280e+02     3.78613e+02     4.43966e+02     5.96826e+02
   0.36509     3.32392e+02     3.62950e+02     4.27535e+02     5.56372e+02
   0.37122     3.23794e+02     3.65389e+02     4.33781e+02     5.57595e+02
   0.37736     3.16909e+02     3.50048e+02     4.07790e+02     5.54108e+02
   0.38350     2.98357e+02     3.35837e+02     4.06060e+02     5.15633e+02
   0.38963     2.97629e+02     3.29881e+02     3.85075e+02     5.04215e+02
   0.39577     2.92357e+02     3.22971e+02     3.80661e+02     5.06541e+02
   0.40190     2.78977e+02     3.10186e+02     3.79378e+02     4.91915e+02
   0.40804     2.76291e+02     3.02773e+02     3.59361e+02     4.91163e+02
   0.41417     2.61823e+02     2.90468e+02     3.51880e+02     4.62202e+02
   0.42031     2.63255e+02     2.85721e+02     3.46212e+02     4.59970e+02
   0.42645     2.53986e+02     2.73973e+02     3.38560e+02     4.44085e+02
   0.43258     2.40698e+02     2.65157e+02     3.18825e+02     4.31699e+02
   0.43872     2.37145e+02     2.64183e+02     3.20469e+02     4.23061e+02
   0.44485     2.40139e+02     2.51435e+02     3.11804e+02     4.12999e+02
   0.45099     2.21981e+02     2.55543e+02     3.04222e+02     4.01923e+02
   0.45713     2.22455e+02     2.42838e+02     2.96981e+02     4.02296e+02
   0.46326     2.19682e+02     2.39621e+02     2.88531e+02     3.89624e+02
   0.46940     2.16371e+02     2.37697e+02     2.83286e+02     3.83064e+02
   0.47553     2.08201e+02     2.28119e+02     2.79496e+02     3.73519e+02
   0.48167     2.00312e+02     2.26445e+02     2.74771e+02     3.63178e+02
   0.48781     1.96557e+02     2.18429e+02     2.61003e+02     3.61465e+02
   0.49394     1.94604e+02     2.11226e+02     2.64913e+02     3.51742e+02
   0.50008     1.86979e+02     2.07483e+02     2.50460e+02     3.48009e+02
   0.50621     1.86138e+02     2.03145e+02     2.46628e+02     3.40910e+02
   0.51235     1.81851e+02     1.95869e+02     2.36923e+02     3.25727e+02
   0.51849     1.78014e+02     1.94927e+02     2.38413e+02     3.18366e+02
   0.52462     1.73554e+02     1.91435e+02     2.32679e+02     3.15538e+02
   0.53076     1.68808e+02     1.85902e+02     2.32010e+02     3.12659e+02
   0.53689     1.66684e+02     1.81675e+02     2.23621e+02     3.03125e+02
   0.54303     1.61177e+02     1.78644e+02     2.22530e+02     3.00182e+02
   0.54917     1.60250e+02     1.75859e+02     2.15763e+02     2.95608e+02
   0.55530     1.55837e+02     1.72456e+02     2.12471e+02     2.87935e+02
   0.56144     1.53349e+02     1.70522e+02     2.07216e+02     2.82464e+02
   0.56757     1.47037e+02     1.65717e+02     2.01874e+02     2.75686e+02
   0.57371     1.47960e+02     1.62412e+02     1.95666e+02     2.73065e+02
   0.57984     1.43050e+02     1.57405e+02     1.94554e+02     2.67420e+02
   0.58598     1.40470e+02     1.54699e+02     1.93514e+02     2.62000e+02
   0.59212     1.38680e+02     1.55703e+02     1.88746e+02     2.57710e+02
   0.59825     1.34896e+02     1.51063e+02     1.86185e+02     2.53215e+02
   0.60439     1.35539e+02     1.47835e+02     1.84325e+02     2.50458e+02
   0.61052     1.29785e+02     1.43729e+02     1.80235e+02     2.45034e+02
   0.61666     1.29848e+02     1.43206e+02     1.74065e+02     2.43347e+02
   0.62280     1.25119e+02     1.40038e+02     1.72093e+02     2.37092e+02
   0.62893     1.23503e+02     1.38419e+02     1.67696e+02     2.33569e+02
   0.63507     1.22162e+02     1.35262e+02     1.67606e+02     2.29458e+02
   0.64120     1.21186e+02     1.32969e+02     1.63536e+02     2.25335e+02
   0.64734     1.18114e+02     1.31325e+02     1.59904e+02     2.25021e+02
   0.65348     1.15615e+02     1.27527e+02     1.58182e+02     2.17212e+02
   0.65961     1.12617e+02     1.24492e+02     1.54006e+02     2.15556e+02
   0.66575     1.11372e+02     1.22493e+02     1.54233e+02     2.11706e+02
   0.67188     1.09512e+02     1.19903e+02     1.50674e+02     2.10562e+02
   0.67802     1.07228e+02     1.19918e+02     1.47165e+02     2.05092e+02
   0.68416     1.04786e+02     1.17337e+02     1.46211e+02     2.01443e+02
   0.69029     1.04283e+02     1.16093e+02     1.44181e+02     1.96418e+02
   0.69643     1.01325e+02     1.13342e+02     1.39784e+02     1.95087e+02
   0.70256     9.92128e+01     1.12072e+02     1.38081e+02     1.92087e+02
   0.70870     1.00320e+02     1.08961e+02     1.35096e+02     1.88976e+02
   0.71484     9.60352e+01     1.07660e+02     1.35115e+02     1.85781e+02
   0.72097     9.56478e+01     1.06691e+02     1.32653e+02     1.84764e+02
   0.72711     9.40416e+01     1.03971e+02     1.30466e+02     1.84448e+02
   0.73324     9.14963e+01     1.03269e+02     1.26754e+02     1.77162e+02
   0.73938     9.12732e+01     1.01599e+02     1.25817e+02     1.74784e+02
   0.74551     8.94522e+01     9.98488e+01     1.23839e+02     1.73046e+02
   0.75165     8.87310e+01     9.86143e+01     1.22081e+02     1.71319e+02
   0.75779     8.61256e+01     9.62295e+01     1.20964e+02     1.65540e+02
   0.76392     8.56938e+01     9.44469e+01     1.17986e+02     1.65857e+02
   0.77006     8.31262e+01     9.34652e+01     1.16198e+02     1.63595e+02
   0.77619     8.28994e+01     9.14713e+01     1.14888e+02     1.59526e+02
   0.78233     8.16620e+01     9.05812e+01     1.13132e+02     1.61356e+02
   0.78847     8.04637e+01     9.06234e+01     1.10460e+02     1.56972e+02
   0.79460     7.86530e+01     8.79701e+01     1.10277e+02     1.55607e+02
   0.80074     7.70553e+01     8.57001e+01     1.08795e+02     1.53329e+02
   0.80687     7.69379e+01     8.54228e+01     1.05807e+02     1.50305e+02
   0.81301     7.59028e+01     8.47947e+01     1.04501e+02     1.47690e+02
   0.81915     7.50854e+01     8.32626e+01     1.03556e+02     1.44308e+02
   0.82528     7.32993e+01     8.15801e+01     1.01075e+02     1.45530e+02
   0.83142     7.14984e+01     8.01630e+01     9.97087e+01     1.42277e+02
   0.83755     7.03343e+01     7.94781e+01     9.90062e+01     1.40886e+02
   0.84369     6.89430e+01     7.80286e+01     9.71131e+01     1.37685e+02
   0.84983     6.89496e+01     7.72100e+01     9.57809e+01     1.35458e+02
   0.85596     6.80801e+01     7.47663e+01     9.39650e+01     1.35798e+02
   0.86210     6.81877e+01     7.47454e+01     9.33974e+01     1.32830e+02
   0.86823     6.56099e+01     7.37507e+01     9.23026e+01     1.32835e+02
   0.87437     6.56282e+01     7.15872e+01     9.11768e+01     1.27980e+02
   0.88050     6.49669e+01     7.18519e+01     8.93194e+01     1.27681e+02
   0.88664     6.31002e+01     7.05606e+01     8.78014e+01     1.24731e+02
   0.89278     6.25205e+01     6.91861e+01     8.73539e+01     1.24042e+02
   0.89891     6.16087e+01     6.70893e+01     8.61170e+01     1.21997e+02
   0.90505     6.01841e+01     6.71532e+01     8.48030e+01     1.20010e+02
   0.91118     5.90603e+01     6.72513e+01     8.32464e+01     1.20166e+02
   0.91732     5.86879e+01     6.54284e+01     8.18119e+01     1.18558e+02
   0.92346     5.80645e+01     6.44938e+01     7.99415e+01     1.14819e+02
   0.92959     5.66811e+01     6.33244e+01     8.02840e+01     1.14286e+02
   0.93573     5.67474e+01     6.24021e+01     7.76624e+01     1.13797e+02
   0.94186     5.51095e+01     6.20829e+01     7.82221e+01     1.11794e+02
   0.94800     5.46298e+01     6.05831e+01     7.61462e+01     1.11161e+02
   0.95414     5.42836e+01     6.00353e+01     7.52751e+01     1.09236e+02
   0.96027     5.35838e+01     5.99112e+01     7.43897e+01     1.07561e+02
   0.96641     5.32346e+01     5.83147e+01     7.34442e+01     1.07475e+02
   0.97254     5.16120e+01     5.83412e+01     7.25803e+01     1.04467e+02
   0.97868     5.08921e+01     5.68946e+01     7.13325e+01     1.03887e+02
   0.98482     5.07396e+01     5.62634e+01     7.03083e+01     1.02607e+02
   0.99095     5.06231e+01     5.55478e+01     6.93231e+01     1.00981e+02
   0.99709     4.88877e+01     5.44963e+01     6.94648e+01     9.92839e+01
   1.00322     4.81514e+01     5.38537e+01     6.77748e+01     9.73030e+01
   1.00936     4.77788e+01     5.32700e+01     6.73251e+01     9.76838e+01
   1.01550     4.65473e+01     5.23674e+01     6.62124e+01     9.58876e+01
   1.02163     4.59708e+01     5.23684e+01     6.45361e+01     9.44972e+01
   1.02777     4.59125e+01     5.07897e+01     6.37632e+01     9.28791e+01
   1.03390     4.50379e+01     5.06105e+01     6.39513e+01     9.28397e+01
   1.04004     4.46263e+01     4.97930e+01     6.31856e+01     9.19439e+01
   1.04617     4.39610e+01     4.98245e+01     6.16735e+01     9.07973e+01
   1.05231     4.31785e+01     4.83983e+01     6.10998e+01     8.94806e+01
   1.05845     4.27045e+01     4.75429e+01     6.03574e+01     8.78155e+01
   1.06458     4.25021e+01     4.70809e+01     5.90112e+01     8.68620e+01
   1.07072     4.13859e+01     4.61094e+01     5.81696e+01     8.61539e+01
   1.07685     4.10414e+01     4.58724e+01     5.73474e+01     8.40290e+01
   1.08299     4.06083e+01     4.51775e+01     5.68762e+01     8.38098e+01
   1.08913     4.01569e+01     4.44014e+01     5.59043e+01     8.28687e+01
   1.09526     3.93100e+01     4.40492e+01     5.55453e+01     8.08279e+01
   1.10140     3.90266e+01     4.35740e+01     5.46136e+01     8.06605e+01
   1.10753     3.85455e+01     4.26533e+01     5.38445e+01     8.00092e+01
   1.11367     3.79109e+01     4.25663e+01     5.35930e+01     7.76112e+01
   1.11981     3.76813e+01     4.18363e+01     5.28754e+01     7.76200e+01
   1.12594     3.67246e+01     4.08626e+01     5.22804e+01     7.69405e+01
   1.13208     3.66277e+01     4.04669e+01     5.10594e+01     7.59290e+01
   1.13821     3.55267e+01     4.00218e+01     5.04545e+01     7.44774e+01
   1.14435     3.52721e+01     3.95287e+01     5.00937e+01     7.34824e+01
   1.15049     3.47830e+01     3.88318e+01     4.90063e+01     7.29111e+01
   1.15662     3.46195e+01     3.88792e+01     4.87641e+01     7.17286e+01
   1.16276     3.41065e+01     3.76111e+01     4.83138e+01     7.17405e+01
   1.16889     3.35548e+01     3.77242e+01     4.75340e+01     6.99972e+01
   1.17503     3.29879e+01     3.69452e+01     4.69327e+01     6.96571e+01
   1.18117     3.26721e+01     3.66393e+01     4.59695e+01     6.84216e+01
   1.18730     3.18726e+01     3.57847e+01     4.58034e+01     6.72556e+01
   1.19344     3.16135e+01     3.55111e+01     4.54534e+01     6.68346e+01
   1.19957     3.16239e+01     3.50425e+01     4.44527e+01     6.59880e+01
   1.20571     3.11847e+01     3.45621e+01     4.41107e+01     6.52446e+01
   1.21184     3.04284e+01     3.39600e+01     4.33834e+01     6.47831e+01
   1.21798     2.99097e+01     3.35672e+01     4.30243e+01     6.34173e+01
   1.22412     2.97474e+01     3.30565e+01     4.24785e+01     6.33187e+01
   1.23025     2.93920e+01     3.27532e+01     4.16898e+01     6.23492e+01
   1.23639     2.87634e+01     3.21832e+01     4.07372e+01     6.13372e+01
   1.24252     2.85405e+01     3.20361e+01     4.06702e+01     6.06964e+01
   1.24866     2.81004e+01     3.13769e+01     4.00660e+01     6.04528e+01
   1.25480     2.77136e+01     3.11741e+01     3.95206e+01     5.94402e+01
   1.26093     2.72610e+01     3.05047e+01     3.89230e+01     5.83308e+01
   1.26707     2.67980e+01     3.02519e+01     3.84665e+01     5.78645e+01
   1.27320     2.65743e+01     3.00766e+01     3.81045e+01     5.70070e+01
   1.27934     2.60995e+01     2.93952e+01     3.74245e+01     5.67182e+01
   1.28548     2.58892e+01     2.91013e+01     3.66743e+01     5.55366e+01
   1.29161     2.56142e+01     2.86609e+01     3.66663e+01     5.48194e+01
   1.29775     2.51628e+01     2.80750e+01     3.64585e+01     5.44265e+01
   1.30388     2.52449e+01     2.78162e+01     3.57474e+01     5.36104e+01
   1.31002     2.43888e+01     2.74743e+01     3.54676e+01     5.31573e+01
   1.31616     2.41680e+01     2.69895e+01     3.46349e+01     5.21161e+01
   1.32229     2.40977e+01     2.67648e+01     3.41199e+01     5.11124e+01
   1.32843     2.35467e+01     2.66165e+01     3.37820e+01     5.11061e+01
   1.33456     2.31987e+01     2.64279e+01     3.33647e+01     5.05026e+01
   1.34070     2.29679e+01     2.56284e+01     3.33097e+01     4.94016e+01
   1.34684     2.27338e+01     2.52940e+01     3.25994e+01     4.90252e+01
   1.35297     2.25628e+01     2.48983e+01     3.22583e+01     4.85040e+01
   1.35911     2.16981e+01     2.48786e+01     3.18752e+01     4.80104e+01
   1.36524     2.14346e+01     2.42962e+01     3.13968e+01     4.75866e+01
   1.37138     2.14164e+01     2.42978e+01     3.09112e+01     4.65690e+01
   1.37751     2.09218e+01     2.36428e+01     3.05195e+01     4.64232e+01
   1.38365     2.08275e+01     2.35893e+01     3.00258e+01     4.57501e+01
   1.38979     2.06195e+01     2.31758e+01     2.98586e+01     4.49826e+01
   1.39592     2.01331e+01     2.27266e+01     2.90020e+01     4.47950e+01
   1.40206     1.98401e+01     2.24352e+01     2.89610e+01     4.38308e+01
   1.40819     1.95447e+01     2.20285e+01     2.84067e+01     4.34306e+01
   1.41433     1.94636e+01     2.16999e+01     2.81974e+01     4.26950e+01
   1.42047     1.92505e+01     2.12098e+01     2.77310e+01     4.23227e+01
   1.42660     1.87090e+01     2.13256e+01     2.72353e+01     4.13914e+01
   1.43274     1.84684e+01     2.09031e+01     2.69647e+01     4.09146e+01
   1.43887     1.84655e+01     2.05551e+01     2.65995e+01     4.07243e+01
   1.44501     1.79625e+01     2.00947e+01     2.60047e+01     4.02587e+01
   1.45115     1.78022e+01     1.98387e+01     2.57464e+01     3.96878e+01
   1.45728     1.74190e+01     1.95999e+01     2.54282e+01     3.90479e+01
   1.46342     1.72132e+01     1.93165e+01     2.54717e+01     3.88904e+01
   1.46955     1.69446e+01     1.90207e+01     2.48880e+01     3.80563e+01
   1.47569     1.68771e+01     1.87941e+01     2.44193e+01     3.79419e+01
   1.48183     1.64318e+01     1.84874e+01     2.41554e+01     3.71739e+01
   1.48796     1.64299e+01     1.83351e+01     2.36698e+01     3.66311e+01
   1.49410     1.60319e+01     1.78560e+01     2.32855e+01     3.61816e+01
   1.50023     1.58989e+01     1.78839e+01     2.33690e+01     3.57780e+01
   1.50637     1.55695e+01     1.74420e+01     2.28511e+01     3.56417e+01
   1.51251     1.53066e+01     1.71712e+01     2.25940e+01     3.48561e+01
   1.51864     1.50134e+01     1.69205e+01     2.21329e+01     3.43353e+01
   1.52478     1.48619e+01     1.67206e+01     2.18581e+01     3.40151e+01
   1.53091     1.46689e+01     1.63340e+01     2.17659e+01     3.37001e+01
   1.53705     1.44014e+01     1.61274e+01     2.10723e+01     3.29787e+01
   1.54318     1.43321e+01     1.58964e+01     2.09168e+01     3.27402e+01
   1.54932     1.40439e+01     1.57042e+01     2.07393e+01     3.24186e+01
   1.55546     1.37211e+01     1.55036e+01     2.01149e+01     3.16742e+01
   1.56159     1.35640e+01     1.52232e+01     1.99230e+01     3.14541e+01
   1.56773     1.33318e+01     1.49348e+01     1.93858e+01     3.10338e+01
   1.57386     1.30969e+01     1.47714e+01     1.94502e+01     3.04126e+01
   1.58000     1.28606e+01     1.45529e+01     1.92918e+01     3.01588e+01
   1.58614     1.26447e+01     1.42275e+01     1.88889e+01     2.96857e+01
   1.59227     1.23130e+01     1.39895e+01     1.85885e+01     2.93857e+01
   1.59841     1.21559e+01     1.37770e+01     1.82657e+01     2.92496e+01
   1.60454     1.19160e+01     1.36406e+01     1.80749e+01     2.85896e+01
   1.61068     1.17657e+01     1.33538e+01     1.77101e+01     2.83390e+01
   1.61682     1.15997e+01     1.30514e+01     1.75165e+01     2.76236e+01
   1.62295     1.13804e+01     1.27685e+01     1.72289e+01     2.72588e+01
   1.62909     1.13068e+01     1.28204e+01     1.68934e+01     2.71053e+01
   1.63522     1.10860e+01     1.24408e+01     1.67496e+01     2.68534e+01
   1.64136     1.08308e+01     1.22672e+01     1.63083e+01     2.65749e+01
   1.64750     1.07098e+01     1.20127e+01     1.60948e+01     2.60187e+01
   1.65363     1.04740e+01     1.17723e+01     1.57789e+01     2.56468e+01
   1.65977     1.03664e+01     1.16055e+01     1.55853e+01     2.53193e+01
   1.66590     1.00251e+01     1.14831e+01     1.52343e+01     2.47993e+01
   1.67204     9.97498e+00     1.12178e+01     1.51572e+01     2.44757e+01
   1.67817     9.85995e+00     1.10271e+01     1.49075e+01     2.43120e+01
   1.68431     9.43381e+00     1.08358e+01     1.45798e+01     2.38503e+01
   1.69045     9.41416e+00     1.06164e+01     1.43179e+01     2.33036e+01
   1.69658     9.21464e+00     1.04094e+01     1.42802e+01     2.32046e+01
   1.70272     8.95385e+00     1.03443e+01     1.38996e+01     2.28079e+01
   1.70885     8.94204e+00     1.01388e+01     1.36878e+01     2.25575e+01
   1.71499     8.76673e+00     9.90036e+00     1.35197e+01     2.19831e+01
   1.72113     8.50979e+00     9.60929e+00     1.32892e+01     2.18275e+01
   1.72726     8.26275e+00     9.46564e+00     1.28984e+01     2.14366e+01
   1.73340     8.18490e+00     9.42830e+00     1.28078e+01     2.12139e+01
   1.73953     8.00727e+00     9.06388e+00     1.26317e+01     2.08162e+01
   1.74567     7.79943e+00     8.93049e+00     1.22139e+01     2.06424e+01
   1.75181     7.62131e+00     8.78609e+00     1.21805e+01     2.00722e+01
   1.75794     7.44158e+00     8.50030e+00     1.19826e+01     1.99115e+01
   1.76408     7.30907e+00     8.34489e+00     1.16572e+01     1.96128e+01
   1.77021     7.12784e+00     8.25344e+00     1.13877e+01     1.92216e+01
   1.77635     7.07531e+00     8.07295e+00     1.12600e+01     1.91541e+01
   1.78249     6.88040e+00     7.90848e+00     1.10656e+01     1.87466e+01
   1.78862     6.72880e+00     7.72895e+00     1.06937e+01     1.85827e+01
   1.79476     6.59351e+00     7.49298e+00     1.06315e+01     1.81623e+01
   1.80089     6.41005e+00     7.38579e+00     1.04278e+01     1.79650e+01
   1.80703     6.25798e+00     7.29094e+00     1.02210e+01     1.77662e+01
   1.81317     6.18564e+00     6.98340e+00     1.00007e+01     1.72921e+01
   1.81930     6.12593e+00     6.92837e+00     9.90158e+00     1.70489e+01
   1.82544     5.80073e+00     6.72050e+00     9.68753e+00     1.66990e+01
   1.83157     5.68142e+00     6.66453e+00     9.40543e+00     1.66256e+01
   1.83771     5.48427e+00     6.32254e+00     9.21240e+00     1.62910e+01
   1.84384     5.37689e+00     6.23210e+00     9.05013e+00     1.59961e+01
   1.84998     5.17233e+00     6.17294e+00     8.80094e+00     1.57481e+01
   1.85612     5.05224e+00     5.98953e+00     8.75947e+00     1.55138e+01
   1.86225     5.03002e+00     5.87663e+00     8.49656e+00     1.51342e+01
   1.86839     4.86069e+00     5.70242e+00     8.25889e+00     1.50200e+01
   1.87452     4.73327e+00     5.56199e+00     8.11000e+00     1.47707e+01
   1.88066     4.49579e+00     5.32654e+00     7.89675e+00     1.44635e+01
   1.88680     4.42585e+00     5.23681e+00     7.79776e+00     1.42089e+01
   1.89293     4.26616e+00     5.05847e+00     7.54023e+00     1.39611e+01
   1.89907     4.14767e+00     4.94940e+00     7.50972e+00     1.36607e+01
   1.90520     4.08375e+00     4.75569e+00     7.12656e+00     1.33644e+01
   1.91134     3.82551e+00     4.66382e+00     6.96615e+00     1.32361e+01
   1.91748     3.78188e+00     4.44808e+00     6.94397e+00     1.29848e+01
   1.92361     3.64957e+00     4.39372e+00     6.81448e+00     1.27790e+01
   1.92975     3.43613e+00     4.14756e+00     6.62075e+00     1.26119e+01
   1.93588     3.35377e+00     4.02386e+00     6.44026e+00     1.22299e+01
   1.94202     3.25946e+00     4.01113e+00     6.24061e+00     1.21271e+01
   1.94816     3.15032e+00     3.84643e+00     6.09761e+00     1.18346e+01
   1.95429     3.07150e+00     3.67152e+00     5.95609e+00     1.16457e+01
   1.96043     2.83258e+00     3.56485e+00     5.70392e+00     1.14057e+01
   1.96656     2.80128e+00     3.37724e+00     5.62348e+00     1.11837e+01
   1.97270     2.64600e+00     3.28512e+00     5.36808e+00     1.10238e+01
   1.97884     2.47839e+00     3.08017e+00     5.25239e+00     1.06750e+01
   1.98497     2.42614e+00     2.96781e+00     5.10089e+00     1.04759e+01
   1.99111     2.35415e+00     2.84561e+00     4.91169e+00     1.04726e+01
   1.99724     2.17985e+00     2.72025e+00     4.70466e+00     1.00329e+01
   2.00338     2.11006e+00     2.67018e+00     4.71196e+00     9.91296e+00
   2.00951     1.95530e+00     2.54726e+00     4.52376e+00     9.77022e+00
   2.01565     1.83248e+00     2.31963e+00     4.32598e+00     9.55507e+00
   2.02179     1.68814e+00     2.23793e+00     4.19590e+00     9.29150e+00
   2.02792     1.51324e+00     2.13973e+00     4.01508e+00     9.11445e+00
   2.03406     1.44973e+00     2.06044e+00     3.89474e+00     8.92209e+00
   2.04019     1.32222e+00     1.89352e+00     3.80028e+00     8.65682e+00
   2.04633     1.26760e+00     1.77841e+00     3.57914e+00     8.50272e+00
   2.05247     1.15464e+00     1.67277e+00     3.49572e+00     8.22319e+00
   2.05860     1.09077e+00     1.54950e+00     3.27631e+00     8.17792e+00
   2.06474     1.00823e+00     1.43224e+00     3.22422e+00     7.92378e+00
   2.07087     9.52140e-01     1.33212e+00     3.00142e+00     7.80266e+00
   2.07701     7.77014e-01     1.18782e+00     2.89127e+00     7.63632e+00
   2.08315     6.49685e-01     1.18052e+00     2.80911e+00     7.49558e+00
   2.08928     5.68561e-01     1.01219e+00     2.67648e+00     7.08543e+00
   2.09542     4.52672e-01     9.09195e-01     2.56836e+00     6.98085e+00
   2.10155     3.42897e-01     7.95528e-01     2.43401e+00     6.78921e+00
   2.10769     2.59498e-01     6.69107e-01     2.27041e+00     6.59131e+00
   2.11383     1.50961e-01     5.37461e-01     2.16812e+00     6.51973e+00
   2.11996     3.68084e-03     4.47985e-01     1.98640e+00     6.28468e+00
   2.12610     5.39495e-03     3.09484e-01     1.88641e+00     6.13010e+00
   2.13223     1.23014e-01     2.27311e-01     1.76244e+00     6.03030e+00
   2.13837     2.41068e-01     1.64445e-01     1.60712e+00     5.82929e+00
   2.14451     3.17188e-01     1.21644e-02     1.46015e+00     5.63921e+00
   2.15064     4.16346e-01     1.12473e-01     1.38180e+00     5.43249e+00
   2.15678     5.11508e-01     2.21236e-01     1.29439e+00     5.22192e+00
   2.16291     6.11079e-01     2.49850e-01     1.15556e+00     5.17156e+00
   2.16905     7.14181e-01     3.70303e-01     1.06587e+00     5.04247e+00
   2.17518     7.39207e-01     4.68426e-01     9.55141e-01     4.83095e+00
   2.18132     9.17491e-01     5.95605e-01     8.08011e-01     4.69007e+00
   2.18746     9.64307e-01     6.54750e-01     6.66435e-01     4.51806e+00
   2.19359     1.04071e+00     8.20301e-01     6.07237e-01     4.34707e+00
   2.19973     1.10866e+00     9.10307e-01     4.39103e-01     4.17817e+00
   2.20586     1.19692e+00     9.09359e-01     3.54802e-01     4.09971e+00
   2.21200     1.28936e+00     1.04629e+00     2.51121e-01     3.94004e+00
   2.21814     1.39741e+00     1.13874e+00     1.09182e-01     3.70011e+00
   2.22427     1.47405e+00     1.23355e+00     2.41854e-02     3.55462e+00
   2.23041     1.56198e+00     1.36153e+00     1.11926e-01     3.50235e+00
   2.23654     1.61690e+00     1.42673e+00     2.20583e-01     3.35517e+00
   2.24268     1.72412e+00     1.52279e+00     2.79842e-01     3.12823e+00
   2.24882     1.78404e+00     1.54793e+00     4.35478e-01     3.03058e+00
   2.25495     1.91569e+00     1.67749e+00     5.12946e-01     2.91220e+00
   2.26109     1.98306e+00     1.79020e+00     5.94752e-01     2.72035e+00
   2.26722     2.03286e+00     1.86403e+00     7.00532e-01     2.62478e+00
   2.27336     2.16230e+00     1.93024e+00     8.73529e-01     2.44912e+00
   2.27950     2.24658e+00     2.05202e+00     9.75582e-01     2.33015e+00
   2.28563     2.30275e+00     2.09666e+00     1.03954e+00     2.19184e+00
   2.29177     2.37934e+00     2.21635e+00     1.14920e+00     2.08212e+00
   2.29790     2.46679e+00     2.28051e+00     1.26624e+00     1.89759e+00
   2.30404     2.57174e+00     2.42206e+00     1.33222e+00     1.81959e+00
   2.31018     2.62174e+00     2.45116e+00     1.46959e+00     1.65924e+00
   2.31631     2.63535e+00     2.46534e+00     1.55499e+00     1.52379e+00
   2.32245     2.77307e+00     2.63638e+00     1.65201e+00     1.44878e+00
   2.32858     2.83900e+00     2.67695e+00     1.71339e+00     1.29248e+00
   2.33472     2.94270e+00     2.77854e+00     1.80945e+00     1.20462e+00
   2.34085     2.99472e+00     2.85468e+00     1.92732e+00     1.05667e+00
   2.34699     3.08900e+00     2.92596e+00     2.02631e+00     9.09977e-01
   2.35313     3.11040e+00     3.01382e+00     2.10438e+00     8.18949e-01
   2.35926     3.21321e+00     3.09501e+00     2.21976e+00     6.93057e-01
   2.36540     3.23862e+00     3.18690e+00     2.29563e+00     5.64353e-01
   2.37153     3.30638e+00     3.22956e+00     2.36355e+00     4.78205e-01
   2.37767     3.41113e+00     3.31755e+00     2.47725e+00     3.23095e-01
   2.38381     3.50082e+00     3.38843e+00     2.55295e+00     2.10374e-01
   2.38994     3.51931e+00     3.52732e+00     2.64293e+00     6.93836e-02
   2.39608     3.59658e+00     3.56188e+00     2.70179e+00     1.42927e-02
   2.40221     3.66015e+00     3.58151e+00     2.81384e+00     1.25368e-01
   2.40835     3.74126e+00     3.68656e+00     2.87734e+00     2.32380e-01
   2.41449     3.85375e+00     3.78806e+00     2.98482e+00     3.24958e-01
   2.42062     3.88553e+00     3.81367e+00     3.08635e+00     4.30001e-01
   2.42676     3.93491e+00     3.93013e+00     3.16868e+00     5.29945e-01
   2.43289     3.98818e+00     3.97781e+00     3.24977e+00     6.25790e-01
   2.43903     4.07352e+00     4.01935e+00     3.29800e+00     7.57076e-01
   2.44517     4.13994e+00     4.12249e+00     3.39702e+00     8.97598e-01
   2.45130     4.20080e+00     4.15725e+00     3.49715e+00     9.39466e-01
   2.45744     4.22932e+00     4.23335e+00     3.55209e+00     1.08617e+00
   2.46357     4.31450e+00     4.32418e+00     3.67346e+00     1.13432e+00
   2.46971     4.38122e+00     4.43636e+00     3.73668e+00     1.22713e+00
   2.47584     4.43768e+00     4.48752e+00     3.77166e+00     1.37543e+00
   2.48198     4.51684e+00     4.54206e+00     3.88639e+00     1.49034e+00
   2.48812     4.58166e+00     4.60851e+00     3.95946e+00     1.55389e+00
   2.49425     4.60650e+00     4.65641e+00     3.99913e+00     1.68118e+00
   2.50039     4.63767e+00     4.73014e+00     4.07336e+00     1.77466e+00
   2.50652     4.74610e+00     4.77820e+00     4.17920e+00     1.89813e+00
   2.51266     4.79515e+00     4.82813e+00     4.24891e+00     1.94206e+00
   2.51880     4.86003e+00     4.89560e+00     4.32331e+00     2.06881e+00
   2.52493     4.87356e+00     4.94517e+00     4.43364e+00     2.16482e+00
   2.53107     4.98504e+00     5.03346e+00     4.48714e+00     2.23029e+00
   2.53720     5.01310e+00     5.07107e+00     4.54885e+00     2.30361e+00
   2.54334     5.08381e+00     5.15533e+00     4.59433e+00     2.45666e+00
   2.54948     5.11182e+00     5.22150e+00     4.68901e+00     2.50814e+00
   2.55561     5.17412e+00     5.26057e+00     4.75249e+00     2.61205e+00
   2.56175     5.24705e+00     5.34455e+00     4.79965e+00     2.64056e+00
   2.56788     5.30777e+00     5.36546e+00     4.85997e+00     2.75909e+00
   2.57402     5.35656e+00     5.41622e+00     4.95848e+00     2.84650e+00
   2.58016     5.41141e+00     5.50812e+00     5.04456e+00     2.92001e+00
   2.58629     5.40847e+00     5.56492e+00     5.11471e+00     2.96677e+00
   2.59243     5.48139e+00     5.63905e+00     5.17740e+00     3.07904e+00
   2.59856     5.54378e+00     5.67179e+00     5.24559e+00     3.14032e+00
   2.60470     5.60950e+00     5.72069e+00     5.29563e+00     3.23980e+00
   2.61084     5.63004e+00     5.76551e+00     5.35097e+00     3.31594e+00
   2.61697     5.67886e+00     5.82682e+00     5.45967e+00     3.41665e+00
   2.62311     5.71481e+00     5.86905e+00     5.49021e+00     3.49886e+00
   2.62924     5.77010e+00     5.94621e+00     5.54269e+00     3.54653e+00
   2.63538     5.83089e+00     5.99134e+00     5.60160e+00     3.61960e+00
   2.64151     5.91124e+00     6.05124e+00     5.66866e+00     3.72123e+00
   2.64765     5.93130e+00     6.09732e+00     5.74104e+00     3.79807e+00
   2.65379     5.97850e+00     6.14798e+00     5.82523e+00     3.84244e+00
   2.65992     6.00079e+00     6.20763e+00     5.85895e+00     3.89517e+00
   2.66606     6.07130e+00     6.22199e+00     5.93965e+00     4.02390e+00
   2.67219     6.11839e+00     6.29095e+00     5.95092e+00     4.09144e+00
   2.67833     6.17087e+00     6.33456e+00     6.03862e+00     4.15971e+00
   2.68447     6.22100e+00     6.38759e+00     6.09353e+00     4.19373e+00
   2.69060     6.23397e+00     6.46258e+00     6.16022e+00     4.31166e+00
   2.69674     6.28101e+00     6.48731e+00     6.18690e+00     4.33240e+00
   2.70287     6.32833e+00     6.51879e+00     6.26947e+00     4.42224e+00
   2.70901     6.39167e+00     6.56734e+00     6.34087e+00     4.47111e+00
   2.71515     6.43074e+00     6.64840e+00     6.38072e+00     4.55179e+00
   2.72128     6.46835e+00     6.65530e+00     6.43223e+00     4.62179e+00
   2.72742     6.51773e+00     6.72365e+00     6.47502e+00     4.68880e+00
   2.73355     6.53478e+00     6.78017e+00     6.53995e+00     4.77084e+00
   2.73969     6.57053e+00     6.81610e+00     6.59834e+00     4.81968e+00
   2.74583     6.60567e+00     6.86463e+00     6.63910e+00     4.89399e+00
   2.75196     6.66639e+00     6.88431e+00     6.69257e+00     4.92020e+00
   2.75810     6.69052e+00     6.94285e+00     6.77205e+00     5.00171e+00
   2.76423     6.75733e+00     6.98877e+00     6.80897e+00     5.09731e+00
   2.77037     6.75814e+00     7.04715e+00     6.87440e+00     5.13081e+00
   2.77651     6.80061e+00     7.07397e+00     6.91125e+00     5.17483e+00
   2.78264     6.84432e+00     7.13538e+00     6.97471e+00     5.24623e+00
   2.78878     6.90265e+00     7.17467e+00     7.00952e+00     5.29132e+00
   2.79491     6.93736e+00     7.20108e+00     7.08604e+00     5.35483e+00
   2.80105     6.94937e+00     7.23049e+00     7.09445e+00     5.39426e+00
   2.80718     6.97375e+00     7.27851e+00     7.17103e+00     5.47289e+00
   2.81332     7.02356e+00     7.36032e+00     7.21880e+00     5.50831e+00
   2.81946     7.04431e+00     7.36902e+00     7.25341e+00     5.58486e+00
   2.82559     7.09900e+00     7.41460e+00     7.28227e+00     5.60701e+00
   2.83173     7.12863e+00     7.45243e+00     7.36430e+00     5.69714e+00
   2.83786     7.15526e+00     7.49909e+00     7.40326e+00     5.74970e+00
   2.84400     7.20239e+00     7.53576e+00     7.44047e+00     5.78490e+00
   2.85014     7.22761e+00     7.59734e+00     7.49164e+00     5.83446e+00
   2.85627     7.24774e+00     7.60882e+00     7.55482e+00     5.91326e+00
   2.86241     7.30679e+00     7.64204e+00     7.59638e+00     5.97346e+00
   2.86854     7.31022e+00     7.68601e+00     7.64857e+00     6.00887e+00
   2.87468     7.35507e+00     7.72867e+00     7.67500e+00     6.06473e+00
   2.88082     7.38232e+00     7.74859e+00     7.72482e+00     6.11191e+00
   2.88695     7.40785e+00     7.79245e+00     7.76464e+00     6.14007e+00
   2.89309     7.45931e+00     7.84294e+00     7.81868e+00     6.20356e+00
   2.89922     7.49521e+00     7.88551e+00     7.87545e+00     6.24232e+00
   2.90536     7.50636e+00     7.89282e+00     7.91960e+00     6.29112e+00
   2.91150     7.53588e+00     7.93300e+00     7.94647e+00     6.32278e+00
   2.91763     7.57055e+00     7.98308e+00     7.99119e+00     6.38438e+00
   2.92377     7.59557e+00     8.00884e+00     8.03122e+00     6.41734e+00
   2.92990     7.62268e+00     8.03131e+00     8.06865e+00     6.46732e+00
   2.93604     7.65354e+00     8.08507e+00     8.12512e+00     6.49828e+00
   2.94218     7.67046e+00     8.11235e+00     8.16495e+00     6.55905e+00
   2.94831     7.71957e+00     8.14342e+00     8.19494e+00     6.59985e+00
   2.95445     7.74308e+00     8.17351e+00     8.22313e+00     6.65992e+00
   2.96058     7.78851e+00     8.21046e+00     8.27061e+00     6.67119e+00
   2.96672     7.79684e+00     8.24683e+00     8.31564e+00     6.72579e+00
   2.97285     7.82852e+00     8.27635e+00     8.34524e+00     6.76104e+00
   2.97899     7.83348e+00     8.31261e+00     8.39677e+00     6.80832e+00
   2.98513     7.86539e+00     8.33824e+00     8.42327e+00     6.83203e+00
   2.99126     7.91025e+00     8.35538e+00     8.45691e+00     6.87439e+00
   2.99740     7.92831e+00     8.37468e+00     8.50433e+00     6.91517e+00
   3.00353     7.96133e+00     8.43206e+00     8.56079e+00     6.95728e+00
   3.00967     7.97719e+00     8.46706e+00     8.58033e+00     6.99681e+00
   3.01581     8.00115e+00     8.47925e+00     8.62817e+00     7.03884e+00
   3.02194     8.01725e+00     8.51317e+00     8.65353e+00     7.06221e+00
   3.02808     8.05141e+00     8.54642e+00     8.68616e+00     7.10762e+00
   3.03421     8.07465e+00     8.57332e+00     8.71635e+00     7.14959e+00
   3.04035     8.09784e+00     8.60287e+00     8.75383e+00     7.17995e+00
   3.04649     8.10536e+00     8.61488e+00     8.78907e+00     7.21914e+00
   3.05262     8.12543e+00     8.66267e+00     8.82930e+00     7.23782e+00
   3.05876     8.16335e+00     8.68938e+00     8.86241e+00     7.26880e+00
   3.06489     8.16122e+00     8.71138e+00     8.90522e+00     7.32859e+00
   3.07103     8.19619e+00     8.73392e+00     8.92873e+00     7.34396e+00
   3.07717     8.21312e+00     8.76772e+00     8.97571e+00     7.36223e+00
   3.08330     8.23545e+00     8.77773e+00     9.00960e+00     7.42307e+00
   3.08944     8.22683e+00     8.83491e+00     9.03601e+00     7.42998e+00
   3.09557     8.27086e+00     8.83643e+00     9.07287e+00     7.46384e+00
   3.10171     8.29278e+00     8.87785e+00     9.10255e+00     7.50738e+00
   3.10785     8.31332e+00     8.89680e+00     9.14582e+00     7.51051e+00
   3.11398     8.32792e+00     8.91637e+00     9.15678e+00     7.54765e+00
   3.12012     8.34046e+00     8.95613e+00     9.20111e+00     7.58006e+00
   3.12625     8.36773e+00     8.96946e+00     9.22317e+00     7.63750e+00
   3.13239     8.39242e+00     8.98692e+00     9.25008e+00     7.63766e+00
   3.13852     8.38304e+00     9.02703e+00     9.29643e+00     7.67409e+00
