# Mcut=  1.8308e+09Msun/h.
#        k       b1_x       b1_a            Pkmm
   0.03476    3.34241    3.35229     6.96232e+02
   0.06013    3.26142    3.27977     4.29708e+02
   0.08418    3.22628    3.25335     2.90086e+02
   0.10874    3.29231    3.33157     1.89467e+02
   0.13437    3.31085    3.34923     1.53303e+02
   0.15871    3.33985    3.40150     1.09894e+02
   0.18293    3.30957    3.38101     8.68794e+01
   0.20748    3.36370    3.44159     7.06762e+01
   0.23232    3.42843    3.51745     5.82661e+01
   0.25688    3.33093    3.42685     4.72600e+01
   0.28117    3.37637    3.48661     4.13959e+01
   0.30628    3.43903    3.56372     3.42936e+01
   0.33133    3.45803    3.58339     3.06397e+01
   0.35545    3.45340    3.59549     2.54770e+01
   0.37974    3.44688    3.59719     2.25515e+01
   0.40420    3.53789    3.68924     2.03509e+01
   0.42877    3.52194    3.68717     1.78688e+01
   0.45346    3.54577    3.71291     1.57419e+01
   0.47807    3.55976    3.74687     1.43249e+01
   0.50266    3.57795    3.76008     1.30870e+01
   0.52715    3.64929    3.83342     1.18648e+01
   0.55156    3.63522    3.83400     1.07845e+01
   0.57625    3.67373    3.87768     1.01792e+01
   0.60074    3.65767    3.86702     9.00353e+00
   0.62537    3.69251    3.90916     8.45018e+00
   0.65018    3.73299    3.95570     7.67524e+00
   0.67478    3.74690    3.97122     7.30193e+00
   0.69919    3.76300    3.99753     6.75634e+00
   0.72362    3.78083    4.01209     6.21013e+00
   0.74803    3.80722    4.04807     5.80027e+00
   0.77266    3.82133    4.06146     5.51997e+00
   0.79730    3.84566    4.09773     5.07673e+00
   0.82191    3.89792    4.15705     4.74600e+00
   0.84650    3.85830    4.11674     4.44113e+00
   0.87103    3.90522    4.14760     4.32421e+00
   0.89560    3.91678    4.17041     3.89272e+00
   0.92003    3.96596    4.20717     3.80214e+00
   0.94458    3.97483    4.22624     3.57208e+00
   0.96914    3.97794    4.24323     3.34149e+00
   0.99364    4.01848    4.26653     3.23829e+00
   1.01818    4.04099    4.29100     3.10056e+00
   1.04277    4.05912    4.32341     2.90732e+00
   1.06743    4.06465    4.32262     2.74831e+00
   1.09201    4.08835    4.33218     2.61296e+00
   1.11656    4.11995    4.36329     2.54007e+00
   1.14097    4.15400    4.39053     2.44083e+00
   1.16541    4.14059    4.38701     2.29069e+00
   1.19006    4.16819    4.40637     2.20490e+00
   1.21462    4.18628    4.42376     2.10311e+00
   1.23915    4.20959    4.43779     2.02925e+00
   1.26379    4.21555    4.45142     1.91931e+00
   1.28843    4.24239    4.47035     1.83989e+00
   1.31303    4.24829    4.48261     1.79299e+00
   1.33742    4.30714    4.53021     1.71185e+00
   1.36193    4.30755    4.52411     1.66384e+00
   1.38650    4.32080    4.53473     1.59241e+00
   1.41093    4.37986    4.58819     1.53167e+00
   1.43548    4.34557    4.55273     1.47715e+00
   1.46003    4.36710    4.56546     1.41592e+00
   1.48468    4.40107    4.58130     1.38862e+00
   1.50925    4.41672    4.59545     1.32477e+00
   1.53368    4.44758    4.62046     1.27802e+00
   1.55833    4.47382    4.64156     1.23009e+00
   1.58290    4.47646    4.64132     1.19004e+00
   1.60746    4.49991    4.64781     1.15440e+00
   1.63199    4.51789    4.65531     1.13335e+00
   1.65643    4.51695    4.66762     1.07034e+00
   1.68103    4.53221    4.65660     1.05403e+00
   1.70563    4.55990    4.67723     1.02048e+00
   1.73010    4.59732    4.70437     9.81471e-01
   1.75456    4.61987    4.72155     9.50030e-01
   1.77907    4.63373    4.71874     9.23241e-01
   1.80377    4.63782    4.71363     9.00831e-01
   1.82842    4.65143    4.72929     8.78948e-01
   1.85296    4.67665    4.73723     8.50567e-01
   1.87752    4.70922    4.75276     8.24773e-01
   1.90200    4.72170    4.75723     8.02736e-01
   1.92646    4.73128    4.75356     7.79936e-01
   1.95098    4.74150    4.75503     7.55696e-01
   1.97546    4.76660    4.76879     7.35283e-01
   2.00000    4.78640    4.77079     7.18375e-01
   2.02470    4.79465    4.77473     6.99974e-01
   2.04927    4.80216    4.76366     6.75002e-01
   2.07377    4.82724    4.76609     6.64414e-01
   2.09832    4.82012    4.75012     6.43462e-01
   2.12294    4.86087    4.77996     6.26078e-01
   2.14747    4.87609    4.77437     6.09003e-01
   2.17185    4.88406    4.76927     5.99796e-01
   2.19643    4.90381    4.76708     5.81334e-01
   2.22111    4.91148    4.75810     5.65830e-01
   2.24563    4.92248    4.75274     5.49135e-01
   2.27015    4.94623    4.77286     5.38137e-01
   2.29470    4.95437    4.75353     5.29406e-01
   2.31924    4.97729    4.75642     5.12196e-01
   2.34377    4.98581    4.74780     5.00786e-01
   2.36823    4.99104    4.73627     4.91713e-01
   2.39278    5.02017    4.74528     4.75564e-01
   2.41744    5.04823    4.75022     4.64555e-01
   2.44196    5.05617    4.74499     4.57392e-01
   2.46642    5.07343    4.73843     4.45196e-01
   2.49103    5.09354    4.73704     4.37438e-01
   2.51559    5.10978    4.72773     4.26466e-01
   2.54013    5.12391    4.71950     4.17316e-01
   2.56470    5.12566    4.69602     4.09029e-01
   2.58923    5.13397    4.68377     3.96902e-01
   2.61376    5.17322    4.69759     3.89096e-01
   2.63831    5.15651    4.65854     3.78935e-01
   2.66283    5.18104    4.65234     3.71205e-01
   2.68735    5.20473    4.65441     3.66655e-01
   2.71187    5.21705    4.64768     3.58128e-01
   2.73641    5.21575    4.60590     3.48829e-01
   2.76099    5.22929    4.59751     3.40668e-01
   2.78556    5.25403    4.59590     3.33262e-01
   2.81014    5.26499    4.57703     3.27182e-01
   2.83472    5.27886    4.56034     3.20559e-01
   2.85924    5.29354    4.54495     3.14801e-01
   2.88380    5.31055    4.53032     3.05615e-01
   2.90831    5.31579    4.50750     3.00317e-01
   2.93276    5.33570    4.49769     2.95214e-01
   2.95735    5.34238    4.47136     2.89319e-01
   2.98193    5.34576    4.44540     2.83951e-01
   3.00645    5.37724    4.44066     2.76239e-01
   3.03102    5.39661    4.43461     2.73449e-01
   3.05562    5.41038    4.40160     2.66055e-01
   3.08022    5.43106    4.38588     2.60875e-01
   3.10466    5.43084    4.33553     2.55342e-01
   3.12910    5.43632    4.30836     2.49778e-01
   3.15367    5.44715    4.27872     2.46507e-01
   3.17824    5.46188    4.24608     2.40773e-01
   3.20281    5.48677    4.24367     2.37902e-01
   3.22733    5.48352    4.19386     2.32960e-01
   3.25192    5.50611    4.17358     2.27474e-01
   3.27655    5.51493    4.13548     2.23139e-01
   3.30105    5.52354    4.07910     2.18187e-01
   3.32552    5.55461    4.09186     2.16009e-01
   3.35008    5.54918    4.02239     2.10105e-01
   3.37464    5.55403    3.96064     2.06221e-01
   3.39917    5.58921    3.94902     2.01448e-01
   3.42370    5.60027    3.90731     1.98625e-01
   3.44825    5.58795    3.83501     1.95598e-01
   3.47280    5.61255    3.79862     1.91194e-01
   3.49730    5.60374    3.74745     1.88422e-01
   3.52186    5.62857    3.70111     1.83785e-01
   3.54642    5.64347    3.66704     1.81646e-01
   3.57100    5.64292    3.58484     1.77960e-01
   3.59560    5.67231    3.54208     1.74018e-01
   3.62013    5.67085    3.47636     1.71422e-01
   3.64467    5.69537    3.42615     1.68210e-01
   3.66926    5.69689    3.34266     1.64222e-01
   3.69375    5.71516    3.29418     1.61717e-01
   3.71823    5.71649    3.19925     1.59219e-01
   3.74275    5.75309    3.18108     1.56053e-01
   3.76734    5.74324    3.06959     1.53530e-01
   3.79194    5.75975    2.98270     1.50050e-01
   3.81644    5.76072    2.92572     1.48648e-01
   3.84096    5.78520    2.81654     1.44613e-01
   3.86547    5.78092    2.71365     1.42862e-01
   3.89004    5.79211    2.61184     1.40240e-01
   3.91462    5.79507    2.49524     1.38032e-01
   3.93910    5.81435    2.39401     1.35193e-01
   3.96367    5.83068    2.27580     1.32737e-01
   3.98826    5.82963    2.13072     1.30554e-01
   4.01280    5.85738    2.04706     1.28634e-01
   4.03735    5.87433    1.86784     1.25821e-01
   4.06191    5.86316    1.61366     1.23411e-01
   4.08644    5.87589    1.36825     1.20736e-01
   4.11095    5.91007    1.33808     1.19538e-01
   4.13547    5.93070    1.06908     1.17315e-01
   4.16003    5.91727    0.49038     1.15211e-01
   4.18463    5.93841    0.61050     1.13335e-01
   4.20918    5.93476    1.08087     1.11428e-01
   4.23370    5.93269    1.49927     1.08972e-01
   4.25825    5.96146    1.64319     1.07349e-01
   4.28280    5.98493    1.78610     1.05470e-01
   4.30736    5.98145    2.06275     1.03567e-01
   4.33189    5.98065    2.26184     1.02032e-01
   4.35635    5.99412    2.43304     1.00150e-01
   4.38087    6.01140    2.58015     9.83417e-02
   4.40544    6.01043    2.78015     9.65403e-02
   4.43004    6.04422    2.88353     9.47398e-02
   4.45455    6.04897    3.03668     9.34579e-02
   4.47906    6.04190    3.18296     9.19609e-02
   4.50368    6.05203    3.32888     9.04313e-02
   4.52824    6.04755    3.49029     8.87744e-02
   4.55278    6.06871    3.58620     8.74811e-02
   4.57733    6.09437    3.69231     8.59922e-02
   4.60191    6.09396    3.82371     8.47690e-02
   4.62645    6.10819    3.98291     8.28471e-02
   4.65094    6.11585    4.12385     8.12715e-02
   4.67545    6.12672    4.23457     8.01509e-02
   4.70001    6.14361    4.31122     7.92124e-02
   4.72456    6.13375    4.52054     7.72698e-02
   4.74908    6.13825    4.62679     7.62007e-02
   4.77364    6.15831    4.73108     7.49069e-02
   4.79822    6.17681    4.80644     7.39043e-02
   4.82280    6.17569    4.97192     7.23926e-02
   4.84729    6.18734    5.05197     7.14948e-02
   4.87179    6.18710    5.19320     7.02611e-02
   4.89635    6.19269    5.32733     6.88947e-02
   4.92091    6.21847    5.40900     6.78898e-02
   4.94545    6.21627    5.54560     6.67644e-02
   4.96999    6.22677    5.66806     6.55270e-02
   4.99455    6.23328    5.75942     6.47747e-02
   5.01909    6.24209    5.89745     6.34311e-02
   5.04366    6.25154    6.01300     6.24094e-02
   5.06823    6.26919    6.09680     6.16405e-02
   5.09275    6.26935    6.23069     6.04953e-02
   5.11727    6.27803    6.33381     5.96494e-02
   5.14182    6.27951    6.49824     5.82825e-02
   5.16636    6.28722    6.58066     5.76283e-02
   5.19089    6.28984    6.70268     5.66708e-02
   5.21541    6.29963    6.81820     5.57545e-02
   5.24000    6.30779    6.91280     5.50016e-02
   5.26457    6.30842    7.05506     5.39783e-02
   5.28907    6.33037    7.12592     5.32441e-02
   5.31361    6.33429    7.24924     5.23865e-02
   5.33815    6.33921    7.36915     5.15280e-02
   5.36271    6.34737    7.46825     5.08390e-02
   5.38726    6.36088    7.55878     5.01483e-02
   5.41176    6.36505    7.69415     4.91834e-02
   5.43633    6.36401    7.78882     4.86148e-02
   5.46088    6.38516    7.91606     4.76889e-02
   5.48542    6.37669    8.05440     4.68501e-02
   5.50999    6.39052    8.13391     4.63402e-02
   5.53453    6.40427    8.23140     4.56906e-02
   5.55907    6.42245    8.31732     4.50630e-02
   5.58360    6.40607    8.46718     4.42680e-02
   5.60815    6.41991    8.58894     4.35306e-02
   5.63273    6.42543    8.68261     4.30025e-02
   5.65725    6.44575    8.77987     4.23584e-02
   5.68178    6.43952    8.90818     4.16770e-02
   5.70633    6.44890    8.99106     4.12248e-02
   5.73090    6.44888    9.14298     4.04288e-02
   5.75545    6.45940    9.22678     3.99830e-02
   5.77997    6.45207    9.37395     3.92257e-02
   5.80452    6.46667    9.47343     3.86689e-02
   5.82904    6.46830    9.54094     3.84111e-02
   5.85353    6.49162    9.66507     3.76967e-02
   5.87807    6.49364    9.74543     3.73427e-02
   5.90264    6.49124    9.86679     3.67655e-02
   5.92720    6.50851    9.97353     3.62439e-02
   5.95177    6.52586   10.07325     3.57360e-02
   5.97634    6.51511   10.17782     3.53198e-02
   6.00092    6.52052   10.27002     3.49118e-02
   6.02546    6.52492   10.36306     3.45113e-02
   6.04994    6.51990   10.48413     3.40269e-02
   6.07451    6.53213   10.57411     3.36384e-02
   6.09906    6.54322   10.69727     3.30939e-02
   6.12356    6.55356   10.77501     3.27783e-02
   6.14811    6.54702   10.84704     3.24949e-02
   6.17268    6.55568   10.96616     3.20237e-02
   6.19723    6.56331   11.06366     3.16319e-02
   6.22174    6.56391   11.16261     3.12720e-02
   6.24629    6.56373   11.24481     3.09687e-02
   6.27088    6.57382   11.34282     3.05767e-02
