# Halo Mass, Number Halos, HI halos, HI centrals, HI satellites
0.000000e+00 0.000000e+00 0.000000e+00 0.000000e+00 0.000000e+00
0.000000e+00 0.000000e+00 0.000000e+00 0.000000e+00 0.000000e+00
1.412696e+09 2.601966e+06 6.894446e+05 6.894446e+05 0.000000e+00
1.623770e+09 2.937522e+06 9.281517e+05 9.281517e+05 0.000000e+00
1.881921e+09 2.186371e+06 1.240919e+06 1.240919e+06 0.000000e+00
2.139949e+09 1.688705e+06 1.570738e+06 1.570738e+06 0.000000e+00
2.437022e+09 1.735474e+06 1.965687e+06 1.965687e+06 0.000000e+00
2.820073e+09 1.608371e+06 2.490751e+06 2.490751e+06 0.000000e+00
3.250259e+09 1.202534e+06 3.093934e+06 3.093934e+06 0.000000e+00
3.757521e+09 1.240922e+06 3.816533e+06 3.816533e+06 0.000000e+00
4.360131e+09 9.062100e+05 4.682933e+06 4.682933e+06 0.000000e+00
5.001698e+09 7.732170e+05 5.609587e+06 5.609587e+06 0.000000e+00
5.728322e+09 6.467290e+05 6.659897e+06 6.659897e+06 0.000000e+00
6.580116e+09 5.834500e+05 7.888678e+06 7.859762e+06 2.891619e+04
7.566683e+09 4.658080e+05 9.305986e+06 9.261573e+06 4.441335e+04
8.676674e+09 4.000810e+05 1.089125e+07 1.082594e+07 6.530801e+04
9.996468e+09 3.516340e+05 1.276250e+07 1.266824e+07 9.426604e+04
1.149850e+10 2.708160e+05 1.487468e+07 1.474326e+07 1.314230e+05
1.320109e+10 2.416920e+05 1.724722e+07 1.707255e+07 1.746696e+05
1.517384e+10 1.914590e+05 1.997036e+07 1.955283e+07 4.175257e+05
1.743140e+10 1.684750e+05 2.305546e+07 2.247171e+07 5.837577e+05
2.007612e+10 1.379920e+05 2.663258e+07 2.590527e+07 7.273101e+05
2.307424e+10 1.119800e+05 3.064499e+07 2.966290e+07 9.820970e+05
2.653042e+10 9.593800e+04 3.522104e+07 3.360198e+07 1.619055e+06
3.050676e+10 7.653800e+04 4.042945e+07 3.852266e+07 1.906786e+06
3.504170e+10 6.414800e+04 4.630529e+07 4.360840e+07 2.696899e+06
4.028886e+10 5.317400e+04 5.303045e+07 4.953142e+07 3.499030e+06
4.635374e+10 4.313000e+04 6.071890e+07 5.606072e+07 4.658190e+06
5.331685e+10 3.543900e+04 6.944969e+07 6.359673e+07 5.852949e+06
6.129747e+10 2.889900e+04 7.934709e+07 7.140422e+07 7.942862e+06
7.044662e+10 2.334100e+04 9.057077e+07 8.084140e+07 9.729355e+06
8.089026e+10 1.898900e+04 1.032439e+08 9.107362e+07 1.217024e+07
9.312517e+10 1.535400e+04 1.179292e+08 1.028076e+08 1.512163e+07
1.069627e+11 1.237800e+04 1.343583e+08 1.158053e+08 1.855295e+07
1.230361e+11 9.693000e+03 1.532355e+08 1.304982e+08 2.273733e+07
1.415006e+11 8.001000e+03 1.746863e+08 1.480601e+08 2.662623e+07
1.627567e+11 6.317000e+03 1.991122e+08 1.650582e+08 3.405394e+07
1.869898e+11 4.921000e+03 2.266595e+08 1.854380e+08 4.122141e+07
2.150211e+11 3.937000e+03 2.581811e+08 2.065414e+08 5.163956e+07
2.468972e+11 2.956000e+03 2.936410e+08 2.320157e+08 6.162530e+07
2.841499e+11 2.297000e+03 3.346373e+08 2.622966e+08 7.234064e+07
3.266392e+11 1.761000e+03 3.808914e+08 2.955903e+08 8.530108e+07
3.754288e+11 1.317000e+03 4.334322e+08 3.347329e+08 9.869932e+07
4.313897e+11 1.000000e+03 4.930489e+08 3.692956e+08 1.237533e+08
4.970461e+11 7.900000e+02 5.622379e+08 4.098265e+08 1.524114e+08
5.687839e+11 5.450000e+02 6.370167e+08 4.518156e+08 1.852011e+08
6.540674e+11 4.370000e+02 7.249854e+08 5.063628e+08 2.186225e+08
7.508834e+11 3.300000e+02 8.237607e+08 5.711988e+08 2.525620e+08
8.632299e+11 2.030000e+02 9.370863e+08 6.479422e+08 2.891441e+08
9.959537e+11 1.460000e+02 1.069476e+09 7.304320e+08 3.390435e+08
1.132388e+12 1.050000e+02 1.204048e+09 8.744317e+08 3.296165e+08
1.303330e+12 7.900000e+01 1.370888e+09 9.465666e+08 4.243204e+08
1.468539e+12 4.400000e+01 1.529660e+09 1.070580e+09 4.590793e+08
1.698373e+12 3.600000e+01 1.749014e+09 1.156256e+09 5.927578e+08
1.914939e+12 2.000000e+01 1.950965e+09 1.359978e+09 5.909876e+08
2.169687e+12 1.600000e+01 2.187672e+09 1.327443e+09 8.602288e+08
2.300489e+12 7.000000e+00 2.296406e+09 1.231579e+09 1.064828e+09
2.796795e+12 9.000000e+00 2.756485e+09 1.440099e+09 1.316386e+09
2.533745e+12 3.000000e+00 2.481447e+09 1.257964e+09 1.223483e+09
3.472608e+12 7.000000e+00 3.359201e+09 1.771379e+09 1.587822e+09
3.059484e+12 2.000000e+00 2.927036e+09 1.356635e+09 1.570401e+09
3.478807e+12 2.000000e+00 3.295633e+09 1.693008e+09 1.602625e+09
2.974376e+12 1.000000e+00 2.789654e+09 1.446786e+09 1.342868e+09
3.382474e+12 1.000000e+00 3.141313e+09 1.749296e+09 1.392017e+09
0.000000e+00 0.000000e+00 0.000000e+00 0.000000e+00 0.000000e+00
0.000000e+00 0.000000e+00 0.000000e+00 0.000000e+00 0.000000e+00
0.000000e+00 0.000000e+00 0.000000e+00 0.000000e+00 0.000000e+00
0.000000e+00 0.000000e+00 0.000000e+00 0.000000e+00 0.000000e+00
0.000000e+00 0.000000e+00 0.000000e+00 0.000000e+00 0.000000e+00
0.000000e+00 0.000000e+00 0.000000e+00 0.000000e+00 0.000000e+00
0.000000e+00 0.000000e+00 0.000000e+00 0.000000e+00 0.000000e+00
0.000000e+00 0.000000e+00 0.000000e+00 0.000000e+00 0.000000e+00
0.000000e+00 0.000000e+00 0.000000e+00 0.000000e+00 0.000000e+00
0.000000e+00 0.000000e+00 0.000000e+00 0.000000e+00 0.000000e+00
0.000000e+00 0.000000e+00 0.000000e+00 0.000000e+00 0.000000e+00
0.000000e+00 0.000000e+00 0.000000e+00 0.000000e+00 0.000000e+00
0.000000e+00 0.000000e+00 0.000000e+00 0.000000e+00 0.000000e+00
0.000000e+00 0.000000e+00 0.000000e+00 0.000000e+00 0.000000e+00
0.000000e+00 0.000000e+00 0.000000e+00 0.000000e+00 0.000000e+00
0.000000e+00 0.000000e+00 0.000000e+00 0.000000e+00 0.000000e+00
0.000000e+00 0.000000e+00 0.000000e+00 0.000000e+00 0.000000e+00
0.000000e+00 0.000000e+00 0.000000e+00 0.000000e+00 0.000000e+00
0.000000e+00 0.000000e+00 0.000000e+00 0.000000e+00 0.000000e+00
0.000000e+00 0.000000e+00 0.000000e+00 0.000000e+00 0.000000e+00
0.000000e+00 0.000000e+00 0.000000e+00 0.000000e+00 0.000000e+00
0.000000e+00 0.000000e+00 0.000000e+00 0.000000e+00 0.000000e+00
0.000000e+00 0.000000e+00 0.000000e+00 0.000000e+00 0.000000e+00
0.000000e+00 0.000000e+00 0.000000e+00 0.000000e+00 0.000000e+00
0.000000e+00 0.000000e+00 0.000000e+00 0.000000e+00 0.000000e+00
0.000000e+00 0.000000e+00 0.000000e+00 0.000000e+00 0.000000e+00
0.000000e+00 0.000000e+00 0.000000e+00 0.000000e+00 0.000000e+00
0.000000e+00 0.000000e+00 0.000000e+00 0.000000e+00 0.000000e+00
0.000000e+00 0.000000e+00 0.000000e+00 0.000000e+00 0.000000e+00
0.000000e+00 0.000000e+00 0.000000e+00 0.000000e+00 0.000000e+00
0.000000e+00 0.000000e+00 0.000000e+00 0.000000e+00 0.000000e+00
0.000000e+00 0.000000e+00 0.000000e+00 0.000000e+00 0.000000e+00
0.000000e+00 0.000000e+00 0.000000e+00 0.000000e+00 0.000000e+00
0.000000e+00 0.000000e+00 0.000000e+00 0.000000e+00 0.000000e+00
0.000000e+00 0.000000e+00 0.000000e+00 0.000000e+00 0.000000e+00
