#        k       b1_x       b1_a            Pkmm
   0.03682    3.81387    3.83312     6.00175e+02
   0.06136    3.71881    3.75335     3.70294e+02
   0.08590    3.66451    3.71662     2.50647e+02
   0.11045    3.75382    3.82834     1.63521e+02
   0.13499    3.77384    3.84968     1.32073e+02
   0.15953    3.81622    3.93342     9.47014e+01
   0.18408    3.76780    3.90482     7.49455e+01
   0.20862    3.84058    3.99201     6.09668e+01
   0.23317    3.93290    4.10634     5.00644e+01
   0.25771    3.78504    3.97743     4.07229e+01
   0.28225    3.84891    4.07001     3.55689e+01
   0.30680    3.93406    4.18388     2.94753e+01
   0.33134    3.95215    4.20884     2.62595e+01
   0.35588    3.93798    4.23243     2.18775e+01
   0.38043    3.93420    4.24612     1.93483e+01
   0.40497    4.05483    4.37887     1.74270e+01
   0.42951    4.02712    4.38234     1.52918e+01
   0.45406    4.06085    4.43062     1.34871e+01
   0.47860    4.07629    4.48458     1.22429e+01
   0.50315    4.09959    4.51037     1.11898e+01
   0.52769    4.19746    4.62047     1.01340e+01
   0.55223    4.17012    4.62826     9.19950e+00
   0.57678    4.22143    4.69564     8.66601e+00
   0.60132    4.20289    4.70423     7.67803e+00
   0.62586    4.24285    4.76330     7.19050e+00
   0.65041    4.29385    4.84057     6.53388e+00
   0.67495    4.31434    4.87504     6.20573e+00
   0.69950    4.33263    4.92094     5.73440e+00
   0.72404    4.34763    4.94979     5.25869e+00
   0.74858    4.37869    5.00634     4.91675e+00
   0.77313    4.40710    5.04267     4.67705e+00
   0.79767    4.42958    5.10894     4.29200e+00
   0.82221    4.50231    5.20460     4.01295e+00
   0.84676    4.44661    5.16571     3.75866e+00
   0.87130    4.50651    5.21068     3.64736e+00
   0.89584    4.51797    5.26749     3.28493e+00
   0.92039    4.58863    5.32100     3.20924e+00
   0.94493    4.59422    5.36445     3.01476e+00
   0.96948    4.59710    5.41345     2.81042e+00
   0.99402    4.64761    5.44561     2.72387e+00
   1.01856    4.68037    5.49950     2.60439e+00
   1.04311    4.69749    5.56177     2.43822e+00
   1.06765    4.70291    5.57981     2.30464e+00
   1.09219    4.72841    5.60439     2.19325e+00
   1.11674    4.77699    5.66086     2.12853e+00
   1.14128    4.82498    5.71312     2.04486e+00
   1.16583    4.80485    5.74427     1.91620e+00
   1.19037    4.83873    5.78392     1.84543e+00
   1.21491    4.85442    5.82016     1.75815e+00
   1.23946    4.89272    5.86203     1.69586e+00
   1.26400    4.89348    5.90672     1.60240e+00
   1.28854    4.92896    5.95069     1.53592e+00
   1.31309    4.93432    5.97563     1.49572e+00
   1.33763    5.01171    6.05894     1.42570e+00
   1.36217    5.01205    6.07166     1.38256e+00
   1.38672    5.02706    6.11161     1.32652e+00
   1.41126    5.10507    6.20244     1.26951e+00
   1.43581    5.05937    6.18026     1.22714e+00
   1.46035    5.07962    6.21759     1.17507e+00
   1.48489    5.13067    6.25336     1.15206e+00
   1.50944    5.14851    6.29959     1.09936e+00
   1.53398    5.19356    6.36607     1.05767e+00
   1.55852    5.22386    6.41129     1.01757e+00
   1.58307    5.22057    6.43340     9.85948e-01
   1.60761    5.25454    6.46362     9.55706e-01
   1.63216    5.28764    6.49678     9.36849e-01
   1.65670    5.26629    6.54949     8.84959e-01
   1.68124    5.28812    6.54617     8.71192e-01
   1.70579    5.33196    6.60532     8.42035e-01
   1.73033    5.37984    6.67265     8.07057e-01
   1.75487    5.40491    6.71725     7.81780e-01
   1.77942    5.41955    6.73862     7.60889e-01
   1.80396    5.42168    6.74961     7.41874e-01
   1.82851    5.43844    6.80076     7.21350e-01
   1.85305    5.48003    6.84606     6.98584e-01
   1.87759    5.51130    6.88303     6.77355e-01
   1.90214    5.53451    6.92150     6.59390e-01
   1.92668    5.54437    6.94937     6.40877e-01
   1.95122    5.56091    6.98525     6.20696e-01
   1.97577    5.58664    7.02662     6.03339e-01
   2.00031    5.60653    7.04803     5.88729e-01
   2.02485    5.62418    7.09246     5.73189e-01
   2.04940    5.62397    7.11597     5.50739e-01
   2.07394    5.66476    7.13798     5.42918e-01
   2.09849    5.65218    7.16374     5.26272e-01
   2.12303    5.70251    7.22625     5.12088e-01
   2.14757    5.72849    7.26631     4.96975e-01
   2.17212    5.73431    7.27105     4.89985e-01
   2.19666    5.76559    7.30812     4.74698e-01
   2.22120    5.77185    7.34310     4.61290e-01
   2.24575    5.78522    7.37692     4.48112e-01
   2.27029    5.81352    7.43309     4.38028e-01
   2.29484    5.82169    7.42391     4.31287e-01
   2.31938    5.84613    7.47509     4.16822e-01
   2.34392    5.86517    7.51169     4.07409e-01
   2.36847    5.86918    7.52245     3.99861e-01
   2.39301    5.89740    7.57110     3.87463e-01
   2.41755    5.94926    7.63243     3.76732e-01
   2.44210    5.94930    7.63786     3.71663e-01
   2.46664    5.97028    7.67170     3.61908e-01
   2.49118    5.99911    7.70476     3.55044e-01
   2.51573    6.01966    7.73438     3.45813e-01
   2.54027    6.03208    7.76626     3.38230e-01
   2.56482    6.04126    7.77970     3.31273e-01
   2.58936    6.04248    7.81734     3.21736e-01
   2.61390    6.09210    7.86884     3.14811e-01
   2.63845    6.07065    7.88095     3.07060e-01
   2.66299    6.10013    7.91339     3.00160e-01
   2.68753    6.13437    7.93579     2.96838e-01
   2.71208    6.14668    7.97329     2.89408e-01
   2.73662    6.14786    7.98798     2.82278e-01
   2.76117    6.16996    8.03729     2.74905e-01
   2.78571    6.19059    8.06592     2.69193e-01
   2.81025    6.20979    8.09601     2.64185e-01
   2.83480    6.23418    8.12552     2.58632e-01
   2.85934    6.25099    8.14955     2.53727e-01
   2.88388    6.26438    8.19365     2.47080e-01
   2.90843    6.26996    8.21844     2.42178e-01
   2.93297    6.29541    8.24395     2.38154e-01
   2.95751    6.30858    8.27449     2.33065e-01
   2.98206    6.29513    8.27575     2.29066e-01
   3.00660    6.34573    8.34312     2.23094e-01
   3.03115    6.36978    8.36939     2.19885e-01
   3.05569    6.38806    8.40598     2.14033e-01
   3.08023    6.40520    8.43929     2.09515e-01
   3.10478    6.41770    8.46033     2.05127e-01
   3.12932    6.41434    8.47944     2.00945e-01
   3.15386    6.43904    8.50273     1.98148e-01
   3.17841    6.44994    8.52972     1.93671e-01
   3.20295    6.47466    8.55008     1.91434e-01
   3.22750    6.47975    8.58051     1.86981e-01
   3.25204    6.49162    8.61945     1.82663e-01
   3.27658    6.52674    8.66046     1.79027e-01
   3.30113    6.51966    8.66601     1.75032e-01
   3.32567    6.55932    8.69963     1.73321e-01
   3.35021    6.55824    8.72693     1.68587e-01
   3.37476    6.57025    8.75101     1.65537e-01
   3.39930    6.60375    8.80982     1.61428e-01
   3.42385    6.61861    8.82327     1.59044e-01
   3.44839    6.60624    8.81132     1.56782e-01
   3.47293    6.64111    8.85934     1.53429e-01
   3.49748    6.62202    8.87290     1.51071e-01
   3.52202    6.65507    8.92660     1.47049e-01
   3.54656    6.67679    8.94138     1.45364e-01
   3.57111    6.67059    8.94359     1.42782e-01
   3.59565    6.70206    8.99315     1.39691e-01
   3.62019    6.70837    9.01565     1.36939e-01
   3.64474    6.74205    9.04718     1.34706e-01
   3.66928    6.73281    9.07718     1.31561e-01
   3.69383    6.75206    9.09720     1.29348e-01
   3.71837    6.75834    9.10785     1.27287e-01
   3.74291    6.81034    9.17685     1.24519e-01
   3.76746    6.79741    9.16945     1.22947e-01
   3.79200    6.81911    9.22314     1.19787e-01
   3.81654    6.81159    9.21695     1.18817e-01
   3.84109    6.82729    9.26246     1.15653e-01
   3.86563    6.83279    9.26175     1.14231e-01
   3.89018    6.85621    9.29932     1.12133e-01
   3.91472    6.85727    9.30984     1.10467e-01
   3.93926    6.87477    9.36206     1.07920e-01
   3.96381    6.90379    9.39434     1.05912e-01
   3.98835    6.90128    9.40175     1.04393e-01
   4.01289    6.92673    9.43990     1.02554e-01
   4.03744    6.95521    9.48392     1.00449e-01
   4.06198    6.94398    9.48409     9.86947e-02
   4.08652    6.95440    9.52559     9.63178e-02
   4.11107    6.99578    9.56833     9.53664e-02
   4.13561    7.01867    9.60020     9.33489e-02
   4.16016    7.00872    9.61604     9.17782e-02
   4.18470    7.03378    9.63995     9.03540e-02
   4.20924    7.01623    9.64619     8.87603e-02
   4.23379    7.01222    9.66265     8.70585e-02
   4.25833    7.05805    9.70474     8.56818e-02
   4.28287    7.08396    9.75665     8.39596e-02
   4.30742    7.07389    9.75650     8.25257e-02
   4.33196    7.07910    9.76877     8.13655e-02
   4.35651    7.08272    9.78962     7.98637e-02
   4.38105    7.10235    9.82753     7.82875e-02
   4.40559    7.11725    9.84810     7.70416e-02
   4.43014    7.14327    9.89865     7.54773e-02
   4.45468    7.15308    9.90430     7.44015e-02
   4.47922    7.15215    9.92282     7.33178e-02
   4.50377    7.15259    9.93476     7.21741e-02
   4.52831    7.15708    9.96525     7.07466e-02
   4.55285    7.18241    9.99645     6.96638e-02
   4.57740    7.20214   10.02961     6.84448e-02
   4.60194    7.21114   10.04450     6.75357e-02
   4.62649    7.22722   10.08991     6.60675e-02
   4.65103    7.23054   10.11944     6.46468e-02
   4.67557    7.24415   10.13786     6.38005e-02
   4.70012    7.25634   10.14846     6.29852e-02
   4.72466    7.24860   10.16985     6.15646e-02
   4.74920    7.26455   10.19522     6.06652e-02
   4.77375    7.27407   10.21426     5.97414e-02
   4.79829    7.29758   10.25249     5.88055e-02
   4.82284    7.29551   10.27495     5.76551e-02
   4.84738    7.31402   10.30508     5.69336e-02
   4.87192    7.30047   10.30682     5.59648e-02
   4.89647    7.31819   10.34136     5.48478e-02
   4.92101    7.34551   10.37294     5.40173e-02
   4.94555    7.33200   10.37841     5.32101e-02
   4.97010    7.35678   10.42081     5.21868e-02
   4.99464    7.36967   10.43993     5.14902e-02
   5.01919    7.37093   10.45679     5.06192e-02
   5.04373    7.38713   10.49882     4.96272e-02
   5.06827    7.39612   10.49848     4.90200e-02
   5.09282    7.40050   10.53120     4.81574e-02
   5.11736    7.39906   10.53708     4.74776e-02
   5.14190    7.40830   10.58396     4.64233e-02
   5.16645    7.41814   10.59298     4.59001e-02
   5.19099    7.41749   10.61009     4.51250e-02
   5.21553    7.43540   10.63067     4.45233e-02
   5.24008    7.44875   10.66416     4.37833e-02
   5.26462    7.45820   10.68152     4.30690e-02
   5.28917    7.46193   10.71849     4.23644e-02
   5.31371    7.46467   10.73716     4.17709e-02
   5.33825    7.47924   10.76024     4.10710e-02
   5.36280    7.48330   10.77912     4.04904e-02
   5.38734    7.49950   10.79848     3.99413e-02
   5.41188    7.51081   10.83459     3.92214e-02
   5.43643    7.51623   10.84944     3.87237e-02
   5.46097    7.52249   10.87632     3.80530e-02
   5.48552    7.52032   10.89925     3.73164e-02
   5.51006    7.51506   10.90386     3.69259e-02
   5.53460    7.54966   10.94912     3.64645e-02
   5.55915    7.55310   10.96711     3.59095e-02
   5.58369    7.54646   10.97788     3.52489e-02
   5.60823    7.55657   10.99685     3.47215e-02
   5.63278    7.57518   11.02812     3.43305e-02
   5.65732    7.58824   11.06372     3.37461e-02
   5.68186    7.58279   11.07668     3.32620e-02
   5.70641    7.59393   11.10207     3.27872e-02
   5.73095    7.59344   11.11397     3.22332e-02
   5.75550    7.60246   11.13486     3.18770e-02
   5.78004    7.59030   11.15612     3.13295e-02
   5.80458    7.60519   11.17651     3.09665e-02
   5.82913    7.61419   11.17446     3.07016e-02
   5.85367    7.63612   11.23643     3.00643e-02
   5.87821    7.64693   11.23745     2.98162e-02
   5.90276    7.63884   11.26106     2.93839e-02
   5.92730    7.66851   11.30446     2.89171e-02
   5.95185    7.67286   11.31615     2.85905e-02
   5.97639    7.66366   11.31440     2.81993e-02
   6.00093    7.66718   11.34326     2.78554e-02
   6.02548    7.67402   11.35104     2.75727e-02
   6.05002    7.67769   11.36632     2.72005e-02
   6.07456    7.68230   11.37416     2.69148e-02
   6.09911    7.68972   11.40775     2.65102e-02
   6.12365    7.71130   11.43314     2.61965e-02
   6.14819    7.70356   11.43649     2.59932e-02
   6.17274    7.71676   11.46762     2.56181e-02
   6.19728    7.70917   11.47386     2.53406e-02
   6.22183    7.72439   11.50491     2.49550e-02
   6.24637    7.72028   11.50199     2.47447e-02
   6.27091    7.72411   11.53547     2.44096e-02
