# Bin-low, Bin-High, Halo Mass, Number 
# bs=256.000, log10binwidth=0.20
9.000000e+00 9.200000e+00 1.451435e+09 4.033553e+06
9.200000e+00 9.400000e+00 1.987286e+09 7.792787e+06
9.400000e+00 9.600000e+00 3.148149e+09 4.791765e+06
9.600000e+00 9.800000e+00 4.960892e+09 2.952151e+06
9.800000e+00 1.000000e+01 7.842789e+09 1.751601e+06
1.000000e+01 1.020000e+01 1.241783e+10 1.004673e+06
1.020000e+01 1.040000e+01 1.966786e+10 5.739770e+05
1.040000e+01 1.060000e+01 3.117836e+10 3.209080e+05
1.060000e+01 1.080000e+01 4.941975e+10 1.731590e+05
1.080000e+01 1.100000e+01 7.809186e+10 9.235900e+04
1.100000e+01 1.120000e+01 1.235869e+11 4.732800e+04
1.120000e+01 1.140000e+01 1.959076e+11 2.325300e+04
1.140000e+01 1.160000e+01 3.094017e+11 1.076300e+04
1.160000e+01 1.180000e+01 4.880989e+11 4.615000e+03
1.180000e+01 1.200000e+01 7.728226e+11 1.879000e+03
1.200000e+01 1.220000e+01 1.204596e+12 6.600000e+02
1.220000e+01 1.240000e+01 1.906745e+12 2.160000e+02
1.240000e+01 1.260000e+01 3.018450e+12 5.300000e+01
1.260000e+01 1.280000e+01 4.710515e+12 1.900000e+01
1.280000e+01 1.300000e+01 7.564148e+12 7.000000e+00
1.300000e+01 1.320000e+01 nan 0.000000e+00
1.320000e+01 1.340000e+01 nan 0.000000e+00
1.340000e+01 1.360000e+01 nan 0.000000e+00
1.360000e+01 1.380000e+01 nan 0.000000e+00
