# Bin Low, Bin high, Magnitude, Number
# bs=256.000, binwidth=0.47
-2.800000e+01 -2.753061e+01 nan 0.000000e+00
-2.753061e+01 -2.706122e+01 nan 0.000000e+00
-2.706122e+01 -2.659184e+01 nan 0.000000e+00
-2.659184e+01 -2.612245e+01 nan 0.000000e+00
-2.612245e+01 -2.565306e+01 nan 0.000000e+00
-2.565306e+01 -2.518367e+01 nan 0.000000e+00
-2.518367e+01 -2.471429e+01 nan 0.000000e+00
-2.471429e+01 -2.424490e+01 nan 0.000000e+00
-2.424490e+01 -2.377551e+01 nan 0.000000e+00
-2.377551e+01 -2.330612e+01 nan 0.000000e+00
-2.330612e+01 -2.283673e+01 nan 0.000000e+00
-2.283673e+01 -2.236735e+01 nan 0.000000e+00
-2.236735e+01 -2.189796e+01 nan 0.000000e+00
-2.189796e+01 -2.142857e+01 -2.159968e+01 2.000000e+00
-2.142857e+01 -2.095918e+01 nan 0.000000e+00
-2.095918e+01 -2.048980e+01 -2.071724e+01 8.000000e+00
-2.048980e+01 -2.002041e+01 -2.021886e+01 2.800000e+01
-2.002041e+01 -1.955102e+01 -1.978029e+01 4.100000e+01
-1.955102e+01 -1.908163e+01 -1.929511e+01 9.800000e+01
-1.908163e+01 -1.861224e+01 -1.882803e+01 1.540000e+02
-1.861224e+01 -1.814286e+01 -1.834212e+01 2.290000e+02
-1.814286e+01 -1.767347e+01 -1.788841e+01 4.030000e+02
-1.767347e+01 -1.720408e+01 -1.741643e+01 6.690000e+02
-1.720408e+01 -1.673469e+01 -1.695202e+01 1.119000e+03
-1.673469e+01 -1.626531e+01 -1.647986e+01 1.744000e+03
-1.626531e+01 -1.579592e+01 -1.601830e+01 2.695000e+03
-1.579592e+01 -1.532653e+01 -1.554260e+01 4.313000e+03
-1.532653e+01 -1.485714e+01 -1.507614e+01 6.429000e+03
-1.485714e+01 -1.438776e+01 -1.460535e+01 9.941000e+03
-1.438776e+01 -1.391837e+01 -1.413831e+01 1.430600e+04
-1.391837e+01 -1.344898e+01 -1.367092e+01 2.017300e+04
-1.344898e+01 -1.297959e+01 -1.320393e+01 2.660200e+04
-1.297959e+01 -1.251020e+01 -1.273901e+01 3.204000e+04
-1.251020e+01 -1.204082e+01 -1.227422e+01 3.503900e+04
-1.204082e+01 -1.157143e+01 -1.181021e+01 3.393900e+04
-1.157143e+01 -1.110204e+01 -1.134456e+01 2.951700e+04
-1.110204e+01 -1.063265e+01 -1.087715e+01 2.376300e+04
-1.063265e+01 -1.016327e+01 -1.040678e+01 1.831900e+04
-1.016327e+01 -9.693878e+00 -9.936069e+00 1.509100e+04
-9.693878e+00 -9.224490e+00 -9.463339e+00 1.261700e+04
-9.224490e+00 -8.755102e+00 -8.998683e+00 1.045100e+04
-8.755102e+00 -8.285714e+00 -8.534390e+00 7.489000e+03
-8.285714e+00 -7.816327e+00 -8.070519e+00 4.713000e+03
-7.816327e+00 -7.346939e+00 -7.610143e+00 2.513000e+03
-7.346939e+00 -6.877551e+00 -7.142688e+00 1.099000e+03
-6.877551e+00 -6.408163e+00 -6.673280e+00 3.860000e+02
-6.408163e+00 -5.938776e+00 -6.197477e+00 1.150000e+02
-5.938776e+00 -5.469388e+00 -5.731986e+00 3.300000e+01
-5.469388e+00 -5.000000e+00 -5.323329e+00 8.000000e+00
