# Bin-low, Bin-High, Stellar Mass, Number, Stellar Mass Halo, Number Halo 
# bsh=378.139, log10binwidth=0.20
8.000000e+00 8.200000e+00 1.248812e+08 7.865800e+04 1.248896e+08 7.828000e+04
8.200000e+00 8.400000e+00 1.981075e+08 5.145600e+04 1.981149e+08 5.128700e+04
8.400000e+00 8.600000e+00 3.137014e+08 3.352100e+04 3.137155e+08 3.344200e+04
8.600000e+00 8.800000e+00 4.959704e+08 2.143800e+04 4.959803e+08 2.139500e+04
8.800000e+00 9.000000e+00 7.863820e+08 1.410400e+04 7.863626e+08 1.408500e+04
9.000000e+00 9.200000e+00 1.245117e+09 8.706000e+03 1.245056e+09 8.694000e+03
9.200000e+00 9.400000e+00 1.973033e+09 5.043000e+03 1.973145e+09 5.032000e+03
9.400000e+00 9.600000e+00 3.124604e+09 2.998000e+03 3.124702e+09 2.996000e+03
9.600000e+00 9.800000e+00 4.954073e+09 1.755000e+03 4.954073e+09 1.755000e+03
9.800000e+00 1.000000e+01 7.829520e+09 9.180000e+02 7.829520e+09 9.180000e+02
1.000000e+01 1.020000e+01 1.220644e+10 4.550000e+02 1.220644e+10 4.550000e+02
1.020000e+01 1.040000e+01 1.952852e+10 2.270000e+02 1.952852e+10 2.270000e+02
1.040000e+01 1.060000e+01 3.051564e+10 9.200000e+01 3.051564e+10 9.200000e+01
1.060000e+01 1.080000e+01 4.787695e+10 3.900000e+01 4.787695e+10 3.900000e+01
1.080000e+01 1.100000e+01 7.570373e+10 1.300000e+01 7.570373e+10 1.300000e+01
1.100000e+01 1.120000e+01 nan 0.000000e+00 nan 0.000000e+00
1.120000e+01 1.140000e+01 nan 0.000000e+00 nan 0.000000e+00
1.140000e+01 1.160000e+01 nan 0.000000e+00 nan 0.000000e+00
1.160000e+01 1.180000e+01 nan 0.000000e+00 nan 0.000000e+00
