# Subtracting SN=    2.71366e+01.
#        k         Pk_0_HI
   0.03471     1.23687e+04
   0.04533     9.56469e+03
   0.05750     7.26255e+03
   0.07243     6.48491e+03
   0.08030     5.12162e+03
   0.09129     3.94732e+03
   0.10670     3.30894e+03
   0.11962     3.11672e+03
   0.12974     2.91229e+03
   0.14416     2.18535e+03
   0.15607     2.03677e+03
   0.16886     1.78241e+03
   0.18066     1.54354e+03
   0.19462     1.41846e+03
   0.20682     1.30270e+03
   0.21908     1.20377e+03
   0.23113     1.15055e+03
   0.24367     1.03665e+03
   0.25601     8.84314e+02
   0.26906     8.41392e+02
   0.28135     8.26398e+02
   0.29458     7.08991e+02
   0.30676     7.05892e+02
   0.31943     6.65395e+02
   0.33214     6.58038e+02
   0.34474     5.81469e+02
   0.35626     5.21125e+02
   0.36909     5.05008e+02
   0.38137     4.76309e+02
   0.39368     4.73013e+02
   0.40596     4.37788e+02
   0.41935     4.31254e+02
   0.43138     3.77152e+02
   0.44349     3.66163e+02
   0.45625     3.40711e+02
   0.46966     3.45059e+02
   0.48162     3.34362e+02
   0.49397     3.18659e+02
   0.50656     2.98116e+02
   0.51863     3.00657e+02
   0.53044     2.76656e+02
   0.54375     2.72397e+02
   0.55676     2.54906e+02
   0.56902     2.49403e+02
   0.58090     2.37509e+02
   0.59394     2.33002e+02
   0.60659     2.17548e+02
   0.61858     2.13444e+02
   0.63073     2.12842e+02
   0.64386     1.97761e+02
   0.65636     1.96395e+02
   0.66869     1.91592e+02
   0.68131     1.80550e+02
   0.69392     1.84288e+02
   0.70632     1.75455e+02
   0.71842     1.63166e+02
   0.73133     1.61639e+02
   0.74383     1.56584e+02
   0.75642     1.53465e+02
   0.76892     1.45080e+02
   0.78169     1.47220e+02
   0.79408     1.39605e+02
   0.80610     1.35027e+02
   0.81834     1.30806e+02
   0.83113     1.29677e+02
   0.84356     1.23274e+02
   0.85621     1.18918e+02
   0.86876     1.19433e+02
   0.88154     1.15505e+02
   0.89355     1.14298e+02
   0.90634     1.08763e+02
   0.91886     1.08103e+02
   0.93130     1.04174e+02
   0.94392     1.02771e+02
   0.95621     9.96916e+01
   0.96854     9.62848e+01
   0.98126     9.66879e+01
   0.99357     9.15109e+01
   1.00643     9.03528e+01
   1.01870     9.03062e+01
   1.03126     8.82760e+01
   1.04402     8.66036e+01
   1.05654     8.45307e+01
   1.06869     8.39139e+01
   1.08129     7.55984e+01
   1.09371     7.48035e+01
   1.10646     7.36417e+01
   1.11883     7.47845e+01
   1.13137     7.22738e+01
   1.14381     6.99630e+01
   1.15611     6.95769e+01
   1.16847     6.72524e+01
   1.18123     6.63905e+01
   1.19379     6.37003e+01
   1.20615     6.16645e+01
   1.21876     6.00755e+01
   1.23169     5.86078e+01
   1.24362     5.74368e+01
   1.25596     5.70780e+01
   1.26862     5.60415e+01
   1.28125     5.37845e+01
   1.29378     5.41870e+01
   1.30632     5.17126e+01
   1.31873     5.03433e+01
   1.33129     5.05951e+01
   1.34365     5.01703e+01
   1.35617     4.83043e+01
   1.36877     4.72194e+01
   1.38124     4.66156e+01
   1.39384     4.40539e+01
   1.40620     4.45881e+01
   1.41870     4.38998e+01
   1.43133     4.23208e+01
   1.44395     4.14007e+01
   1.45629     4.05325e+01
   1.46888     3.87283e+01
   1.48123     3.83239e+01
   1.49385     3.66359e+01
   1.50637     3.81500e+01
   1.51879     3.59340e+01
   1.53118     3.46765e+01
   1.54377     3.49282e+01
   1.55620     3.47110e+01
   1.56872     3.31170e+01
   1.58120     3.14367e+01
   1.59371     3.17798e+01
   1.60599     3.07145e+01
   1.61865     3.07518e+01
   1.63133     2.95918e+01
   1.64389     2.81442e+01
   1.65620     2.84258e+01
   1.66875     2.76683e+01
   1.68124     2.68833e+01
   1.69373     2.63234e+01
   1.70613     2.62750e+01
   1.71876     2.57220e+01
   1.73122     2.51146e+01
   1.74388     2.34940e+01
   1.75630     2.31367e+01
   1.76889     2.29319e+01
   1.78135     2.19211e+01
   1.79367     2.15236e+01
   1.80623     2.16667e+01
   1.81883     2.07204e+01
   1.83105     2.08255e+01
   1.84372     1.94422e+01
   1.85626     1.95766e+01
   1.86877     1.93099e+01
   1.88126     1.92749e+01
   1.89376     1.90130e+01
   1.90612     1.81700e+01
   1.91872     1.79688e+01
   1.93133     1.71201e+01
   1.94390     1.63921e+01
   1.95627     1.59423e+01
   1.96884     1.60814e+01
   1.98128     1.54651e+01
   1.99360     1.47534e+01
   2.00601     1.43102e+01
   2.01865     1.40333e+01
   2.03129     1.43346e+01
   2.04372     1.33967e+01
   2.05627     1.29362e+01
   2.06890     1.29087e+01
   2.08129     1.27035e+01
   2.09355     1.16079e+01
   2.10609     1.14035e+01
   2.11865     1.13407e+01
   2.13110     1.08840e+01
   2.14358     1.09141e+01
   2.15632     1.03015e+01
   2.16888     9.79499e+00
   2.18136     9.59794e+00
   2.19375     9.77903e+00
   2.20648     9.64334e+00
   2.21891     8.79222e+00
   2.23127     8.43239e+00
   2.24362     7.94596e+00
   2.25610     7.75189e+00
   2.26860     7.33732e+00
   2.28134     7.72724e+00
   2.29396     7.36272e+00
   2.30651     6.46885e+00
   2.31883     6.62778e+00
   2.33131     6.42180e+00
   2.34379     5.94381e+00
   2.35620     5.64757e+00
   2.36856     5.86020e+00
   2.38127     5.39777e+00
   2.39387     4.72292e+00
   2.40629     4.47222e+00
   2.41869     4.20304e+00
   2.43124     4.44845e+00
   2.44369     4.06709e+00
   2.45637     3.87073e+00
   2.46879     3.95837e+00
   2.48121     2.97573e+00
   2.49370     3.24827e+00
   2.50623     2.66992e+00
   2.51865     2.68289e+00
   2.53107     2.54831e+00
   2.54368     2.62906e+00
   2.55639     2.12319e+00
   2.56875     1.78815e+00
   2.58134     1.88638e+00
   2.59382     1.37246e+00
   2.60628     1.21657e+00
   2.61873     8.98313e-01
   2.63125     6.92112e-01
   2.64375     8.68818e-01
   2.65626     6.08222e-01
   2.66870     2.99740e-01
   2.68122     2.49759e-01
   2.69374     4.44768e-03
   2.70638    -1.73432e-01
   2.71888    -4.71928e-01
   2.73125    -5.74926e-01
   2.74389    -7.67581e-01
   2.75628    -8.33186e-01
   2.76868    -1.20591e+00
   2.78115    -1.08864e+00
   2.79379    -1.43063e+00
   2.80639    -1.53399e+00
   2.81871    -1.36575e+00
   2.83124    -1.80754e+00
   2.84389    -2.10272e+00
   2.85622    -2.06599e+00
   2.86878    -2.23001e+00
   2.88116    -2.48604e+00
   2.89358    -2.67439e+00
   2.90611    -2.71990e+00
   2.91881    -2.88714e+00
   2.93135    -3.19332e+00
   2.94381    -3.23794e+00
   2.95620    -3.38039e+00
   2.96870    -3.38767e+00
   2.98120    -3.53189e+00
   2.99376    -3.57124e+00
   3.00626    -3.96481e+00
   3.01885    -3.91195e+00
   3.03130    -4.15518e+00
   3.04377    -4.14861e+00
   3.05623    -4.26789e+00
   3.06869    -4.44645e+00
   3.08114    -4.60778e+00
   3.09378    -4.63165e+00
   3.10624    -4.86189e+00
   3.11878    -5.06519e+00
   3.13134    -5.27500e+00
   3.14383    -5.17201e+00
   3.15628    -5.44961e+00
   3.16884    -5.39993e+00
   3.18136    -5.69176e+00
   3.19383    -5.90108e+00
   3.20620    -6.02761e+00
   3.21875    -6.05767e+00
   3.23127    -6.06042e+00
   3.24385    -6.27810e+00
   3.25632    -6.26224e+00
   3.26882    -6.39097e+00
   3.28133    -6.58298e+00
   3.29378    -6.65353e+00
   3.30621    -6.86153e+00
   3.31875    -6.96153e+00
   3.33129    -6.98340e+00
   3.34376    -7.07633e+00
   3.35620    -7.17574e+00
   3.36875    -7.30594e+00
   3.38131    -7.45980e+00
   3.39380    -7.58197e+00
   3.40627    -7.52877e+00
   3.41876    -7.69101e+00
   3.43124    -7.81915e+00
   3.44372    -7.93153e+00
   3.45640    -8.04789e+00
   3.46891    -8.25806e+00
   3.48134    -8.23167e+00
   3.49375    -8.44930e+00
   3.50630    -8.47030e+00
   3.51882    -8.56232e+00
   3.53127    -8.76945e+00
   3.54369    -8.73644e+00
   3.55628    -8.90877e+00
   3.56869    -8.78080e+00
   3.58119    -8.98863e+00
   3.59375    -9.14508e+00
   3.60629    -9.31393e+00
   3.61878    -9.23599e+00
   3.63126    -9.46844e+00
   3.64371    -9.45009e+00
   3.65630    -9.61665e+00
   3.66876    -9.66185e+00
   3.68123    -9.77291e+00
   3.69375    -9.85807e+00
   3.70626    -9.80385e+00
   3.71877    -9.94264e+00
   3.73139    -1.02459e+01
   3.74372    -1.02644e+01
   3.75625    -1.02277e+01
   3.76880    -1.02769e+01
   3.78124    -1.05330e+01
   3.79373    -1.05176e+01
   3.80635    -1.05598e+01
   3.81877    -1.06412e+01
   3.83124    -1.08377e+01
   3.84376    -1.08645e+01
   3.85635    -1.10138e+01
   3.86882    -1.10710e+01
   3.88122    -1.10374e+01
   3.89365    -1.12908e+01
   3.90632    -1.12571e+01
   3.91889    -1.13844e+01
   3.93133    -1.14012e+01
   3.94373    -1.15955e+01
   3.95623    -1.14954e+01
   3.96866    -1.15553e+01
   3.98123    -1.16567e+01
   3.99373    -1.18115e+01
   4.00625    -1.18683e+01
   4.01870    -1.20414e+01
   4.03118    -1.19372e+01
   4.04374    -1.20973e+01
   4.05624    -1.21711e+01
   4.06881    -1.21856e+01
   4.08134    -1.23412e+01
   4.09380    -1.23684e+01
   4.10620    -1.24950e+01
   4.11874    -1.25932e+01
   4.13120    -1.26032e+01
   4.14377    -1.27514e+01
   4.15631    -1.28081e+01
   4.16881    -1.28224e+01
   4.18137    -1.29052e+01
   4.19383    -1.29804e+01
   4.20619    -1.31020e+01
   4.21870    -1.30835e+01
   4.23112    -1.32581e+01
   4.24368    -1.33128e+01
   4.25627    -1.34046e+01
   4.26880    -1.33442e+01
   4.28128    -1.34465e+01
   4.29387    -1.35358e+01
   4.30632    -1.35983e+01
   4.31885    -1.36474e+01
   4.33130    -1.37507e+01
   4.34381    -1.37463e+01
   4.35632    -1.38542e+01
   4.36880    -1.39201e+01
   4.38125    -1.39979e+01
   4.39378    -1.40756e+01
   4.40625    -1.40346e+01
   4.41877    -1.41701e+01
   4.43122    -1.42720e+01
   4.44377    -1.43408e+01
   4.45625    -1.43971e+01
   4.46877    -1.44763e+01
   4.48129    -1.45422e+01
   4.49376    -1.45278e+01
   4.50616    -1.46145e+01
   4.51874    -1.46698e+01
   4.53127    -1.47730e+01
   4.54376    -1.47776e+01
   4.55621    -1.48264e+01
   4.56875    -1.49096e+01
   4.58125    -1.50026e+01
   4.59379    -1.49700e+01
   4.60625    -1.50553e+01
   4.61876    -1.51156e+01
   4.63127    -1.51999e+01
   4.64379    -1.52614e+01
   4.65623    -1.52279e+01
   4.66878    -1.53487e+01
   4.68132    -1.54018e+01
   4.69382    -1.55120e+01
   4.70628    -1.56012e+01
   4.71875    -1.55647e+01
   4.73126    -1.55860e+01
   4.74373    -1.57022e+01
   4.75631    -1.56702e+01
   4.76881    -1.58640e+01
   4.78124    -1.59057e+01
   4.79372    -1.59042e+01
   4.80627    -1.59916e+01
   4.81874    -1.60430e+01
   4.83126    -1.61050e+01
   4.84373    -1.61325e+01
   4.85623    -1.61955e+01
   4.86871    -1.62299e+01
   4.88131    -1.62744e+01
   4.89379    -1.63284e+01
   4.90628    -1.63590e+01
   4.91878    -1.64208e+01
   4.93134    -1.64935e+01
   4.94382    -1.65519e+01
   4.95620    -1.66438e+01
   4.96868    -1.66403e+01
   4.98126    -1.67114e+01
   4.99376    -1.66892e+01
   5.00628    -1.67642e+01
   5.01875    -1.68398e+01
   5.03130    -1.68920e+01
   5.04371    -1.68908e+01
   5.05622    -1.69647e+01
   5.06881    -1.69910e+01
   5.08135    -1.70953e+01
   5.09373    -1.71151e+01
   5.10623    -1.71743e+01
   5.11881    -1.72313e+01
   5.13131    -1.72716e+01
   5.14374    -1.73041e+01
   5.15625    -1.73133e+01
   5.16877    -1.73344e+01
   5.18129    -1.74686e+01
   5.19371    -1.75114e+01
   5.20625    -1.75033e+01
   5.21875    -1.75650e+01
   5.23123    -1.76095e+01
   5.24379    -1.76725e+01
   5.25634    -1.77563e+01
   5.26874    -1.77852e+01
   5.28131    -1.78158e+01
   5.29381    -1.78349e+01
   5.30624    -1.78986e+01
   5.31872    -1.79428e+01
   5.33129    -1.79770e+01
   5.34379    -1.80474e+01
   5.35625    -1.80696e+01
   5.36870    -1.81101e+01
   5.38124    -1.81318e+01
   5.39374    -1.81992e+01
   5.40623    -1.82567e+01
   5.41876    -1.82759e+01
   5.43126    -1.82983e+01
   5.44380    -1.83266e+01
   5.45628    -1.83516e+01
   5.46874    -1.84584e+01
   5.48120    -1.84275e+01
   5.49374    -1.84557e+01
   5.50624    -1.85744e+01
   5.51876    -1.86034e+01
   5.53124    -1.86592e+01
   5.54372    -1.86442e+01
   5.55619    -1.86764e+01
   5.56876    -1.87570e+01
   5.58121    -1.87795e+01
   5.59376    -1.88203e+01
   5.60632    -1.88581e+01
   5.61877    -1.88759e+01
   5.63124    -1.89405e+01
   5.64374    -1.89591e+01
   5.65626    -1.90028e+01
   5.66881    -1.90573e+01
   5.68122    -1.90593e+01
   5.69378    -1.90974e+01
   5.70630    -1.91165e+01
   5.71878    -1.91868e+01
   5.73124    -1.92095e+01
   5.74378    -1.92642e+01
   5.75626    -1.92831e+01
   5.76874    -1.93077e+01
   5.78126    -1.93186e+01
   5.79374    -1.93299e+01
   5.80619    -1.93983e+01
   5.81877    -1.94518e+01
   5.83124    -1.94867e+01
   5.84375    -1.94978e+01
   5.85626    -1.95380e+01
   5.86877    -1.95535e+01
   5.88125    -1.95979e+01
   5.89380    -1.96006e+01
   5.90629    -1.96255e+01
   5.91878    -1.96550e+01
   5.93125    -1.97322e+01
   5.94374    -1.97304e+01
   5.95623    -1.97852e+01
   5.96873    -1.97845e+01
   5.98119    -1.98336e+01
   5.99368    -1.98745e+01
   6.00617    -1.99136e+01
   6.01869    -1.99086e+01
   6.03121    -1.99627e+01
   6.04379    -1.99606e+01
   6.05632    -1.99970e+01
   6.06875    -1.99956e+01
   6.08125    -2.00656e+01
   6.09380    -2.00618e+01
   6.10622    -2.01205e+01
   6.11866    -2.01467e+01
   6.13125    -2.01430e+01
   6.14376    -2.01635e+01
   6.15627    -2.02216e+01
   6.16872    -2.02330e+01
   6.18128    -2.02672e+01
   6.19379    -2.02739e+01
   6.20622    -2.03023e+01
   6.21867    -2.03376e+01
   6.23124    -2.03795e+01
   6.24376    -2.03851e+01
   6.25623    -2.04085e+01
   6.26873    -2.04111e+01
   6.28132    -2.04804e+01
