# Redshift space power spectrum in mu bins.
# Subtracting SN=    4.26984e+01.
#     k\mu         0.12500         0.37500         0.62500         0.87500
   0.03682     1.05922e+04             nan     1.31203e+04     2.45245e+04
   0.06136     5.37825e+03     6.77423e+03     9.62766e+03     1.13730e+04
   0.08590     3.64664e+03     4.23780e+03     5.30600e+03     6.44677e+03
   0.11045     2.73547e+03     3.07071e+03     3.81393e+03     4.60420e+03
   0.13499     2.34376e+03     2.00950e+03     2.71196e+03     4.50582e+03
   0.15953     1.39139e+03     1.84230e+03     2.13069e+03     2.96321e+03
   0.18408     1.27002e+03     1.23658e+03     1.74596e+03     2.10083e+03
   0.20862     9.87699e+02     1.14354e+03     1.62207e+03     1.80577e+03
   0.23317     8.69746e+02     1.01063e+03     1.16821e+03     1.75498e+03
   0.25771     6.88764e+02     8.00342e+02     1.08543e+03     1.30418e+03
   0.28225     6.82972e+02     6.63616e+02     8.76461e+02     1.08976e+03
   0.30680     5.18245e+02     6.02158e+02     7.40466e+02     1.09573e+03
   0.33134     4.78535e+02     5.87385e+02     6.67747e+02     1.03546e+03
   0.35588     4.24727e+02     4.90264e+02     5.42662e+02     7.93818e+02
   0.38043     3.46873e+02     3.88903e+02     5.06934e+02     7.09696e+02
   0.40497     3.45318e+02     3.93349e+02     4.82140e+02     7.18148e+02
   0.42951     3.03478e+02     3.57073e+02     4.07052e+02     5.84684e+02
   0.45406     2.66759e+02     3.02050e+02     3.66574e+02     5.03562e+02
   0.47860     2.28546e+02     2.65610e+02     3.69404e+02     5.37766e+02
   0.50315     2.22267e+02     2.56710e+02     3.08346e+02     4.74936e+02
   0.52769     2.16809e+02     2.20167e+02     3.05491e+02     4.31955e+02
   0.55223     1.81056e+02     2.19872e+02     2.99530e+02     3.64930e+02
   0.57678     1.89857e+02     1.95812e+02     2.43862e+02     3.35745e+02
   0.60132     1.63697e+02     1.98126e+02     2.31817e+02     3.29170e+02
   0.62586     1.56092e+02     1.73049e+02     2.26405e+02     3.10807e+02
   0.65041     1.42522e+02     1.61044e+02     1.97562e+02     2.83831e+02
   0.67495     1.19096e+02     1.46650e+02     1.92008e+02     2.67975e+02
   0.69950     1.17928e+02     1.45110e+02     1.89238e+02     2.60885e+02
   0.72404     1.15786e+02     1.29380e+02     1.62950e+02     2.32484e+02
   0.74858     1.06888e+02     1.15983e+02     1.51092e+02     2.20094e+02
   0.77313     1.04603e+02     1.13112e+02     1.51355e+02     2.06515e+02
   0.79767     9.86244e+01     1.10201e+02     1.25923e+02     1.99320e+02
   0.82221     9.20116e+01     9.70460e+01     1.26858e+02     1.81159e+02
   0.84676     7.89450e+01     9.50020e+01     1.15919e+02     1.66014e+02
   0.87130     7.59672e+01     8.87362e+01     1.10180e+02     1.51935e+02
   0.89584     7.26458e+01     8.57868e+01     1.04805e+02     1.47076e+02
   0.92039     6.90414e+01     7.96181e+01     9.81023e+01     1.46179e+02
   0.94493     6.35110e+01     7.53285e+01     9.28934e+01     1.42832e+02
   0.96948     6.23193e+01     6.83497e+01     8.64130e+01     1.34037e+02
   0.99402     6.25408e+01     6.72664e+01     8.65199e+01     1.16439e+02
   1.01856     5.64697e+01     6.57479e+01     8.10333e+01     1.13355e+02
   1.04311     5.58823e+01     6.27553e+01     7.27152e+01     1.09157e+02
   1.06765     5.18860e+01     5.77230e+01     7.50722e+01     1.02791e+02
   1.09219     4.85612e+01     5.57906e+01     6.63787e+01     9.68933e+01
   1.11674     4.94014e+01     5.19414e+01     6.29984e+01     9.16156e+01
   1.14128     4.54538e+01     4.92571e+01     5.74135e+01     8.83203e+01
   1.16583     4.59567e+01     4.34909e+01     5.66183e+01     8.20684e+01
   1.19037     3.80968e+01     4.32495e+01     5.42389e+01     7.83376e+01
   1.21491     3.69773e+01     3.90021e+01     4.90451e+01     7.58143e+01
   1.23946     3.74075e+01     3.73257e+01     4.50998e+01     6.58418e+01
   1.26400     3.41229e+01     3.61109e+01     4.46350e+01     6.57302e+01
   1.28854     3.10901e+01     3.61030e+01     4.34442e+01     6.41359e+01
   1.31309     2.90062e+01     3.10265e+01     3.95048e+01     5.85858e+01
   1.33763     2.96905e+01     2.90968e+01     3.76115e+01     5.61874e+01
   1.36217     2.96843e+01     3.01263e+01     3.52597e+01     5.31603e+01
   1.38672     2.73477e+01     2.74066e+01     3.31956e+01     5.05931e+01
   1.41126     2.49631e+01     2.57595e+01     3.23832e+01     4.75519e+01
   1.43581     2.45756e+01     2.44248e+01     3.08537e+01     4.40271e+01
   1.46035     2.15312e+01     2.25497e+01     2.86618e+01     4.17526e+01
   1.48489     2.13797e+01     2.24951e+01     2.70472e+01     3.92074e+01
   1.50944     2.04775e+01     2.00672e+01     2.39698e+01     3.48856e+01
   1.53398     1.93361e+01     1.91376e+01     2.36692e+01     3.42044e+01
   1.55852     1.87496e+01     1.77053e+01     2.08249e+01     3.44622e+01
   1.58307     1.72989e+01     1.73973e+01     2.06353e+01     3.15545e+01
   1.60761     1.64171e+01     1.59266e+01     1.82778e+01     2.90653e+01
   1.63216     1.48706e+01     1.50765e+01     1.73970e+01     2.96963e+01
   1.65670     1.37304e+01     1.29484e+01     1.56445e+01     2.72792e+01
   1.68124     1.29204e+01     1.26280e+01     1.71329e+01     2.59530e+01
   1.70579     1.28796e+01     1.21179e+01     1.53001e+01     2.34715e+01
   1.73033     1.03804e+01     1.26128e+01     1.44820e+01     2.15807e+01
   1.75487     1.12704e+01     1.05406e+01     1.29063e+01     2.09292e+01
   1.77942     1.02744e+01     8.44415e+00     1.15907e+01     1.84144e+01
   1.80396     8.85054e+00     9.28928e+00     1.21298e+01     1.78386e+01
   1.82851     8.10621e+00     6.91845e+00     8.55691e+00     1.71585e+01
   1.85305     7.83089e+00     6.90907e+00     9.15600e+00     1.68863e+01
   1.87759     8.09246e+00     6.55727e+00     8.99644e+00     1.49730e+01
   1.90214     7.09814e+00     5.45447e+00     7.08197e+00     1.38826e+01
   1.92668     5.71129e+00     4.79271e+00     6.15267e+00     1.35840e+01
   1.95122     5.07253e+00     3.76186e+00     5.99111e+00     1.18654e+01
   1.97577     5.24442e+00     3.64781e+00     5.03762e+00     1.17676e+01
   2.00031     4.40727e+00     3.31589e+00     5.21469e+00     9.32357e+00
   2.02485     4.16635e+00     2.98500e+00     4.00881e+00     8.64298e+00
   2.04940     2.78281e+00     8.99597e-01     2.72723e+00     8.78583e+00
   2.07394     2.64480e+00     9.68737e-01     3.14267e+00     7.06228e+00
   2.09849     1.70945e+00     9.44582e-02     2.62691e+00     6.36458e+00
   2.12303     1.17634e+00     1.45685e-01     1.56122e+00     6.25544e+00
   2.14757     1.32528e+00     4.82046e-01     1.18592e+00     5.94610e+00
   2.17212     7.86921e-01     3.07532e-01     4.51896e-01     5.82095e+00
   2.19666     6.99096e-01     9.11224e-01     7.53876e-02     4.17128e+00
   2.22120     5.64931e-01     1.58535e+00     2.43808e-02     3.13077e+00
   2.24575     1.00658e+00     2.77218e+00     5.47522e-01     2.86773e+00
   2.27029     1.45821e+00     2.98674e+00     1.09600e+00     2.35106e+00
   2.29484     1.88908e+00     3.31030e+00     2.16601e+00     1.64207e+00
   2.31938     2.57939e+00     3.32204e+00     1.25813e+00     1.17650e+00
   2.34392     2.79689e+00     3.70629e+00     3.57375e+00     7.60620e-01
   2.36847     3.71365e+00     4.49288e+00     2.80793e+00     1.73277e-01
   2.39301     3.67411e+00     4.37997e+00     3.83813e+00     6.49921e-02
   2.41755     3.90845e+00     4.87144e+00     3.34356e+00     6.56101e-01
   2.44210     3.87455e+00     6.00309e+00     4.62434e+00     1.51738e+00
   2.46664     5.15310e+00     5.52532e+00     4.73952e+00     1.83655e+00
   2.49118     5.46474e+00     5.83256e+00     5.08567e+00     2.40007e+00
   2.51573     6.22043e+00     6.75039e+00     5.40422e+00     2.58787e+00
   2.54027     5.65478e+00     6.85992e+00     6.10086e+00     3.61911e+00
   2.56482     5.98585e+00     6.80051e+00     5.94919e+00     3.00362e+00
   2.58936     6.65700e+00     7.28260e+00     5.90481e+00     3.82976e+00
   2.61390     7.16789e+00     7.64192e+00     7.06125e+00     4.50912e+00
   2.63845     7.25363e+00     8.30416e+00     6.75041e+00     4.58968e+00
   2.66299     7.05799e+00     8.57546e+00     7.52241e+00     5.42263e+00
   2.68753     7.43061e+00     8.63110e+00     7.81510e+00     5.17031e+00
   2.71208     7.80572e+00     8.98269e+00     8.37017e+00     6.25254e+00
   2.73662     8.54183e+00     9.07294e+00     8.61486e+00     5.62852e+00
   2.76117     8.38175e+00     9.37318e+00     8.68361e+00     6.39932e+00
   2.78571     8.77682e+00     9.50956e+00     9.00008e+00     6.70380e+00
   2.81025     9.63812e+00     1.01516e+01     9.28782e+00     7.46337e+00
   2.83480     9.68028e+00     1.01047e+01     9.33037e+00     7.98965e+00
   2.85934     9.83648e+00     1.04221e+01     9.55719e+00     7.76148e+00
   2.88388     1.00690e+01     1.08562e+01     1.03605e+01     8.30656e+00
   2.90843     1.07002e+01     1.11655e+01     1.04267e+01     8.37729e+00
   2.93297     1.08541e+01     1.15600e+01     1.11193e+01     8.96819e+00
   2.95751     1.09970e+01     1.13712e+01     1.12972e+01     9.01935e+00
   2.98206     1.15395e+01     1.19270e+01     1.11831e+01     9.44290e+00
   3.00660     1.17933e+01     1.23069e+01     1.16260e+01     9.95285e+00
   3.03115     1.15373e+01     1.22952e+01     1.21128e+01     1.03544e+01
   3.05569     1.21747e+01     1.25503e+01     1.18894e+01     1.04763e+01
   3.08023     1.21949e+01     1.23875e+01     1.24793e+01     1.08727e+01
   3.10478     1.23013e+01     1.29767e+01     1.26119e+01     1.10334e+01
   3.12932     1.24711e+01     1.33119e+01     1.27221e+01     1.07327e+01
   3.15386     1.27495e+01     1.36301e+01     1.29921e+01     1.16161e+01
   3.17841     1.32110e+01     1.39331e+01     1.31384e+01     1.21034e+01
   3.20295     1.32824e+01     1.39742e+01     1.34633e+01     1.22122e+01
   3.22750     1.36276e+01     1.40081e+01     1.40062e+01     1.24428e+01
   3.25204     1.39758e+01     1.44886e+01     1.38710e+01     1.27080e+01
   3.27658     1.42666e+01     1.43912e+01     1.43255e+01     1.31586e+01
   3.30113     1.46819e+01     1.47019e+01     1.44422e+01     1.35387e+01
   3.32567     1.46789e+01     1.52701e+01     1.47560e+01     1.36357e+01
   3.35021     1.48325e+01     1.53160e+01     1.46580e+01     1.34969e+01
   3.37476     1.52254e+01     1.56922e+01     1.48115e+01     1.41366e+01
   3.39930     1.52393e+01     1.58777e+01     1.53825e+01     1.43359e+01
   3.42385     1.57066e+01     1.61646e+01     1.57352e+01     1.44823e+01
   3.44839     1.55240e+01     1.63202e+01     1.56782e+01     1.45943e+01
   3.47293     1.59452e+01     1.64640e+01     1.56737e+01     1.50769e+01
   3.49748     1.61844e+01     1.67162e+01     1.58629e+01     1.55348e+01
   3.52202     1.62969e+01     1.66915e+01     1.59062e+01     1.55478e+01
   3.54656     1.66895e+01     1.68928e+01     1.62673e+01     1.58709e+01
   3.57111     1.67730e+01     1.74947e+01     1.63441e+01     1.61154e+01
   3.59565     1.69904e+01     1.74575e+01     1.69826e+01     1.61930e+01
   3.62019     1.74886e+01     1.74798e+01     1.72204e+01     1.65695e+01
   3.64474     1.76214e+01     1.79462e+01     1.72216e+01     1.70126e+01
   3.66928     1.76940e+01     1.82095e+01     1.74481e+01     1.72291e+01
   3.69383     1.78635e+01     1.79189e+01     1.75022e+01     1.72282e+01
   3.71837     1.79868e+01     1.84363e+01     1.78407e+01     1.74840e+01
   3.74291     1.81773e+01     1.87854e+01     1.83565e+01     1.78175e+01
   3.76746     1.84172e+01     1.87812e+01     1.82842e+01     1.80766e+01
   3.79200     1.85611e+01     1.88447e+01     1.87085e+01     1.81388e+01
   3.81654     1.88054e+01     1.93913e+01     1.88264e+01     1.84701e+01
   3.84109     1.90031e+01     1.95282e+01     1.90457e+01     1.86325e+01
   3.86563     1.92668e+01     1.92902e+01     1.92233e+01     1.88260e+01
   3.89018     1.93090e+01     1.96432e+01     1.94191e+01     1.88252e+01
   3.91472     1.95769e+01     1.97687e+01     1.97997e+01     1.91247e+01
   3.93926     1.98478e+01     2.00979e+01     2.00327e+01     1.93473e+01
   3.96381     2.00698e+01     2.04635e+01     1.98540e+01     1.97798e+01
   3.98835     1.99713e+01     2.04117e+01     2.01688e+01     1.98912e+01
   4.01289     2.03094e+01     2.07372e+01     2.03904e+01     2.01186e+01
   4.03744     2.05305e+01     2.06391e+01     2.06248e+01     2.03105e+01
   4.06198     2.07061e+01     2.08956e+01     2.07904e+01     2.02893e+01
   4.08652     2.08071e+01     2.07368e+01     2.09153e+01     2.06063e+01
   4.11107     2.09619e+01     2.12106e+01     2.11961e+01     2.09035e+01
   4.13561     2.13312e+01     2.12129e+01     2.15567e+01     2.08888e+01
   4.16016     2.13659e+01     2.16297e+01     2.17024e+01     2.09973e+01
   4.18470     2.15849e+01     2.17659e+01     2.17392e+01     2.10993e+01
   4.20924     2.18319e+01     2.20089e+01     2.18649e+01     2.15308e+01
   4.23379     2.19360e+01     2.21205e+01     2.21688e+01     2.17219e+01
   4.25833     2.21371e+01     2.21851e+01     2.22556e+01     2.19938e+01
   4.28287     2.22350e+01     2.23246e+01     2.25154e+01     2.20805e+01
   4.30742     2.25563e+01     2.24915e+01     2.26576e+01     2.21812e+01
   4.33196     2.26394e+01     2.25632e+01     2.28315e+01     2.24786e+01
   4.35651     2.28641e+01     2.29580e+01     2.30119e+01     2.26715e+01
   4.38105     2.30565e+01     2.28778e+01     2.31313e+01     2.28795e+01
   4.40559     2.32451e+01     2.31895e+01     2.33000e+01     2.30343e+01
   4.43014     2.34122e+01     2.33160e+01     2.33878e+01     2.31934e+01
   4.45468     2.35046e+01     2.36225e+01     2.37756e+01     2.31152e+01
   4.47922     2.35667e+01     2.35959e+01     2.38319e+01     2.35187e+01
   4.50377     2.36727e+01     2.38217e+01     2.39690e+01     2.36250e+01
   4.52831     2.37258e+01     2.40421e+01     2.41397e+01     2.38604e+01
   4.55285     2.41532e+01     2.41559e+01     2.44172e+01     2.39668e+01
   4.57740     2.43044e+01     2.44809e+01     2.43631e+01     2.39941e+01
   4.60194     2.43832e+01     2.45647e+01     2.47074e+01     2.42631e+01
   4.62649     2.47251e+01     2.46755e+01     2.48100e+01     2.44954e+01
   4.65103     2.46296e+01     2.50186e+01     2.50198e+01     2.46189e+01
   4.67557     2.46055e+01     2.50272e+01     2.52366e+01     2.48084e+01
   4.70012     2.48483e+01     2.52445e+01     2.53923e+01     2.49670e+01
   4.72466     2.50445e+01     2.53496e+01     2.54681e+01     2.51379e+01
   4.74920     2.51478e+01     2.54120e+01     2.56052e+01     2.52714e+01
   4.77375     2.52323e+01     2.55815e+01     2.58028e+01     2.53881e+01
   4.79829     2.54601e+01     2.59138e+01     2.60016e+01     2.54344e+01
   4.82284     2.56412e+01     2.59868e+01     2.61848e+01     2.55679e+01
   4.84738     2.57877e+01     2.61197e+01     2.64160e+01     2.57789e+01
   4.87192     2.57734e+01     2.63037e+01     2.64771e+01     2.58909e+01
   4.89647     2.61237e+01     2.64598e+01     2.65672e+01     2.61657e+01
   4.92101     2.62176e+01     2.66384e+01     2.67607e+01     2.63161e+01
   4.94555     2.62919e+01     2.66803e+01     2.69368e+01     2.63293e+01
   4.97010     2.64950e+01     2.67636e+01     2.71862e+01     2.66257e+01
   4.99464     2.66084e+01     2.68194e+01     2.73398e+01     2.66431e+01
   5.01919     2.66563e+01     2.70723e+01     2.75113e+01     2.68974e+01
   5.04373     2.68092e+01     2.71944e+01     2.75094e+01     2.70149e+01
   5.06827     2.70090e+01     2.73356e+01     2.77333e+01     2.71410e+01
   5.09282     2.69570e+01     2.74726e+01     2.78931e+01     2.71995e+01
   5.11736     2.72243e+01     2.77090e+01     2.80679e+01     2.73249e+01
   5.14190     2.73778e+01     2.77662e+01     2.81407e+01     2.73637e+01
   5.16645     2.73951e+01     2.78403e+01     2.84238e+01     2.76029e+01
   5.19099     2.74446e+01     2.80153e+01     2.84126e+01     2.77916e+01
   5.21553     2.75918e+01     2.80709e+01     2.86097e+01     2.77987e+01
   5.24008     2.77622e+01     2.82068e+01     2.86877e+01     2.80076e+01
   5.26462     2.79326e+01     2.82939e+01     2.88448e+01     2.81581e+01
   5.28917     2.80674e+01     2.84663e+01     2.89692e+01     2.83306e+01
   5.31371     2.81515e+01     2.87371e+01     2.91235e+01     2.84091e+01
   5.33825     2.82915e+01     2.87796e+01     2.92736e+01     2.85446e+01
   5.36280     2.83162e+01     2.88774e+01     2.95122e+01     2.86323e+01
   5.38734     2.85467e+01     2.89854e+01     2.95483e+01     2.87548e+01
   5.41188     2.86006e+01     2.92845e+01     2.97450e+01     2.88610e+01
   5.43643     2.86737e+01     2.92508e+01     2.98680e+01     2.90197e+01
   5.46097     2.88462e+01     2.93082e+01     2.99208e+01     2.90217e+01
   5.48552     2.89132e+01     2.95032e+01     3.01232e+01     2.91688e+01
   5.51006     2.89368e+01     2.96043e+01     3.03023e+01     2.93481e+01
   5.53460     2.90957e+01     2.97048e+01     3.03054e+01     2.94169e+01
   5.55915     2.92543e+01     2.98372e+01     3.04353e+01     2.95124e+01
   5.58369     2.92738e+01     2.99644e+01     3.05184e+01     2.96322e+01
   5.60823     2.92830e+01     3.00797e+01     3.07342e+01     2.96995e+01
   5.63278     2.95185e+01     3.01916e+01     3.08600e+01     2.98469e+01
   5.65732     2.96159e+01     3.02605e+01     3.09325e+01     2.99176e+01
   5.68186     2.96397e+01     3.03769e+01     3.09918e+01     3.00271e+01
   5.70641     2.97751e+01     3.05163e+01     3.11570e+01     3.00626e+01
   5.73095     2.98856e+01     3.07147e+01     3.12729e+01     3.01398e+01
   5.75550     2.98963e+01     3.07014e+01     3.14555e+01     3.03722e+01
   5.78004     2.99641e+01     3.08255e+01     3.15404e+01     3.04100e+01
   5.80458     3.01086e+01     3.08946e+01     3.16185e+01     3.05607e+01
   5.82913     3.02251e+01     3.09969e+01     3.17266e+01     3.05442e+01
   5.85367     3.03125e+01     3.10689e+01     3.18586e+01     3.06273e+01
   5.87821     3.03785e+01     3.11071e+01     3.19894e+01     3.07767e+01
   5.90276     3.04516e+01     3.13517e+01     3.21170e+01     3.08514e+01
   5.92730     3.06094e+01     3.13263e+01     3.22660e+01     3.08884e+01
   5.95185     3.06464e+01     3.14000e+01     3.23126e+01     3.09905e+01
   5.97639     3.06252e+01     3.15961e+01     3.23752e+01     3.10927e+01
   6.00093     3.08188e+01     3.16522e+01     3.25043e+01     3.11714e+01
   6.02548     3.08113e+01     3.17857e+01     3.26508e+01     3.12258e+01
   6.05002     3.09139e+01     3.18486e+01     3.27777e+01     3.13103e+01
   6.07456     3.09972e+01     3.19372e+01     3.28570e+01     3.14011e+01
   6.09911     3.10653e+01     3.20371e+01     3.29418e+01     3.14876e+01
   6.12365     3.11409e+01     3.20712e+01     3.30831e+01     3.15318e+01
   6.14819     3.11603e+01     3.21482e+01     3.31661e+01     3.16184e+01
   6.17274     3.13141e+01     3.23115e+01     3.32832e+01     3.16800e+01
   6.19728     3.12961e+01     3.23866e+01     3.33640e+01     3.17700e+01
   6.22183     3.13576e+01     3.24556e+01     3.34616e+01     3.18228e+01
   6.24637     3.14940e+01     3.25151e+01     3.35246e+01     3.19042e+01
   6.27091     3.14450e+01     3.25943e+01     3.36372e+01     3.19740e+01
