# Redshift space power spectrum in mu bins.
# Subtracting SN=    6.12248e+01.
#     k\mu         0.12500         0.37500         0.62500         0.87500
   0.03682     1.10989e+04             nan     1.43258e+04     2.84113e+04
   0.06136     5.69690e+03     7.22326e+03     1.06496e+04     1.27489e+04
   0.08590     3.78625e+03     4.47711e+03     5.79144e+03     7.15075e+03
   0.11045     2.83247e+03     3.30932e+03     4.10301e+03     5.08482e+03
   0.13499     2.46471e+03     2.10751e+03     2.94167e+03     5.06954e+03
   0.15953     1.45828e+03     1.95644e+03     2.27799e+03     3.29541e+03
   0.18408     1.33172e+03     1.29248e+03     1.89017e+03     2.27281e+03
   0.20862     1.01632e+03     1.21172e+03     1.75848e+03     1.96679e+03
   0.23317     9.13076e+02     1.07133e+03     1.23388e+03     1.91040e+03
   0.25771     7.16040e+02     8.52486e+02     1.17816e+03     1.48135e+03
   0.28225     7.20061e+02     7.01166e+02     9.45625e+02     1.18039e+03
   0.30680     5.41925e+02     6.21633e+02     7.93310e+02     1.20579e+03
   0.33134     5.00274e+02     6.23823e+02     7.06511e+02     1.12559e+03
   0.35588     4.51658e+02     5.22490e+02     5.82414e+02     8.72143e+02
   0.38043     3.61729e+02     4.03809e+02     5.37296e+02     7.72638e+02
   0.40497     3.57777e+02     4.07773e+02     5.08408e+02     7.91580e+02
   0.42951     3.15732e+02     3.69668e+02     4.30726e+02     6.32427e+02
   0.45406     2.75589e+02     3.15177e+02     3.92351e+02     5.52208e+02
   0.47860     2.35099e+02     2.76712e+02     3.81104e+02     5.69732e+02
   0.50315     2.28758e+02     2.63966e+02     3.16945e+02     5.02454e+02
   0.52769     2.22774e+02     2.30886e+02     3.17061e+02     4.68714e+02
   0.55223     1.84641e+02     2.23506e+02     3.12265e+02     3.80782e+02
   0.57678     1.92840e+02     1.96916e+02     2.47349e+02     3.52931e+02
   0.60132     1.70498e+02     2.08195e+02     2.32656e+02     3.37120e+02
   0.62586     1.58875e+02     1.75424e+02     2.34746e+02     3.23686e+02
   0.65041     1.44565e+02     1.63333e+02     2.02174e+02     2.91100e+02
   0.67495     1.22396e+02     1.48378e+02     1.96331e+02     2.71622e+02
   0.69950     1.19390e+02     1.45280e+02     1.87772e+02     2.65555e+02
   0.72404     1.16614e+02     1.30674e+02     1.65084e+02     2.38616e+02
   0.74858     1.07666e+02     1.17672e+02     1.46835e+02     2.20456e+02
   0.77313     1.05068e+02     1.11453e+02     1.47208e+02     2.04235e+02
   0.79767     9.77345e+01     1.07996e+02     1.25909e+02     1.95770e+02
   0.82221     9.35418e+01     9.54292e+01     1.23264e+02     1.75286e+02
   0.84676     7.85643e+01     9.16669e+01     1.09767e+02     1.60987e+02
   0.87130     7.32912e+01     8.38395e+01     1.04138e+02     1.46461e+02
   0.89584     7.22813e+01     8.30113e+01     9.93468e+01     1.38998e+02
   0.92039     6.81577e+01     7.79342e+01     9.27795e+01     1.35776e+02
   0.94493     6.16133e+01     7.12094e+01     8.41216e+01     1.28557e+02
   0.96948     6.03145e+01     6.36571e+01     8.08192e+01     1.25134e+02
   0.99402     6.17284e+01     6.25414e+01     7.85163e+01     1.06523e+02
   1.01856     5.31824e+01     6.02781e+01     7.17324e+01     1.01307e+02
   1.04311     5.27443e+01     5.80789e+01     6.56015e+01     9.86645e+01
   1.06765     4.79255e+01     5.07408e+01     6.59025e+01     9.22586e+01
   1.09219     4.39326e+01     5.22579e+01     6.04613e+01     8.59123e+01
   1.11674     4.58952e+01     4.62410e+01     5.52253e+01     8.11888e+01
   1.14128     4.27118e+01     4.41789e+01     5.08420e+01     7.48687e+01
   1.16583     4.30172e+01     3.72212e+01     4.85925e+01     6.87291e+01
   1.19037     3.43193e+01     3.78235e+01     4.59900e+01     6.58359e+01
   1.21491     3.62853e+01     3.35034e+01     4.25170e+01     6.53540e+01
   1.23946     3.36038e+01     3.38117e+01     3.73733e+01     5.43456e+01
   1.26400     3.21991e+01     2.97987e+01     3.72479e+01     5.45673e+01
   1.28854     2.81224e+01     3.12980e+01     3.51043e+01     4.91605e+01
   1.31309     2.57042e+01     2.53372e+01     3.27630e+01     4.89700e+01
   1.33763     2.42766e+01     2.31300e+01     2.92315e+01     4.62173e+01
   1.36217     2.45338e+01     2.39374e+01     2.83763e+01     4.03476e+01
   1.38672     2.38463e+01     2.19628e+01     2.53227e+01     3.97741e+01
   1.41126     2.09480e+01     2.06855e+01     2.31196e+01     3.81784e+01
   1.43581     2.10083e+01     1.91466e+01     2.19099e+01     3.31237e+01
   1.46035     1.76844e+01     1.68361e+01     2.13001e+01     3.20526e+01
   1.48489     1.64914e+01     1.62314e+01     2.15507e+01     2.93164e+01
   1.50944     1.65564e+01     1.36276e+01     1.67516e+01     2.65400e+01
   1.53398     1.44166e+01     1.41949e+01     1.62867e+01     2.56373e+01
   1.55852     1.36577e+01     1.24456e+01     1.52819e+01     2.26118e+01
   1.58307     1.22391e+01     1.13080e+01     1.39421e+01     2.16505e+01
   1.60761     1.09947e+01     9.95172e+00     1.11604e+01     1.91473e+01
   1.63216     1.04989e+01     9.96322e+00     1.09934e+01     1.77615e+01
   1.65670     1.03710e+01     7.50277e+00     7.79525e+00     1.66312e+01
   1.68124     7.92028e+00     6.60020e+00     8.67415e+00     1.70057e+01
   1.70579     7.50358e+00     5.99989e+00     9.65929e+00     1.38718e+01
   1.73033     5.80750e+00     6.25120e+00     8.33108e+00     1.26247e+01
   1.75487     5.86930e+00     4.54437e+00     6.12325e+00     1.11119e+01
   1.77942     5.25964e+00     3.59804e+00     5.48599e+00     1.04380e+01
   1.80396     4.33013e+00     4.25673e+00     5.85755e+00     9.06719e+00
   1.82851     2.55931e+00     1.81879e+00     3.53887e+00     8.32744e+00
   1.85305     3.16614e+00     4.98685e-01     3.44987e+00     7.41763e+00
   1.87759     1.37140e+00     1.19854e+00     2.76549e+00     6.83848e+00
   1.90214     7.93254e-01     2.06445e-01     1.08740e+00     6.71605e+00
   1.92668     4.54594e-01     1.41807e-01     4.63678e-01     6.74352e+00
   1.95122     5.85030e-01     1.78523e+00     5.76091e-01     3.91923e+00
   1.97577     1.52947e+00     2.08762e+00     3.47864e-01     4.48105e+00
   2.00031     1.43786e+00     2.08745e+00     1.47105e+00     2.74364e+00
   2.02485     5.63213e-01     3.10867e+00     1.52677e+00     2.16618e+00
   2.04940     1.58851e+00     3.96557e+00     2.07244e+00     5.28181e-01
   2.07394     2.67729e+00     5.18226e+00     3.29048e+00     1.02632e+00
   2.09849     2.82052e+00     6.02125e+00     3.26018e+00     1.11104e-01
   2.12303     5.13545e+00     4.78287e+00     4.11692e+00     4.67792e-01
   2.14757     3.97091e+00     5.33794e+00     3.93223e+00     1.03334e+00
   2.17212     4.55372e+00     6.49863e+00     3.98702e+00     1.77152e+00
   2.19666     5.22829e+00     5.60628e+00     6.39425e+00     2.79660e+00
   2.22120     5.99085e+00     6.45739e+00     5.88766e+00     4.07883e+00
   2.24575     6.03719e+00     7.12640e+00     6.90287e+00     3.88986e+00
   2.27029     6.62292e+00     8.25607e+00     6.17594e+00     4.24110e+00
   2.29484     8.24086e+00     8.52741e+00     7.70801e+00     4.70539e+00
   2.31938     8.06059e+00     9.08409e+00     7.80137e+00     4.57476e+00
   2.34392     8.59673e+00     9.07546e+00     8.21370e+00     4.81089e+00
   2.36847     9.44220e+00     1.08253e+01     8.26092e+00     5.76671e+00
   2.39301     9.10708e+00     1.04611e+01     8.92512e+00     6.12446e+00
   2.41755     9.50916e+00     1.12594e+01     9.18558e+00     6.96445e+00
   2.44210     1.01188e+01     1.14313e+01     9.84629e+00     7.70115e+00
   2.46664     1.10885e+01     1.10101e+01     1.00383e+01     8.13847e+00
   2.49118     1.10579e+01     1.20877e+01     1.11212e+01     8.05188e+00
   2.51573     1.15398e+01     1.24080e+01     1.13398e+01     8.41249e+00
   2.54027     1.23705e+01     1.26922e+01     1.14496e+01     9.78519e+00
   2.56482     1.25178e+01     1.25119e+01     1.15919e+01     1.00312e+01
   2.58936     1.32729e+01     1.30676e+01     1.19755e+01     1.01077e+01
   2.61390     1.33251e+01     1.28165e+01     1.28064e+01     1.05406e+01
   2.63845     1.40841e+01     1.41505e+01     1.26715e+01     1.07795e+01
   2.66299     1.34790e+01     1.40983e+01     1.30037e+01     1.07001e+01
   2.68753     1.42539e+01     1.46014e+01     1.35067e+01     1.22130e+01
   2.71208     1.38575e+01     1.45037e+01     1.44956e+01     1.14645e+01
   2.73662     1.50422e+01     1.49822e+01     1.44835e+01     1.23887e+01
   2.76117     1.46214e+01     1.49149e+01     1.38788e+01     1.32167e+01
   2.78571     1.53834e+01     1.51980e+01     1.51316e+01     1.35492e+01
   2.81025     1.56279e+01     1.63356e+01     1.50327e+01     1.38490e+01
   2.83480     1.61175e+01     1.64103e+01     1.55909e+01     1.38678e+01
   2.85934     1.57582e+01     1.61985e+01     1.59855e+01     1.47805e+01
   2.88388     1.60751e+01     1.69033e+01     1.66319e+01     1.49536e+01
   2.90843     1.67583e+01     1.71153e+01     1.66405e+01     1.54264e+01
   2.93297     1.73250e+01     1.79069e+01     1.69133e+01     1.59079e+01
   2.95751     1.77800e+01     1.76795e+01     1.75752e+01     1.62628e+01
   2.98206     1.76152e+01     1.83321e+01     1.73026e+01     1.65405e+01
   3.00660     1.84707e+01     1.85713e+01     1.75535e+01     1.67388e+01
   3.03115     1.82260e+01     1.87237e+01     1.81459e+01     1.74432e+01
   3.05569     1.84308e+01     1.92331e+01     1.84095e+01     1.74448e+01
   3.08023     1.92014e+01     1.87689e+01     1.84970e+01     1.78336e+01
   3.10478     1.90804e+01     1.89699e+01     1.88164e+01     1.83050e+01
   3.12932     1.92732e+01     2.01765e+01     1.98114e+01     1.87309e+01
   3.15386     2.00826e+01     2.02433e+01     1.95614e+01     1.87013e+01
   3.17841     2.00798e+01     2.00762e+01     2.00339e+01     1.94758e+01
   3.20295     2.03661e+01     2.07122e+01     2.01721e+01     1.98034e+01
   3.22750     2.08796e+01     2.09250e+01     2.06496e+01     1.97331e+01
   3.25204     2.09865e+01     2.12184e+01     2.06772e+01     2.04834e+01
   3.27658     2.13365e+01     2.18591e+01     2.14855e+01     2.04580e+01
   3.30113     2.19900e+01     2.17342e+01     2.09844e+01     2.09655e+01
   3.32567     2.20500e+01     2.19834e+01     2.14489e+01     2.10466e+01
   3.35021     2.27865e+01     2.18879e+01     2.20025e+01     2.14657e+01
   3.37476     2.23414e+01     2.26770e+01     2.26040e+01     2.17668e+01
   3.39930     2.29201e+01     2.31539e+01     2.23297e+01     2.19382e+01
   3.42385     2.33542e+01     2.31974e+01     2.27844e+01     2.27185e+01
   3.44839     2.36024e+01     2.39512e+01     2.29751e+01     2.23674e+01
   3.47293     2.36635e+01     2.35894e+01     2.38545e+01     2.27273e+01
   3.49748     2.40098e+01     2.41730e+01     2.36197e+01     2.31737e+01
   3.52202     2.44520e+01     2.41408e+01     2.40241e+01     2.33701e+01
   3.54656     2.46535e+01     2.47316e+01     2.47767e+01     2.34546e+01
   3.57111     2.50462e+01     2.50904e+01     2.43436e+01     2.41409e+01
   3.59565     2.49921e+01     2.49111e+01     2.53375e+01     2.42764e+01
   3.62019     2.55019e+01     2.55822e+01     2.53787e+01     2.45106e+01
   3.64474     2.59038e+01     2.60106e+01     2.57351e+01     2.48907e+01
   3.66928     2.60042e+01     2.62298e+01     2.55882e+01     2.50351e+01
   3.69383     2.65627e+01     2.63473e+01     2.60550e+01     2.53051e+01
   3.71837     2.63655e+01     2.64950e+01     2.62572e+01     2.57088e+01
   3.74291     2.65218e+01     2.67950e+01     2.68143e+01     2.56263e+01
   3.76746     2.68184e+01     2.66747e+01     2.68847e+01     2.62766e+01
   3.79200     2.71435e+01     2.70060e+01     2.71410e+01     2.63977e+01
   3.81654     2.74825e+01     2.73318e+01     2.76831e+01     2.64974e+01
   3.84109     2.78909e+01     2.77511e+01     2.76283e+01     2.71072e+01
   3.86563     2.80623e+01     2.80500e+01     2.80201e+01     2.72079e+01
   3.89018     2.82126e+01     2.83599e+01     2.82607e+01     2.77571e+01
   3.91472     2.85598e+01     2.82146e+01     2.82455e+01     2.76721e+01
   3.93926     2.86559e+01     2.89480e+01     2.85292e+01     2.84886e+01
   3.96381     2.88882e+01     2.89662e+01     2.92364e+01     2.84239e+01
   3.98835     2.92060e+01     2.93387e+01     2.92236e+01     2.86678e+01
   4.01289     2.94237e+01     2.95922e+01     2.96678e+01     2.90066e+01
   4.03744     2.95630e+01     2.98133e+01     2.98539e+01     2.92678e+01
   4.06198     3.00095e+01     2.99844e+01     2.99838e+01     2.93735e+01
   4.08652     3.02483e+01     3.03337e+01     3.00822e+01     2.96165e+01
   4.11107     3.03758e+01     3.03779e+01     3.02485e+01     3.01602e+01
   4.13561     3.06391e+01     3.06984e+01     3.08697e+01     3.03025e+01
   4.16016     3.09349e+01     3.08006e+01     3.09051e+01     3.03436e+01
   4.18470     3.12870e+01     3.12393e+01     3.13212e+01     3.06590e+01
   4.20924     3.11773e+01     3.16727e+01     3.15065e+01     3.10509e+01
   4.23379     3.15061e+01     3.17025e+01     3.17338e+01     3.11953e+01
   4.25833     3.20292e+01     3.20899e+01     3.20629e+01     3.14471e+01
   4.28287     3.22645e+01     3.22742e+01     3.24285e+01     3.19382e+01
   4.30742     3.26182e+01     3.23250e+01     3.25397e+01     3.21165e+01
   4.33196     3.26163e+01     3.26223e+01     3.28715e+01     3.22773e+01
   4.35651     3.29958e+01     3.29915e+01     3.30353e+01     3.24438e+01
   4.38105     3.32597e+01     3.31745e+01     3.32778e+01     3.29792e+01
   4.40559     3.34924e+01     3.33541e+01     3.33459e+01     3.29906e+01
   4.43014     3.39711e+01     3.36620e+01     3.37715e+01     3.30399e+01
   4.45468     3.39758e+01     3.39039e+01     3.40509e+01     3.35439e+01
   4.47922     3.42601e+01     3.42157e+01     3.42994e+01     3.35878e+01
   4.50377     3.42491e+01     3.44853e+01     3.45185e+01     3.39918e+01
   4.52831     3.48472e+01     3.47307e+01     3.48160e+01     3.42052e+01
   4.55285     3.49523e+01     3.49924e+01     3.49871e+01     3.43717e+01
   4.57740     3.49629e+01     3.52247e+01     3.52263e+01     3.46673e+01
   4.60194     3.52218e+01     3.54578e+01     3.55215e+01     3.49792e+01
   4.62649     3.55774e+01     3.54900e+01     3.57299e+01     3.52588e+01
   4.65103     3.56699e+01     3.57350e+01     3.60174e+01     3.52744e+01
   4.67557     3.58013e+01     3.60389e+01     3.60280e+01     3.55007e+01
   4.70012     3.59951e+01     3.62326e+01     3.64614e+01     3.56581e+01
   4.72466     3.59291e+01     3.65309e+01     3.65496e+01     3.60981e+01
   4.74920     3.62819e+01     3.66410e+01     3.67812e+01     3.61178e+01
   4.77375     3.65052e+01     3.69332e+01     3.69885e+01     3.62712e+01
   4.79829     3.66765e+01     3.69409e+01     3.72367e+01     3.66442e+01
   4.82284     3.70482e+01     3.74220e+01     3.74974e+01     3.68288e+01
   4.84738     3.69567e+01     3.75402e+01     3.76047e+01     3.71383e+01
   4.87192     3.73844e+01     3.79056e+01     3.79838e+01     3.72489e+01
   4.89647     3.73652e+01     3.77508e+01     3.79348e+01     3.73853e+01
   4.92101     3.75531e+01     3.80347e+01     3.83196e+01     3.74468e+01
   4.94555     3.79332e+01     3.82289e+01     3.85641e+01     3.78006e+01
   4.97010     3.78795e+01     3.84523e+01     3.88714e+01     3.80690e+01
   4.99464     3.81754e+01     3.88553e+01     3.92264e+01     3.83884e+01
   5.01919     3.83566e+01     3.89737e+01     3.92207e+01     3.83290e+01
   5.04373     3.84511e+01     3.90933e+01     3.95215e+01     3.86387e+01
   5.06827     3.86124e+01     3.92986e+01     3.97186e+01     3.89082e+01
   5.09282     3.87525e+01     3.95464e+01     3.99573e+01     3.89621e+01
   5.11736     3.90008e+01     3.95471e+01     4.02228e+01     3.92325e+01
   5.14190     3.91906e+01     3.98857e+01     4.02535e+01     3.93285e+01
   5.16645     3.93752e+01     4.00050e+01     4.04716e+01     3.93136e+01
   5.19099     3.94435e+01     4.00815e+01     4.05906e+01     3.97534e+01
   5.21553     3.95818e+01     4.05250e+01     4.08061e+01     3.98927e+01
   5.24008     4.00055e+01     4.06313e+01     4.10938e+01     4.02162e+01
   5.26462     4.00562e+01     4.09556e+01     4.13672e+01     4.01742e+01
   5.28917     4.03588e+01     4.11877e+01     4.16661e+01     4.04187e+01
   5.31371     4.04563e+01     4.13223e+01     4.18246e+01     4.07662e+01
   5.33825     4.05238e+01     4.13426e+01     4.19578e+01     4.06533e+01
   5.36280     4.07567e+01     4.15078e+01     4.21643e+01     4.08796e+01
   5.38734     4.08097e+01     4.17179e+01     4.22792e+01     4.11360e+01
   5.41188     4.09741e+01     4.18589e+01     4.24645e+01     4.13858e+01
   5.43643     4.11352e+01     4.21279e+01     4.26171e+01     4.13509e+01
   5.46097     4.13366e+01     4.22654e+01     4.28374e+01     4.16444e+01
   5.48552     4.14803e+01     4.23023e+01     4.31051e+01     4.17023e+01
   5.51006     4.15430e+01     4.25179e+01     4.30302e+01     4.17333e+01
   5.53460     4.18404e+01     4.27902e+01     4.33559e+01     4.20388e+01
   5.55915     4.18783e+01     4.28119e+01     4.35403e+01     4.21961e+01
   5.58369     4.20832e+01     4.30218e+01     4.37288e+01     4.23241e+01
   5.60823     4.22358e+01     4.30381e+01     4.39160e+01     4.26177e+01
   5.63278     4.22551e+01     4.33524e+01     4.41521e+01     4.26243e+01
   5.65732     4.23389e+01     4.33658e+01     4.43843e+01     4.28269e+01
   5.68186     4.24600e+01     4.37197e+01     4.44256e+01     4.28700e+01
   5.70641     4.26307e+01     4.37384e+01     4.45165e+01     4.30491e+01
   5.73095     4.28174e+01     4.39263e+01     4.46817e+01     4.32808e+01
   5.75550     4.30629e+01     4.39639e+01     4.49771e+01     4.33439e+01
   5.78004     4.30371e+01     4.40986e+01     4.51365e+01     4.34311e+01
   5.80458     4.31617e+01     4.43096e+01     4.52573e+01     4.35740e+01
   5.82913     4.33426e+01     4.43533e+01     4.55737e+01     4.36469e+01
   5.85367     4.34513e+01     4.44744e+01     4.56275e+01     4.39215e+01
   5.87821     4.35845e+01     4.46872e+01     4.57882e+01     4.39908e+01
   5.90276     4.36733e+01     4.48411e+01     4.59834e+01     4.40161e+01
   5.92730     4.37636e+01     4.49198e+01     4.60659e+01     4.41741e+01
   5.95185     4.39730e+01     4.51397e+01     4.62329e+01     4.42098e+01
   5.97639     4.40132e+01     4.52342e+01     4.63981e+01     4.44247e+01
   6.00093     4.40923e+01     4.53886e+01     4.65671e+01     4.44506e+01
   6.02548     4.42854e+01     4.54179e+01     4.66464e+01     4.46711e+01
   6.05002     4.43583e+01     4.55338e+01     4.68423e+01     4.47283e+01
   6.07456     4.44438e+01     4.58955e+01     4.70034e+01     4.48446e+01
   6.09911     4.43741e+01     4.59433e+01     4.72113e+01     4.49093e+01
   6.12365     4.45245e+01     4.60098e+01     4.72099e+01     4.50723e+01
   6.14819     4.47036e+01     4.61907e+01     4.73481e+01     4.51719e+01
   6.17274     4.46112e+01     4.63365e+01     4.76102e+01     4.53668e+01
   6.19728     4.47415e+01     4.63990e+01     4.77894e+01     4.54058e+01
   6.22183     4.47422e+01     4.64987e+01     4.79069e+01     4.55140e+01
   6.24637     4.49646e+01     4.66917e+01     4.80065e+01     4.55671e+01
   6.27091     4.50690e+01     4.67076e+01     4.81679e+01     4.57140e+01
