# Subtracting SN=    4.26984e+01.
#        k         Pk_0_HI
   0.03471     1.31767e+04
   0.04533     1.06732e+04
   0.05750     7.89368e+03
   0.07243     6.96361e+03
   0.08030     5.59017e+03
   0.09129     4.19617e+03
   0.10670     3.50784e+03
   0.11962     3.31818e+03
   0.12974     3.18345e+03
   0.14416     2.33579e+03
   0.15607     2.15701e+03
   0.16886     1.89029e+03
   0.18066     1.64543e+03
   0.19462     1.46697e+03
   0.20682     1.38363e+03
   0.21908     1.26101e+03
   0.23113     1.21026e+03
   0.24367     1.09416e+03
   0.25601     9.53955e+02
   0.26906     8.97468e+02
   0.28135     8.80160e+02
   0.29458     7.42435e+02
   0.30676     7.37846e+02
   0.31943     6.97439e+02
   0.33214     7.02007e+02
   0.34474     6.13867e+02
   0.35626     5.51999e+02
   0.36909     5.25040e+02
   0.38137     5.00570e+02
   0.39368     4.93551e+02
   0.40596     4.66050e+02
   0.41935     4.48090e+02
   0.43138     3.89666e+02
   0.44349     3.84541e+02
   0.45625     3.53504e+02
   0.46966     3.54311e+02
   0.48162     3.45282e+02
   0.49397     3.28195e+02
   0.50656     3.07942e+02
   0.51863     3.10090e+02
   0.53044     2.84137e+02
   0.54375     2.77746e+02
   0.55676     2.60971e+02
   0.56902     2.44219e+02
   0.58090     2.39642e+02
   0.59394     2.36919e+02
   0.60659     2.24123e+02
   0.61858     2.17431e+02
   0.63073     2.17582e+02
   0.64386     1.97402e+02
   0.65636     1.94376e+02
   0.66869     1.85336e+02
   0.68131     1.80359e+02
   0.69392     1.80930e+02
   0.70632     1.74022e+02
   0.71842     1.59167e+02
   0.73133     1.62053e+02
   0.74383     1.47481e+02
   0.75642     1.47559e+02
   0.76892     1.43075e+02
   0.78169     1.40562e+02
   0.79408     1.34234e+02
   0.80610     1.29911e+02
   0.81834     1.25624e+02
   0.83113     1.22017e+02
   0.84356     1.13372e+02
   0.85621     1.09661e+02
   0.86876     1.07636e+02
   0.88154     1.04813e+02
   0.89355     1.05861e+02
   0.90634     9.86409e+01
   0.91886     9.99983e+01
   0.93130     9.67524e+01
   0.94392     9.23020e+01
   0.95621     9.05930e+01
   0.96854     8.64105e+01
   0.98126     9.04602e+01
   0.99357     8.04089e+01
   1.00643     8.17799e+01
   1.01870     7.85213e+01
   1.03126     7.65574e+01
   1.04402     7.50160e+01
   1.05654     7.33874e+01
   1.06869     7.26922e+01
   1.08129     6.66753e+01
   1.09371     6.66430e+01
   1.10646     6.65527e+01
   1.11883     6.32381e+01
   1.13137     6.20714e+01
   1.14381     5.97560e+01
   1.15611     5.95087e+01
   1.16847     5.55767e+01
   1.18123     5.47957e+01
   1.19379     5.22419e+01
   1.20615     5.06176e+01
   1.21876     4.98256e+01
   1.23169     4.76976e+01
   1.24362     4.57535e+01
   1.25596     4.66128e+01
   1.26862     4.44380e+01
   1.28125     4.30090e+01
   1.29378     4.38471e+01
   1.30632     3.94698e+01
   1.31873     3.99030e+01
   1.33129     3.91028e+01
   1.34365     3.70868e+01
   1.35617     3.79229e+01
   1.36877     3.64668e+01
   1.38124     3.56810e+01
   1.39384     3.31737e+01
   1.40620     3.26938e+01
   1.41870     3.23897e+01
   1.43133     3.03057e+01
   1.44395     3.14940e+01
   1.45629     2.93177e+01
   1.46888     2.71118e+01
   1.48123     2.82112e+01
   1.49385     2.66320e+01
   1.50637     2.55745e+01
   1.51879     2.39162e+01
   1.53118     2.40253e+01
   1.54377     2.37777e+01
   1.55620     2.34069e+01
   1.56872     2.19310e+01
   1.58120     2.21400e+01
   1.59371     2.08096e+01
   1.60599     1.99820e+01
   1.61865     1.90455e+01
   1.63133     1.97191e+01
   1.64389     1.82673e+01
   1.65620     1.73773e+01
   1.66875     1.69999e+01
   1.68124     1.73073e+01
   1.69373     1.66392e+01
   1.70613     1.58389e+01
   1.71876     1.51948e+01
   1.73122     1.48584e+01
   1.74388     1.44366e+01
   1.75630     1.39476e+01
   1.76889     1.27521e+01
   1.78135     1.20201e+01
   1.79367     1.24524e+01
   1.80623     1.18669e+01
   1.81883     1.03291e+01
   1.83105     1.05050e+01
   1.84372     9.93535e+00
   1.85626     9.87997e+00
   1.86877     1.04167e+01
   1.88126     9.39919e+00
   1.89376     8.75587e+00
   1.90612     7.86412e+00
   1.91872     8.45161e+00
   1.93133     7.18261e+00
   1.94390     7.04968e+00
   1.95627     6.34438e+00
   1.96884     6.64236e+00
   1.98128     6.12946e+00
   1.99360     5.78128e+00
   2.00601     5.40314e+00
   2.01865     4.62273e+00
   2.03129     5.24866e+00
   2.04372     4.14039e+00
   2.05627     3.51588e+00
   2.06890     3.57738e+00
   2.08129     3.11370e+00
   2.09355     2.93838e+00
   2.10609     2.40448e+00
   2.11865     2.61233e+00
   2.13110     1.95732e+00
   2.14358     2.10690e+00
   2.15632     1.94701e+00
   2.16888     1.72960e+00
   2.18136     1.37999e+00
   2.19375     1.10710e+00
   2.20648     7.90116e-01
   2.21891    -5.35095e-02
   2.23127     2.71991e-01
   2.24362    -2.40123e-01
   2.25610    -1.00849e+00
   2.26860    -5.19719e-01
   2.28134    -1.02029e+00
   2.29396    -1.38184e+00
   2.30651    -1.67991e+00
   2.31883    -1.61707e+00
   2.33131    -1.96624e+00
   2.34379    -2.18111e+00
   2.35620    -2.69251e+00
   2.36856    -2.52651e+00
   2.38127    -2.79976e+00
   2.39387    -3.11323e+00
   2.40629    -3.12016e+00
   2.41869    -3.33493e+00
   2.43124    -3.67255e+00
   2.44369    -3.73763e+00
   2.45637    -4.18593e+00
   2.46879    -4.52572e+00
   2.48121    -4.51419e+00
   2.49370    -4.82618e+00
   2.50623    -5.11594e+00
   2.51865    -5.23275e+00
   2.53107    -5.42334e+00
   2.54368    -5.54147e+00
   2.55639    -5.41142e+00
   2.56875    -5.53092e+00
   2.58134    -5.65299e+00
   2.59382    -6.08290e+00
   2.60628    -6.65696e+00
   2.61873    -6.45280e+00
   2.63125    -6.84949e+00
   2.64375    -6.58809e+00
   2.65626    -6.91363e+00
   2.66870    -7.38956e+00
   2.68122    -7.22887e+00
   2.69374    -7.29202e+00
   2.70638    -7.53604e+00
   2.71888    -8.24197e+00
   2.73125    -7.73909e+00
   2.74389    -8.13141e+00
   2.75628    -8.02321e+00
   2.76868    -8.37919e+00
   2.78115    -8.52976e+00
   2.79379    -8.74774e+00
   2.80639    -8.87216e+00
   2.81871    -9.33491e+00
   2.83124    -9.24631e+00
   2.84389    -9.29778e+00
   2.85622    -9.43192e+00
   2.86878    -9.61076e+00
   2.88116    -9.82299e+00
   2.89358    -9.96545e+00
   2.90611    -1.01933e+01
   2.91881    -1.03971e+01
   2.93135    -1.05395e+01
   2.94381    -1.06257e+01
   2.95620    -1.07262e+01
   2.96870    -1.07762e+01
   2.98120    -1.09308e+01
   2.99376    -1.14057e+01
   3.00626    -1.12631e+01
   3.01885    -1.16307e+01
   3.03130    -1.15681e+01
   3.04377    -1.15416e+01
   3.05623    -1.18122e+01
   3.06869    -1.20132e+01
   3.08114    -1.18991e+01
   3.09378    -1.21185e+01
   3.10624    -1.22494e+01
   3.11878    -1.21669e+01
   3.13134    -1.23640e+01
   3.14383    -1.27962e+01
   3.15628    -1.25825e+01
   3.16884    -1.30723e+01
   3.18136    -1.31215e+01
   3.19383    -1.29189e+01
   3.20620    -1.35100e+01
   3.21875    -1.34720e+01
   3.23127    -1.35585e+01
   3.24385    -1.35654e+01
   3.25632    -1.38363e+01
   3.26882    -1.38206e+01
   3.28133    -1.42065e+01
   3.29378    -1.43318e+01
   3.30621    -1.44112e+01
   3.31875    -1.46674e+01
   3.33129    -1.44155e+01
   3.34376    -1.45234e+01
   3.35620    -1.46366e+01
   3.36875    -1.48502e+01
   3.38131    -1.50875e+01
   3.39380    -1.52167e+01
   3.40627    -1.52117e+01
   3.41876    -1.56028e+01
   3.43124    -1.53806e+01
   3.44372    -1.55131e+01
   3.45640    -1.56862e+01
   3.46891    -1.57974e+01
   3.48134    -1.57751e+01
   3.49375    -1.60251e+01
   3.50630    -1.62108e+01
   3.51882    -1.59937e+01
   3.53127    -1.62352e+01
   3.54369    -1.65596e+01
   3.55628    -1.64461e+01
   3.56869    -1.66539e+01
   3.58119    -1.67174e+01
   3.59375    -1.69434e+01
   3.60629    -1.70681e+01
   3.61878    -1.70982e+01
   3.63126    -1.72987e+01
   3.64371    -1.75496e+01
   3.65630    -1.75181e+01
   3.66876    -1.75634e+01
   3.68123    -1.75400e+01
   3.69375    -1.77035e+01
   3.70626    -1.78621e+01
   3.71877    -1.79386e+01
   3.73139    -1.81179e+01
   3.74372    -1.82715e+01
   3.75625    -1.82968e+01
   3.76880    -1.85032e+01
   3.78124    -1.84438e+01
   3.79373    -1.85674e+01
   3.80635    -1.86337e+01
   3.81877    -1.90181e+01
   3.83124    -1.89437e+01
   3.84376    -1.91086e+01
   3.85635    -1.91209e+01
   3.86882    -1.91244e+01
   3.88122    -1.91808e+01
   3.89365    -1.93310e+01
   3.90632    -1.94758e+01
   3.91889    -1.96359e+01
   3.93133    -1.97297e+01
   3.94373    -1.99329e+01
   3.95623    -1.99464e+01
   3.96866    -2.01485e+01
   3.98123    -1.99937e+01
   3.99373    -2.02091e+01
   4.00625    -2.03087e+01
   4.01870    -2.04707e+01
   4.03118    -2.05036e+01
   4.04374    -2.05452e+01
   4.05624    -2.06413e+01
   4.06881    -2.07098e+01
   4.08134    -2.07427e+01
   4.09380    -2.07932e+01
   4.10620    -2.09897e+01
   4.11874    -2.11658e+01
   4.13120    -2.12443e+01
   4.14377    -2.13152e+01
   4.15631    -2.13940e+01
   4.16881    -2.14797e+01
   4.18137    -2.15027e+01
   4.19383    -2.16110e+01
   4.20619    -2.17837e+01
   4.21870    -2.19388e+01
   4.23112    -2.19364e+01
   4.24368    -2.20083e+01
   4.25627    -2.21741e+01
   4.26880    -2.21809e+01
   4.28128    -2.22601e+01
   4.29387    -2.24126e+01
   4.30632    -2.24328e+01
   4.31885    -2.25630e+01
   4.33130    -2.26298e+01
   4.34381    -2.27929e+01
   4.35632    -2.28876e+01
   4.36880    -2.29373e+01
   4.38125    -2.29432e+01
   4.39378    -2.31124e+01
   4.40625    -2.31681e+01
   4.41877    -2.33610e+01
   4.43122    -2.32541e+01
   4.44377    -2.33833e+01
   4.45625    -2.35591e+01
   4.46877    -2.35102e+01
   4.48129    -2.36675e+01
   4.49376    -2.37903e+01
   4.50616    -2.37611e+01
   4.51874    -2.39248e+01
   4.53127    -2.39047e+01
   4.54376    -2.41007e+01
   4.55621    -2.42128e+01
   4.56875    -2.41796e+01
   4.58125    -2.43560e+01
   4.59379    -2.44679e+01
   4.60625    -2.44508e+01
   4.61876    -2.46610e+01
   4.63127    -2.46884e+01
   4.64379    -2.47865e+01
   4.65623    -2.48107e+01
   4.66878    -2.49011e+01
   4.68132    -2.49542e+01
   4.69382    -2.50541e+01
   4.70628    -2.51694e+01
   4.71875    -2.52544e+01
   4.73126    -2.52234e+01
   4.74373    -2.53638e+01
   4.75631    -2.53901e+01
   4.76881    -2.55144e+01
   4.78124    -2.55171e+01
   4.79372    -2.56151e+01
   4.80627    -2.58011e+01
   4.81874    -2.58440e+01
   4.83126    -2.58706e+01
   4.84373    -2.59768e+01
   4.85623    -2.61526e+01
   4.86871    -2.60306e+01
   4.88131    -2.61814e+01
   4.89379    -2.63544e+01
   4.90628    -2.64005e+01
   4.91878    -2.64079e+01
   4.93134    -2.65609e+01
   4.94382    -2.65310e+01
   4.95620    -2.66654e+01
   4.96868    -2.67774e+01
   4.98126    -2.67710e+01
   4.99376    -2.68935e+01
   5.00628    -2.69520e+01
   5.01875    -2.70254e+01
   5.03130    -2.70522e+01
   5.04371    -2.71354e+01
   5.05622    -2.71901e+01
   5.06881    -2.73288e+01
   5.08135    -2.73012e+01
   5.09373    -2.73790e+01
   5.10623    -2.75564e+01
   5.11881    -2.75835e+01
   5.13131    -2.76068e+01
   5.14374    -2.76905e+01
   5.15625    -2.77685e+01
   5.16877    -2.77960e+01
   5.18129    -2.78917e+01
   5.19371    -2.79215e+01
   5.20625    -2.79608e+01
   5.21875    -2.80510e+01
   5.23123    -2.80952e+01
   5.24379    -2.82068e+01
   5.25634    -2.82218e+01
   5.26874    -2.83425e+01
   5.28131    -2.83799e+01
   5.29381    -2.85427e+01
   5.30624    -2.85486e+01
   5.31872    -2.86320e+01
   5.33129    -2.86859e+01
   5.34379    -2.87747e+01
   5.35625    -2.87903e+01
   5.36870    -2.88804e+01
   5.38124    -2.89160e+01
   5.39374    -2.90172e+01
   5.40623    -2.90785e+01
   5.41876    -2.91632e+01
   5.43126    -2.91782e+01
   5.44380    -2.92129e+01
   5.45628    -2.92548e+01
   5.46874    -2.93224e+01
   5.48120    -2.94139e+01
   5.49374    -2.94616e+01
   5.50624    -2.95527e+01
   5.51876    -2.95786e+01
   5.53124    -2.96146e+01
   5.54372    -2.96379e+01
   5.55619    -2.97464e+01
   5.56876    -2.98102e+01
   5.58121    -2.98579e+01
   5.59376    -2.98726e+01
   5.60632    -2.99291e+01
   5.61877    -3.00393e+01
   5.63124    -3.00773e+01
   5.64374    -3.01382e+01
   5.65626    -3.01853e+01
   5.66881    -3.02071e+01
   5.68122    -3.02507e+01
   5.69378    -3.03328e+01
   5.70630    -3.03593e+01
   5.71878    -3.04530e+01
   5.73124    -3.04895e+01
   5.74378    -3.05683e+01
   5.75626    -3.06105e+01
   5.76874    -3.06786e+01
   5.78126    -3.06837e+01
   5.79374    -3.07166e+01
   5.80619    -3.07951e+01
   5.81877    -3.08641e+01
   5.83124    -3.08800e+01
   5.84375    -3.09087e+01
   5.85626    -3.10073e+01
   5.86877    -3.10166e+01
   5.88125    -3.10974e+01
   5.89380    -3.11169e+01
   5.90629    -3.12419e+01
   5.91878    -3.12216e+01
   5.93125    -3.13128e+01
   5.94374    -3.12881e+01
   5.95623    -3.13517e+01
   5.96873    -3.14066e+01
   5.98119    -3.14505e+01
   5.99368    -3.14955e+01
   6.00617    -3.15708e+01
   6.01869    -3.15716e+01
   6.03121    -3.16465e+01
   6.04379    -3.16641e+01
   6.05632    -3.17660e+01
   6.06875    -3.17677e+01
   6.08125    -3.18315e+01
   6.09380    -3.18553e+01
   6.10622    -3.19194e+01
   6.11866    -3.19098e+01
   6.13125    -3.20063e+01
   6.14376    -3.20120e+01
   6.15627    -3.20594e+01
   6.16872    -3.21511e+01
   6.18128    -3.21406e+01
   6.19379    -3.21898e+01
   6.20622    -3.22226e+01
   6.21867    -3.22840e+01
   6.23124    -3.23138e+01
   6.24376    -3.23275e+01
   6.25623    -3.23873e+01
   6.26873    -3.24097e+01
   6.28132    -3.24470e+01
