# Mcut=  1.8308e+09Msun/h.
#        k       b1_x       b1_a            Pkmm
   0.00869    3.38321    3.39255     8.00550e+02
   0.01503    3.33284    3.34260     9.51521e+02
   0.02105    3.35080    3.36143     9.26082e+02
   0.02718    3.36826    3.38089     8.24539e+02
   0.03359    3.38070    3.39210     7.03112e+02
   0.03968    3.38314    3.39884     5.98613e+02
   0.04573    3.35788    3.37592     5.21806e+02
   0.05187    3.38463    3.40467     4.68024e+02
   0.05808    3.39008    3.41149     4.36195e+02
   0.06422    3.36126    3.38187     4.03073e+02
   0.07029    3.36293    3.38816     3.77626e+02
   0.07657    3.38492    3.41243     3.40821e+02
   0.08283    3.37363    3.40525     3.03590e+02
   0.08886    3.38173    3.41734     2.66550e+02
   0.09494    3.36966    3.40731     2.34924e+02
   0.10105    3.39700    3.44016     2.11206e+02
   0.10719    3.37228    3.41699     1.92821e+02
   0.11336    3.38877    3.43534     1.81054e+02
   0.11952    3.39055    3.43952     1.72114e+02
   0.12567    3.39450    3.44434     1.65826e+02
   0.13179    3.42332    3.47529     1.57242e+02
   0.13789    3.40399    3.46016     1.45858e+02
   0.14406    3.41942    3.47953     1.35232e+02
   0.15018    3.41491    3.47901     1.22906e+02
   0.15634    3.40870    3.47888     1.12327e+02
   0.16254    3.42059    3.49495     1.03501e+02
   0.16869    3.42744    3.50418     9.76833e+01
   0.17480    3.42427    3.50555     9.23164e+01
   0.18091    3.40677    3.48945     8.81729e+01
   0.18701    3.42027    3.50480     8.54025e+01
   0.19316    3.42878    3.51589     8.26405e+01
   0.19933    3.42698    3.51823     7.78945e+01
   0.20548    3.43692    3.53172     7.32730e+01
   0.21163    3.43911    3.53652     6.90730e+01
   0.21776    3.44685    3.54875     6.47530e+01
   0.22390    3.44569    3.55105     6.01663e+01
   0.23001    3.45649    3.56695     5.78124e+01
   0.23615    3.45680    3.57255     5.50677e+01
   0.24229    3.44864    3.56596     5.27613e+01
   0.24841    3.46142    3.57857     5.13756e+01
   0.25454    3.45956    3.58008     4.94721e+01
   0.26069    3.46678    3.59262     4.74147e+01
   0.26686    3.45564    3.58296     4.53431e+01
   0.27300    3.47394    3.60461     4.33940e+01
   0.27914    3.48157    3.61295     4.14799e+01
   0.28524    3.48514    3.61776     3.97510e+01
   0.29135    3.49229    3.63467     3.77565e+01
   0.29751    3.48520    3.63127     3.61696e+01
   0.30365    3.49894    3.64639     3.49531e+01
   0.30979    3.50112    3.65270     3.38469e+01
   0.31595    3.49559    3.64704     3.27328e+01
   0.32211    3.50649    3.65683     3.17818e+01
   0.32826    3.49256    3.64993     3.05654e+01
   0.33435    3.50788    3.66832     2.94757e+01
   0.34048    3.50644    3.66991     2.83503e+01
   0.34663    3.51813    3.68858     2.74423e+01
   0.35273    3.52018    3.68801     2.63332e+01
   0.35887    3.52716    3.69946     2.54819e+01
   0.36501    3.52492    3.69985     2.46821e+01
   0.37117    3.53469    3.70981     2.41741e+01
   0.37731    3.54756    3.72497     2.33047e+01
   0.38342    3.54359    3.72840     2.23970e+01
   0.38958    3.53792    3.72366     2.18882e+01
   0.39572    3.54860    3.73303     2.13400e+01
   0.40186    3.54909    3.74095     2.06417e+01
   0.40800    3.55665    3.74945     2.00956e+01
   0.41411    3.54242    3.74143     1.93083e+01
   0.42026    3.56022    3.75690     1.88899e+01
   0.42641    3.56365    3.76348     1.82403e+01
   0.43253    3.55150    3.75903     1.75504e+01
   0.43864    3.55948    3.76308     1.73265e+01
   0.44477    3.55992    3.76646     1.68167e+01
   0.45094    3.57076    3.77712     1.64043e+01
   0.45710    3.56469    3.77926     1.59155e+01
   0.46324    3.57059    3.78276     1.55897e+01
   0.46938    3.58196    3.79342     1.52690e+01
   0.47550    3.57914    3.79599     1.47714e+01
   0.48161    3.58403    3.80253     1.43599e+01
   0.48774    3.58333    3.80185     1.40675e+01
   0.49386    3.59296    3.81402     1.36845e+01
   0.50000    3.58838    3.81517     1.32700e+01
   0.50617    3.58768    3.81525     1.30474e+01
   0.51232    3.59123    3.81871     1.26390e+01
   0.51844    3.59181    3.82267     1.23976e+01
   0.52458    3.59389    3.82296     1.21474e+01
   0.53073    3.60046    3.83062     1.18782e+01
   0.53687    3.60536    3.84031     1.15526e+01
   0.54296    3.59875    3.83472     1.13441e+01
   0.54911    3.61131    3.84840     1.10891e+01
   0.55528    3.61016    3.85066     1.08241e+01
   0.56141    3.61731    3.85830     1.06040e+01
   0.56754    3.60827    3.85254     1.03051e+01
   0.57367    3.61642    3.85933     1.01478e+01
   0.57981    3.60228    3.84795     9.91046e+00
   0.58594    3.61819    3.86666     9.69245e+00
   0.59206    3.62411    3.86973     9.53070e+00
   0.59819    3.62317    3.87146     9.33972e+00
   0.60436    3.63321    3.87944     9.21080e+00
   0.61049    3.61924    3.86928     8.94831e+00
   0.61661    3.62930    3.88071     8.82404e+00
   0.62276    3.62985    3.88393     8.57061e+00
   0.62890    3.63228    3.88708     8.40719e+00
   0.63503    3.64028    3.89522     8.28964e+00
   0.64117    3.63857    3.89277     8.13739e+00
   0.64731    3.64211    3.89651     7.97493e+00
   0.65344    3.64034    3.89966     7.80497e+00
   0.65958    3.63125    3.89048     7.67485e+00
   0.66571    3.64016    3.89762     7.52868e+00
   0.67184    3.63932    3.90015     7.37832e+00
   0.67797    3.64515    3.90538     7.26645e+00
   0.68410    3.64588    3.90746     7.12442e+00
   0.69025    3.64947    3.91246     6.98979e+00
   0.69639    3.64466    3.90527     6.86702e+00
   0.70254    3.64382    3.90594     6.74873e+00
   0.70868    3.64683    3.91376     6.61539e+00
   0.71481    3.64934    3.91262     6.49328e+00
   0.72095    3.64808    3.91074     6.42831e+00
   0.72708    3.65520    3.92342     6.29426e+00
   0.73319    3.65483    3.91713     6.17664e+00
   0.73934    3.65707    3.92311     6.08760e+00
   0.74548    3.65765    3.92362     5.99880e+00
   0.75161    3.65904    3.92250     5.92286e+00
   0.75776    3.65426    3.91946     5.80516e+00
   0.76390    3.65411    3.92056     5.68188e+00
   0.77006    3.65452    3.92149     5.59235e+00
   0.77616    3.65544    3.91932     5.51626e+00
   0.78228    3.65872    3.92294     5.46461e+00
   0.78842    3.65949    3.92279     5.37123e+00
   0.79456    3.65877    3.92226     5.25374e+00
   0.80070    3.66108    3.92608     5.17726e+00
   0.80683    3.65617    3.92113     5.09950e+00
   0.81298    3.66147    3.92530     5.03980e+00
   0.81914    3.66633    3.93058     4.95576e+00
   0.82526    3.65543    3.91771     4.88452e+00
   0.83138    3.65554    3.91706     4.80086e+00
   0.83752    3.66089    3.92403     4.72265e+00
   0.84366    3.66136    3.92004     4.66116e+00
   0.84979    3.66391    3.92520     4.58630e+00
   0.85593    3.66521    3.92721     4.52278e+00
   0.86206    3.66708    3.92810     4.47316e+00
   0.86820    3.66765    3.92631     4.40531e+00
   0.87433    3.66930    3.92683     4.33755e+00
   0.88046    3.66830    3.92717     4.28446e+00
   0.88661    3.66254    3.92084     4.20295e+00
   0.89275    3.66334    3.91712     4.15611e+00
   0.89890    3.65919    3.91608     4.10022e+00
   0.90503    3.66169    3.91696     4.02933e+00
   0.91117    3.65814    3.91053     3.99944e+00
   0.91731    3.65835    3.90951     3.94450e+00
   0.92344    3.65648    3.90835     3.87308e+00
   0.92956    3.66115    3.91166     3.83825e+00
   0.93569    3.65596    3.90465     3.78023e+00
   0.94183    3.65572    3.90580     3.73152e+00
   0.94799    3.65325    3.90134     3.68266e+00
   0.95411    3.65519    3.90051     3.64007e+00
   0.96024    3.66029    3.90387     3.58537e+00
   0.96637    3.65740    3.90057     3.54975e+00
   0.97251    3.65525    3.89668     3.50701e+00
   0.97865    3.65951    3.89884     3.45500e+00
   0.98477    3.65051    3.89075     3.40664e+00
   0.99092    3.65372    3.89333     3.37174e+00
   0.99706    3.64733    3.88657     3.32808e+00
   1.00320    3.65213    3.88825     3.27722e+00
   1.00934    3.65015    3.88237     3.24177e+00
   1.01548    3.64500    3.87792     3.20638e+00
   1.02161    3.64827    3.87509     3.16801e+00
   1.02774    3.64770    3.87736     3.13566e+00
   1.03387    3.64470    3.87139     3.09878e+00
   1.04001    3.64701    3.86991     3.06035e+00
   1.04616    3.64627    3.86636     3.02519e+00
   1.05230    3.63869    3.86196     2.98972e+00
   1.05843    3.64396    3.86392     2.94691e+00
   1.06456    3.64220    3.85812     2.91331e+00
   1.07070    3.64427    3.86005     2.86571e+00
   1.07684    3.63710    3.85039     2.84520e+00
   1.08297    3.63948    3.84952     2.81384e+00
   1.08909    3.63398    3.84443     2.77897e+00
   1.09522    3.63430    3.84037     2.76124e+00
   1.10136    3.63872    3.84219     2.72257e+00
   1.10751    3.63171    3.83376     2.69815e+00
   1.11364    3.62622    3.82557     2.66946e+00
   1.11977    3.62634    3.82105     2.64076e+00
   1.12592    3.62816    3.82166     2.60070e+00
   1.13206    3.62272    3.81462     2.57638e+00
   1.13819    3.62172    3.81129     2.54751e+00
   1.14433    3.62159    3.81025     2.51518e+00
   1.15048    3.61521    3.79966     2.48693e+00
   1.15661    3.62266    3.80284     2.47057e+00
   1.16274    3.61305    3.79335     2.43930e+00
   1.16886    3.61957    3.79659     2.41858e+00
   1.17500    3.61646    3.78955     2.38879e+00
   1.18114    3.61252    3.78304     2.36447e+00
   1.18727    3.61106    3.77790     2.32830e+00
   1.19341    3.61006    3.77524     2.31052e+00
   1.19955    3.60116    3.76199     2.29574e+00
   1.20570    3.60620    3.76397     2.27220e+00
   1.21182    3.59316    3.74967     2.23815e+00
   1.21795    3.60150    3.75285     2.23350e+00
   1.22409    3.59887    3.74743     2.20325e+00
   1.23023    3.59243    3.73789     2.17792e+00
   1.23636    3.59256    3.73586     2.15401e+00
   1.24250    3.59406    3.73202     2.14140e+00
   1.24864    3.58503    3.71994     2.12181e+00
   1.25477    3.58495    3.71743     2.09326e+00
   1.26091    3.58239    3.71081     2.07629e+00
   1.26706    3.57967    3.70330     2.05307e+00
   1.27319    3.58095    3.70519     2.04183e+00
   1.27932    3.57563    3.69298     2.01845e+00
   1.28545    3.57436    3.69007     2.00420e+00
   1.29159    3.57101    3.68270     1.98549e+00
   1.29772    3.56445    3.67002     1.95719e+00
   1.30385    3.56919    3.67288     1.94455e+00
   1.31000    3.56282    3.66246     1.92128e+00
   1.31614    3.56338    3.65953     1.90471e+00
   1.32227    3.56407    3.65347     1.88877e+00
   1.32840    3.56050    3.64837     1.87901e+00
   1.33454    3.55530    3.63712     1.85189e+00
   1.34068    3.55276    3.63231     1.84382e+00
   1.34682    3.55273    3.62725     1.82344e+00
   1.35294    3.54432    3.61558     1.80667e+00
   1.35908    3.54247    3.61021     1.78339e+00
   1.36522    3.53986    3.60311     1.77198e+00
   1.37136    3.54173    3.60259     1.76233e+00
   1.37750    3.53255    3.58733     1.73973e+00
   1.38363    3.53246    3.58078     1.72377e+00
   1.38977    3.53355    3.58036     1.71071e+00
   1.39590    3.52521    3.56670     1.69914e+00
   1.40204    3.52596    3.56420     1.68485e+00
   1.40818    3.51921    3.55164     1.66613e+00
   1.41431    3.52022    3.54651     1.65491e+00
   1.42044    3.51440    3.53592     1.64093e+00
   1.42658    3.51485    3.53411     1.62786e+00
   1.43273    3.50708    3.52148     1.61050e+00
   1.43886    3.51203    3.52185     1.59945e+00
   1.44499    3.50123    3.50650     1.59081e+00
   1.45113    3.50361    3.50279     1.57290e+00
   1.45726    3.49677    3.49070     1.55630e+00
   1.46338    3.49842    3.48844     1.54615e+00
   1.46952    3.49158    3.47809     1.53370e+00
   1.47566    3.49176    3.47236     1.51945e+00
   1.48180    3.48448    3.45846     1.50978e+00
   1.48794    3.48720    3.45640     1.49851e+00
   1.49408    3.47876    3.44199     1.48166e+00
   1.50023    3.47773    3.43592     1.47440e+00
   1.50636    3.47455    3.42680     1.46420e+00
   1.51249    3.47214    3.41875     1.45156e+00
   1.51863    3.46679    3.40674     1.43934e+00
   1.52477    3.46282    3.39915     1.42685e+00
   1.53089    3.46056    3.39186     1.41998e+00
   1.53703    3.45865    3.38454     1.40458e+00
   1.54317    3.45448    3.37622     1.39652e+00
   1.54931    3.45332    3.36766     1.38227e+00
   1.55543    3.44632    3.35303     1.37128e+00
   1.56157    3.44619    3.34890     1.35903e+00
   1.56772    3.43904    3.33491     1.34900e+00
   1.57385    3.43427    3.32605     1.34197e+00
   1.57998    3.43087    3.31624     1.33402e+00
   1.58612    3.43042    3.30936     1.32051e+00
   1.59225    3.42222    3.29782     1.31039e+00
   1.59839    3.42305    3.28997     1.30182e+00
   1.60452    3.41791    3.27452     1.28875e+00
   1.61065    3.41549    3.26940     1.28326e+00
   1.61679    3.41015    3.25699     1.27012e+00
   1.62293    3.40554    3.24561     1.26166e+00
   1.62907    3.40653    3.23948     1.25568e+00
   1.63521    3.39868    3.22661     1.24422e+00
   1.64133    3.39457    3.21506     1.23335e+00
   1.64748    3.39276    3.20663     1.22932e+00
   1.65362    3.39205    3.19833     1.21883e+00
   1.65975    3.38352    3.18619     1.20859e+00
   1.66588    3.37892    3.17264     1.20146e+00
   1.67203    3.37749    3.16424     1.19323e+00
   1.67816    3.37761    3.16011     1.18448e+00
   1.68430    3.36970    3.14264     1.17466e+00
   1.69043    3.36776    3.13444     1.16832e+00
   1.69657    3.36204    3.12112     1.15911e+00
   1.70271    3.35707    3.10844     1.15205e+00
   1.70884    3.35489    3.09950     1.14837e+00
   1.71498    3.35448    3.09160     1.13376e+00
   1.72111    3.34752    3.07576     1.12769e+00
   1.72724    3.34190    3.06325     1.11984e+00
   1.73338    3.33862    3.05468     1.11250e+00
   1.73952    3.33564    3.04113     1.10204e+00
   1.74565    3.32900    3.02706     1.09443e+00
   1.75179    3.32941    3.02253     1.09015e+00
   1.75793    3.32364    3.00696     1.08150e+00
   1.76406    3.31950    2.99437     1.07439e+00
   1.77019    3.31247    2.97939     1.06822e+00
   1.77633    3.31442    2.97379     1.05988e+00
   1.78247    3.30760    2.95842     1.05463e+00
   1.78860    3.30589    2.95089     1.04789e+00
   1.79474    3.29772    2.93336     1.04044e+00
   1.80088    3.29421    2.92087     1.03402e+00
   1.80702    3.28848    2.90685     1.02858e+00
   1.81315    3.28521    2.89306     1.02124e+00
   1.81929    3.28615    2.88719     1.01523e+00
   1.82542    3.27850    2.87211     1.00696e+00
   1.83156    3.26773    2.84901     1.00108e+00
   1.83770    3.26865    2.84077     9.94055e-01
   1.84383    3.26484    2.83052     9.87484e-01
   1.84996    3.26033    2.81667     9.83470e-01
   1.85610    3.25676    2.80231     9.73855e-01
   1.86224    3.25080    2.79006     9.72213e-01
   1.86837    3.24776    2.77692     9.64822e-01
   1.87450    3.24059    2.76145     9.61053e-01
   1.88064    3.23856    2.74743     9.50289e-01
   1.88678    3.23480    2.73215     9.45351e-01
   1.89291    3.22667    2.71502     9.40429e-01
   1.89904    3.22575    2.70593     9.34843e-01
   1.90518    3.22433    2.69556     9.27941e-01
   1.91132    3.21690    2.67949     9.22027e-01
   1.91746    3.21401    2.66463     9.19117e-01
   1.92360    3.20749    2.64739     9.12606e-01
   1.92974    3.20563    2.63444     9.05603e-01
   1.93588    3.19859    2.61969     9.02670e-01
   1.94201    3.19368    2.60165     8.94965e-01
   1.94814    3.19153    2.59067     8.89680e-01
   1.95428    3.18868    2.57621     8.83163e-01
   1.96041    3.17989    2.55468     8.76596e-01
   1.96654    3.17822    2.54293     8.73156e-01
   1.97268    3.16903    2.52397     8.69385e-01
   1.97882    3.16652    2.51066     8.65840e-01
   1.98496    3.16462    2.49751     8.59300e-01
   1.99109    3.16155    2.48151     8.53530e-01
   1.99722    3.15334    2.46230     8.49491e-01
   2.00336    3.14922    2.44885     8.47024e-01
   2.00950    3.14171    2.42788     8.39962e-01
   2.01564    3.13937    2.41377     8.34022e-01
   2.02178    3.13750    2.40135     8.30791e-01
   2.02792    3.12821    2.37813     8.24485e-01
   2.03405    3.12361    2.35914     8.19494e-01
   2.04017    3.12116    2.34498     8.15962e-01
   2.04631    3.11462    2.32265     8.10359e-01
   2.05245    3.11191    2.31372     8.07095e-01
   2.05858    3.10692    2.29338     8.02739e-01
   2.06472    3.10114    2.27487     7.98153e-01
   2.07085    3.09832    2.26016     7.93908e-01
   2.07699    3.09149    2.24084     7.90987e-01
   2.08313    3.08521    2.21617     7.83581e-01
   2.08927    3.08186    2.20185     7.79316e-01
   2.09541    3.07564    2.17772     7.75218e-01
   2.10154    3.07359    2.16250     7.71183e-01
   2.10768    3.07063    2.15048     7.69251e-01
   2.11382    3.06185    2.12189     7.63315e-01
   2.11995    3.05641    2.10124     7.58865e-01
   2.12609    3.05462    2.08820     7.56137e-01
   2.13222    3.04661    2.06333     7.51587e-01
   2.13835    3.04039    2.03974     7.46529e-01
   2.14449    3.03704    2.02141     7.42372e-01
   2.15063    3.03226    1.99831     7.38873e-01
   2.15676    3.02387    1.97249     7.34747e-01
   2.16290    3.02521    1.96642     7.32849e-01
   2.16904    3.01951    1.93844     7.27489e-01
   2.17517    3.01643    1.92560     7.24689e-01
   2.18131    3.00764    1.89050     7.19091e-01
   2.18745    3.00202    1.87145     7.15806e-01
   2.19358    2.99956    1.85265     7.12997e-01
   2.19971    2.98983    1.81988     7.08555e-01
   2.20584    2.98821    1.80319     7.05376e-01
   2.21198    2.98798    1.78745     7.02328e-01
   2.21812    2.97631    1.75202     6.98512e-01
   2.22425    2.97372    1.72950     6.93872e-01
   2.23039    2.96882    1.70524     6.89566e-01
   2.23653    2.96232    1.68258     6.88179e-01
   2.24267    2.95500    1.65324     6.84900e-01
   2.24880    2.95284    1.63447     6.81899e-01
   2.25493    2.94395    1.59406     6.75772e-01
   2.26107    2.93986    1.57301     6.74060e-01
   2.26722    2.93488    1.54521     6.70627e-01
   2.27335    2.92870    1.51512     6.67441e-01
   2.27948    2.92193    1.47986     6.64109e-01
   2.28561    2.92054    1.46260     6.60597e-01
   2.29176    2.91320    1.42993     6.58005e-01
   2.29790    2.90781    1.39790     6.54426e-01
   2.30403    2.90455    1.35698     6.48330e-01
   2.31016    2.89833    1.33508     6.47841e-01
   2.31630    2.89332    1.29971     6.43063e-01
   2.32244    2.88652    1.26430     6.41337e-01
   2.32857    2.88436    1.24415     6.39475e-01
   2.33471    2.87695    1.19466     6.35105e-01
   2.34084    2.87060    1.15636     6.31691e-01
   2.34697    2.86656    1.12288     6.29511e-01
   2.35311    2.86045    1.08535     6.26421e-01
   2.35925    2.85505    1.04021     6.23461e-01
   2.36539    2.84879    0.99783     6.20516e-01
   2.37153    2.84293    0.95748     6.18007e-01
   2.37766    2.83761    0.90184     6.14283e-01
   2.38379    2.83291    0.86012     6.12145e-01
   2.38993    2.82656    0.79730     6.08656e-01
   2.39607    2.82000    0.73543     6.05212e-01
   2.40220    2.81397    0.67117     6.02891e-01
   2.40834    2.80943    0.60295     5.99649e-01
   2.41448    2.80184    0.50882     5.96645e-01
   2.42061    2.79914    0.44952     5.94644e-01
   2.42674    2.79322    0.33939     5.91851e-01
   2.43288    2.79078    0.21420     5.89897e-01
   2.43901    2.78189    0.26982     5.86423e-01
   2.44515    2.77402    0.38872     5.84561e-01
   2.45129    2.77076    0.50111     5.80826e-01
   2.45742    2.76645    0.54423     5.80319e-01
   2.46356    2.75939    0.64996     5.75919e-01
   2.46970    2.75424    0.72070     5.72373e-01
   2.47583    2.74935    0.75960     5.71672e-01
   2.48197    2.74316    0.82441     5.67901e-01
   2.48811    2.73633    0.87352     5.66242e-01
   2.49424    2.73488    0.91879     5.62984e-01
   2.50037    2.72397    0.98122     5.60890e-01
   2.50651    2.72096    1.01110     5.58711e-01
   2.51265    2.71578    1.05357     5.56291e-01
   2.51878    2.70791    1.09453     5.54483e-01
   2.52492    2.70664    1.12944     5.51417e-01
   2.53106    2.69696    1.17641     5.48770e-01
   2.53719    2.69269    1.21171     5.46376e-01
   2.54332    2.68799    1.25074     5.43091e-01
   2.54946    2.68055    1.28091     5.41840e-01
   2.55560    2.67379    1.31994     5.39378e-01
   2.56173    2.66697    1.36120     5.35785e-01
   2.56786    2.66164    1.38205     5.34945e-01
   2.57400    2.65395    1.42408     5.31867e-01
   2.58014    2.64950    1.45483     5.29165e-01
   2.58627    2.64576    1.47270     5.28277e-01
   2.59241    2.63936    1.50832     5.25183e-01
   2.59855    2.63247    1.53584     5.23279e-01
   2.60469    2.62678    1.56529     5.21258e-01
   2.61083    2.62074    1.59298     5.18805e-01
   2.61697    2.61592    1.62204     5.16089e-01
   2.62310    2.60921    1.64972     5.14507e-01
   2.62924    2.60482    1.66780     5.12800e-01
   2.63537    2.59433    1.69916     5.11175e-01
   2.64150    2.58995    1.73294     5.07358e-01
   2.64763    2.58654    1.75097     5.05769e-01
   2.65377    2.58138    1.77516     5.03575e-01
   2.65991    2.57330    1.80516     5.01273e-01
   2.66605    2.56582    1.82362     5.00561e-01
   2.67219    2.55975    1.84926     4.98066e-01
   2.67831    2.55354    1.87246     4.96481e-01
   2.68445    2.54804    1.89677     4.94155e-01
   2.69059    2.54404    1.92238     4.90951e-01
   2.69673    2.53667    1.94633     4.88976e-01
   2.70287    2.52976    1.96897     4.87644e-01
   2.70900    2.52497    1.98744     4.85876e-01
   2.71514    2.51633    2.00951     4.84279e-01
   2.72127    2.51162    2.03404     4.81833e-01
   2.72740    2.50595    2.05730     4.79471e-01
   2.73354    2.50249    2.06694     4.78879e-01
   2.73968    2.49410    2.09404     4.76528e-01
   2.74582    2.48714    2.11366     4.75075e-01
   2.75194    2.47981    2.13526     4.72736e-01
   2.75808    2.47337    2.15358     4.71304e-01
   2.76422    2.46930    2.17636     4.68878e-01
   2.77036    2.46344    2.19344     4.67470e-01
   2.77650    2.45692    2.21151     4.66131e-01
   2.78263    2.44861    2.24043     4.63049e-01
   2.78877    2.44378    2.26204     4.60402e-01
   2.79490    2.43620    2.27547     4.59993e-01
   2.80104    2.43397    2.29096     4.58330e-01
   2.80718    2.42705    2.30672     4.56770e-01
   2.81331    2.42022    2.32923     4.54521e-01
   2.81945    2.41503    2.34395     4.53408e-01
   2.82558    2.40559    2.36466     4.51609e-01
   2.83171    2.39988    2.38451     4.49815e-01
   2.83785    2.39536    2.40259     4.47788e-01
   2.84399    2.38778    2.41828     4.46463e-01
   2.85012    2.38252    2.43627     4.44810e-01
   2.85626    2.37651    2.45624     4.42333e-01
   2.86240    2.36831    2.47487     4.40881e-01
   2.86853    2.36467    2.48614     4.39918e-01
   2.87467    2.35833    2.50589     4.37695e-01
   2.88081    2.35278    2.52203     4.36257e-01
   2.88694    2.34441    2.53805     4.34908e-01
   2.89308    2.33699    2.55610     4.33476e-01
   2.89922    2.33250    2.57209     4.31532e-01
   2.90535    2.32677    2.59234     4.29350e-01
   2.91148    2.31823    2.60394     4.28714e-01
   2.91762    2.31380    2.61936     4.27018e-01
   2.92376    2.30729    2.63467     4.25579e-01
   2.92989    2.30142    2.65215     4.23753e-01
   2.93602    2.29443    2.66744     4.22264e-01
   2.94216    2.28824    2.68500     4.20373e-01
   2.94830    2.28228    2.69981     4.18951e-01
   2.95443    2.27636    2.71333     4.17667e-01
   2.96057    2.26962    2.72911     4.15962e-01
   2.96671    2.26256    2.74619     4.14560e-01
   2.97285    2.25836    2.76134     4.12774e-01
   2.97898    2.24987    2.77126     4.12397e-01
   2.98511    2.24271    2.79145     4.10225e-01
   2.99125    2.23551    2.80356     4.09137e-01
   2.99739    2.22902    2.82197     4.07155e-01
   3.00353    2.22475    2.83335     4.05755e-01
   3.00966    2.21596    2.84679     4.04794e-01
   3.01580    2.21100    2.86250     4.03095e-01
   3.02193    2.20440    2.87153     4.02567e-01
   3.02807    2.19670    2.89122     4.00575e-01
   3.03421    2.19094    2.90641     3.98761e-01
   3.04034    2.18503    2.91734     3.97853e-01
   3.04648    2.17603    2.93396     3.96049e-01
   3.05261    2.17172    2.94840     3.94441e-01
   3.05875    2.16651    2.96217     3.92935e-01
   3.06488    2.16107    2.97190     3.92006e-01
   3.07102    2.15559    2.98356     3.90926e-01
   3.07715    2.14736    3.00160     3.88890e-01
   3.08329    2.14169    3.01218     3.87927e-01
   3.08942    2.13553    3.02644     3.86483e-01
   3.09556    2.12639    3.03955     3.85387e-01
   3.10170    2.11992    3.05073     3.84347e-01
   3.10783    2.11413    3.06410     3.82919e-01
   3.11397    2.10825    3.07722     3.81635e-01
   3.12011    2.10026    3.09207     3.79967e-01
   3.12625    2.09441    3.10354     3.78951e-01
   3.13238    2.08726    3.11460     3.77853e-01
   3.13851    2.08250    3.13077     3.75949e-01
